state	year	precinct_code	precinct	g2008_REG_tv	g2008_USP_tv	g2008_USP_dv	g2008_USP_rv	g2008_USS_tv	g2008_USS_dv	g2008_USS_rv	g2008_USH_tv	g2008_USH_dv	g2008_USH_rv	g2008_STS_tv	g2008_STS_dv	g2008_STS_rv	g2008_STH_tv	g2008_STH_dv	g2008_STH_rv
"AK"	2008	"01-000"	"District 1 - Absentee"	11174	1891	816	1013	1780	829	813	1788	764	927	1319		1241	1326		1261
"AK"	2008	"01-000"	"District 1 - Early Voting"	11174	12	6	5	13	5	8	13	7	6	10		10	8		8
"AK"	2008	"01-000"	"District 1 - Question"	11174	442	168	261	365	165	166	366	141	193	259		253	249		245
"AK"	2008	"01-110"	"01-110 Ketchikan No. 1"	2152	726	322	374	715	369	303	715	333	337	596		567	609		582
"AK"	2008	"01-120"	"01-120 Ketchikan No. 2"	2294	964	368	559	952	404	495	948	363	526	790		768	808		784
"AK"	2008	"01-130"	"01-130 Ketchikan No. 3"	1664	692	228	447	689	286	350	689	248	408	610		592	604		588
"AK"	2008	"01-140"	"01-140 North Tongass No. 1"	846	359	89	262	355	112	218	355	98	238	318		310	317		307
"AK"	2008	"01-150"	"01-150 North Tongass No. 2"	1654	758	220	519	744	310	405	753	250	478	638		627	637		626
"AK"	2008	"01-160"	"01-160 Saxman"	281	147	83	60	147	80	54	147	68	64	128		119	130		122
"AK"	2008	"01-170"	"01-170 South Tongass"	1572	680	233	430	678	271	370	672	244	403	570		551	584		563
"AK"	2008	"01-180"	"01-180 Thorne Bay"	551	217	44	161	213	59	120	213	59	137	183		180	178		173
"AK"	2008	"01-185"	"01-185 Coffman Cove"	160	82	20	58	79	22	50	82	16	63	70		68	70		68
"AK"	2008	"02-000"	"District 2 - Absentee"	11755	2167	1070	1042	2077	1153	794	2081	1070	903	1564		1485	2006	884	1113
"AK"	2008	"02-000"	"District 2 - Early Voting"	11755	21	9	12	19	11	6	21	10	8	19		19	20	5	15
"AK"	2008	"02-000"	"District 2 - Question"	11755	249	93	147	189	100	68	188	66	101	88		84	97	51	46
"AK"	2008	"02-210"	"02-210 Sitka No. 1"	2379	986	512	438	968	612	316	969	561	371	826		775	974	528	443
"AK"	2008	"02-220"	"02-220 Sitka No. 2"	2145	955	470	461	946	539	368	946	482	428	773		739	950	478	468
"AK"	2008	"02-230"	"02-230 Halibut Point"	1278	582	266	300	575	345	202	576	314	230	483		459	576	287	289
"AK"	2008	"02-240"	"02-240 Sawmill Creek"	1402	647	319	301	641	377	240	643	361	261	536		515	642	337	302
"AK"	2008	"02-250"	"02-250 Petersburg/Kupreanof"	2661	1179	465	675	1151	588	501	1162	537	582	949		929	1159	389	765
"AK"	2008	"02-260"	"02-260 Wrangell"	1618	853	231	599	838	321	467	845	271	540	750		741	851	147	704
"AK"	2008	"02-285"	"02-285 Pelican/Elfin Cove"	205	72	21	43	72	32	32	74	35	36	57		54	68	18	49
"AK"	2008	"02-295"	"02-295 Port Alexander"	67	24	12	11	23	13	9	22	8	12	15		15	22	8	14
"AK"	2008	"03-000"	"District 3 - Absentee"	12802	2463	1777	613	2388	1775	531	2367	1763	541				2028	1942	
"AK"	2008	"03-000"	"District 3 - Early Voting"	12802	822	578	229	819	620	180	817	615	181				702	675	
"AK"	2008	"03-000"	"District 3 - Question"	12802	559	335	196	477	316	120	481	290	143				209	203	
"AK"	2008	"03-300"	"03-300 Douglas"	1823	761	487	247	754	523	213	753	520	219				654	618	
"AK"	2008	"03-310"	"03-310 Juneau No. 1"	980	324	227	84	322	253	59	322	248	67				291	278	
"AK"	2008	"03-320"	"03-320 Juneau No. 2"	1057	351	291	49	346	289	49	348	299	45				314	304	
"AK"	2008	"03-330"	"03-330 Juneau No. 3"	1517	616	464	132	616	493	103	612	486	114				555	542	
"AK"	2008	"03-340"	"03-340 Juneau No. 4"	1492	557	322	222	551	353	183	552	346	192				471	438	
"AK"	2008	"03-350"	"03-350 Juneau Airport Area"	1374	522	215	283	521	291	201	516	272	223				426	396	
"AK"	2008	"03-360"	"03-360 Lemon Creek"	1233	508	223	262	506	309	177	508	277	217				440	421	
"AK"	2008	"03-370"	"03-370 North Douglas"	1393	596	371	210	596	414	169	592	408	174				526	502	
"AK"	2008	"03-380"	"03-380 Salmon Creek"	1009	387	224	155	383	266	108	383	259	117				333	319	
"AK"	2008	"03-390"	"03-390 Switzer Creek"	924	301	143	147	299	179	109	299	164	122				256	245	
"AK"	2008	"04-000"	"District 4 - Absentee"	12662	1518	829	654	1435	882	488	1433	848	535				1335	653	672
"AK"	2008	"04-000"	"District 4 - Early Voting"	12662	1734	968	723	1720	1152	513	1711	1097	574				1715	944	769
"AK"	2008	"04-000"	"District 4 - Question"	12662	487	224	246	408	222	159	407	198	176				218	103	115
"AK"	2008	"04-410"	"04-410 Mendenhall Valley No. 1"	2277	787	310	451	782	441	301	779	405	340				774	346	427
"AK"	2008	"04-420"	"04-420 Mendenhall Valley No. 2"	2401	817	295	493	805	430	339	809	379	394				809	355	451
"AK"	2008	"04-430"	"04-430 Mendenhall Valley No. 3"	2192	928	362	532	924	506	372	918	450	439				920	383	537
"AK"	2008	"04-440"	"04-440 Mendenhall Valley No. 4"	2568	1062	443	580	1050	576	425	1052	524	481				1047	418	627
"AK"	2008	"04-450"	"04-450 Auke Bay/Fritz Cove"	2013	811	422	363	803	473	290	803	457	305				801	390	411
"AK"	2008	"04-460"	"04-460 Lynn Canal"	1211	592	308	260	589	368	207	589	364	210				589	283	306
"AK"	2008	"05-000"	"District 5 - Absentee"	11058	1890	970	841	1845	1045	633	1846	1009	702	1640	1156		1723	786	929
"AK"	2008	"05-000"	"District 5 - Early Voting"	11058	75	37	32	76	44	28	75	37	33	68	46		75	27	48
"AK"	2008	"05-000"	"District 5 - Question"	11058	247	108	124	172	88	67	172	71	79	61	41		61	20	41
"AK"	2008	"05-500"	"05-500 Angoon"	478	189	109	70	191	139	43	189	103	74	179	139		189	67	122
"AK"	2008	"05-502"	"05-502 Cordova"	1770	789	328	441	783	408	338	783	400	352	721	527		764	247	517
"AK"	2008	"05-504"	"05-504 Craig"	974	462	199	229	454	250	161	450	199	215	419	269		441	173	267
"AK"	2008	"05-506"	"05-506 Gustavus"	472	200	118	76	197	124	57	194	115	66	180	125		191	93	97
"AK"	2008	"05-510"	"05-510 Haines No. 1"	1988	913	400	478	903	497	357	897	426	416	854	686		902	328	573
"AK"	2008	"05-512"	"05-512 Haines Highway"	305	151	67	79	152	86	54	149	81	59	135	112		149	55	94
"AK"	2008	"05-514"	"05-514 Hoonah"	712	332	156	168	329	197	114	328	171	137	325	187		326	86	240
"AK"	2008	"05-516"	"05-516 Hydaburg"	251	97	70	23	97	71	24	96	58	36	95	77		96	53	41
"AK"	2008	"05-518"	"05-518 Kake"	412	178	84	86	177	116	51	173	95	70	175	148		176	43	133
"AK"	2008	"05-525"	"05-525 Kasaan"	47	21	10	8	21	12	8	20	6	12	21	17		18	5	13
"AK"	2008	"05-530"	"05-530 Klawock"	877	268	111	140	266	122	124	264	102	144	245	164		260	94	164
"AK"	2008	"05-535"	"05-535 Klukwan"	82	49	15	33	49	19	28	48	14	32	49	46		50	5	45
"AK"	2008	"05-540"	"05-540 Metlakatla"	949	528	227	285	519	242	250	519	160	323	506	451		515	171	342
"AK"	2008	"05-550"	"05-550 Skagway"	986	393	214	155	392	236	125	387	228	127	371	288		380	143	233
"AK"	2008	"05-556"	"05-556 Tatitlek"	140	24	12	12	24	13	11	24	10	13	24	21		23	11	12
"AK"	2008	"05-565"	"05-565 Tenakee"	139	60	32	25	60	38	17	61	39	17	56	40		57	28	29
"AK"	2008	"05-570"	"05-570 Yakutat"	476	257	126	121	255	143	91	254	118	117	244	171		244	110	133
"AK"	2008	"06-000"	"District 6 - Absentee"	10594	1435	442	932	1399	579	663	1395	530	733	1158	588		1256	552	693
"AK"	2008	"06-000"	"District 6 - Early Voting"	10594	173	79	90	174	87	73	172	89	74	152	111		167	117	50
"AK"	2008	"06-000"	"District 6 - Question"	10594	424	161	244	323	172	131	319	123	169	101	69		101	67	34
"AK"	2008	"06-505"	"06-505 Allakaket"	129	64	35	26	65	53	11	65	42	15	65	60		65	60	5
"AK"	2008	"06-510"	"06-510 Aniak"	328	148	64	82	147	81	64	147	75	70	136	89		144	77	67
"AK"	2008	"06-515"	"06-515 Anvik"	60	29	9	18	29	18	11	29	10	19	29	24		29	21	7
"AK"	2008	"06-520"	"06-520 Arctic Village"	100	66	49	15	67	63	3	67	60	6	67	63		67	66	1
"AK"	2008	"06-525"	"06-525 Beaver"	64	27	20	4	27	16	8	27	18	7	27	26		27	20	7
"AK"	2008	"06-530"	"06-530 Bettles"	104	21	13	7	21	10	10	20	9	9	17	13		19	12	7
"AK"	2008	"06-533"	"06-533 Central"	181	50	12	35	49	16	28	50	15	31	42	19		50	19	31
"AK"	2008	"06-537"	"06-537 Chistochina"	240	102	17	84	101	29	69	101	23	75	90	37		95	32	63
"AK"	2008	"06-540"	"06-540 Chuathbaluk"	60	28	12	15	27	17	6	28	11	12	28	21		28	13	14
"AK"	2008	"06-542"	"06-542 Circle"	68	36	11	25	36	24	12	36	21	12	36	32		36	32	4
"AK"	2008	"06-543"	"06-543 Copper Center"	820	283	65	211	280	109	151	278	105	155	255	143		273	113	157
"AK"	2008	"06-545"	"06-545 Crooked Creek"	68	35	21	12	34	20	12	34	17	15	32	24		35	20	15
"AK"	2008	"06-546"	"06-546 Deltana"	1528	670	105	551	660	181	412	664	156	455	569	167		643	143	497
"AK"	2008	"06-547"	"06-547 Dot Lake"	110	40	7	30	40	14	26	40	13	24	32	15		36	20	16
"AK"	2008	"06-550"	"06-550 Eagle"	231	90	26	59	89	30	45	88	30	50	81	39		88	51	37
"AK"	2008	"06-555"	"06-555 Fort Yukon"	468	198	94	100	199	127	66	197	113	80	186	175		199	150	49
"AK"	2008	"06-557"	"06-557 Gakona"	298	144	32	107	142	52	87	141	41	95	112	58		132	54	78
"AK"	2008	"06-560"	"06-560 Galena"	365	204	78	123	199	74	118	205	78	118	194	164		201	126	75
"AK"	2008	"06-565"	"06-565 Grayling"	115	53	10	38	53	23	29	53	19	31	50	40		52	44	8
"AK"	2008	"06-570"	"06-570 Holy Cross"	125	63	33	29	63	44	19	63	39	23	60	56		62	55	7
"AK"	2008	"06-575"	"06-575 Hughes"	62	30	19	11	30	18	10	30	16	10	30	29		30	25	5
"AK"	2008	"06-580"	"06-580 Huslia"	164	97	62	34	97	66	27	97	55	34	96	88		96	74	22
"AK"	2008	"06-590"	"06-590 Kaltag"	129	76	40	34	75	55	20	75	37	33	74	67		74	64	10
"AK"	2008	"06-593"	"06-593 Kenny Lake"	430	204	55	140	198	76	104	202	72	110	163	81		195	69	126
"AK"	2008	"06-595"	"06-595 Koyukuk"	63	37	31	6	37	30	6	37	23	11	37	36		37	33	4
"AK"	2008	"06-605"	"06-605 Manley Hot Springs"	118	39	10	28	38	11	22	39	10	23	33	12		35	18	17
"AK"	2008	"06-607"	"06-607 Marshall"	182	94	53	35	94	76	16	94	50	37	89	72		91	63	28
"AK"	2008	"06-610"	"06-610 McGrath"	333	136	47	87	137	54	79	136	56	74	130	83		133	67	66
"AK"	2008	"06-613"	"06-613 Mentasta"	84	38	17	18	37	24	10	38	19	15	36	26		37	29	8
"AK"	2008	"06-615"	"06-615 Minto"	151	75	22	50	76	50	22	76	40	26	74	73		76	70	6
"AK"	2008	"06-620"	"06-620 Nenana"	606	315	86	220	311	117	165	308	104	172	282	145		305	115	189
"AK"	2008	"06-625"	"06-625 Nikolai"	71	47	17	27	45	28	15	44	24	17	43	37		44	34	10
"AK"	2008	"06-627"	"06-627 Northway"	240	85	26	59	84	33	49	86	25	59	81	74		84	67	17
"AK"	2008	"06-630"	"06-630 Nulato"	189	98	50	42	98	77	17	98	55	37	94	84		97	85	12
"AK"	2008	"06-650"	"06-650 Ruby"	132	66	38	28	66	38	28	65	35	24	63	57		65	54	11
"AK"	2008	"06-655"	"06-655 Russian Mission"	176	99	60	33	99	54	39	99	44	44	93	69		97	68	29
"AK"	2008	"06-660"	"06-660 Shageluk"	71	33	11	21	33	26	7	33	22	10	30	28		31	28	3
"AK"	2008	"06-665"	"06-665 Sleetmute"	125	37	7	27	37	19	15	37	11	24	33	19		36	20	16
"AK"	2008	"06-675"	"06-675 Stevens Village"	80	16	13	3	16	15	1	16	11	2	16	16		16	15	1
"AK"	2008	"06-680"	"06-680 Takotna"	44	15	2	11	16	9	6	16	9	6	15	11		15	13	2
"AK"	2008	"06-683"	"06-683 Tanacross"	104	68	29	37	68	53	12	67	40	22	67	64		67	60	7
"AK"	2008	"06-685"	"06-685 Tanana"	191	90	65	22	91	60	28	90	50	29	88	79		88	81	7
"AK"	2008	"06-687"	"06-687 Tetlin"	73	32	26	6	32	20	11	32	14	16	30	27		32	31	1
"AK"	2008	"06-688"	"06-688 Tok"	1082	499	105	373	488	189	261	488	165	289	426	211		474	154	318
"AK"	2008	"06-695"	"06-695 Tyonek"	104	48	26	18	47	31	15	47	31	12	44	42		46	45	1
"AK"	2008	"06-700"	"06-700 Venetie"	128	67	39	27	67	46	21	67	38	25	59	54		66	57	9
"AK"	2008	"07-000"	"District 7 - Absentee"	14855	1733	833	854	1662	851	673	1655	857	686				1497	757	730
"AK"	2008	"07-000"	"District 7 - Early Voting"	14855	1725	987	698	1716	1096	539	1716	1116	532				1709	1128	574
"AK"	2008	"07-000"	"District 7 - Question"	14855	647	198	429	533	242	250	529	216	271				167	57	109
"AK"	2008	"07-210"	"07-210 Chatanika"	70	34	5	29	34	9	24	34	7	22				33	9	22
"AK"	2008	"07-225"	"07-225 Farmers Loop"	2862	1282	575	670	1274	638	572	1271	677	545				1272	712	557
"AK"	2008	"07-230"	"07-230 Fox"	936	498	134	346	494	169	263	491	179	271				488	207	280
"AK"	2008	"07-235"	"07-235 Goldstream #1"	1131	506	262	215	502	298	179	501	302	179				502	320	182
"AK"	2008	"07-240"	"07-240 Shanly"	1054	439	181	245	439	225	173	437	212	196				435	224	210
"AK"	2008	"07-245"	"07-245 Steele Creek/Gilmore"	2685	1194	334	825	1190	463	640	1185	439	671				1177	504	672
"AK"	2008	"07-250"	"07-250 Steese East"	1997	913	225	667	906	324	497	903	337	494				905	339	563
"AK"	2008	"07-255"	"07-255 Steese West"	3025	1343	400	909	1336	541	693	1329	556	691				1320	539	776
"AK"	2008	"07-260"	"07-260 Two Rivers"	1095	580	149	410	574	212	301	573	208	326				569	221	343
"AK"	2008	"08-000"	"District 8 - Absentee"	14356	2044	1174	807	1950	1197	599	1942	1171	660				1676	1099	568
"AK"	2008	"08-000"	"District 8 - Early Voting"	14356	1400	912	467	1396	971	376	1396	998	352				1364	1005	358
"AK"	2008	"08-000"	"District 8 - Question"	14356	602	224	354	505	250	198	508	235	217				162	92	68
"AK"	2008	"08-100"	"08-100 Anderson"	233	101	20	76	100	42	51	99	32	56				98	45	53
"AK"	2008	"08-110"	"08-110 Cantwell"	200	103	41	56	103	43	57	103	39	61				100	51	49
"AK"	2008	"08-115"	"08-115 Chena"	3511	1574	590	932	1565	698	775	1559	724	758				1531	841	683
"AK"	2008	"08-120"	"08-120 Clear"	265	81	17	59	81	32	42	82	31	42				79	40	39
"AK"	2008	"08-125"	"08-125 Denali Park"	344	111	93	18	110	92	14	109	92	15				108	93	15
"AK"	2008	"08-130"	"08-130 Ester"	1458	745	379	320	742	429	255	739	424	265				733	484	243
"AK"	2008	"08-132"	"08-132 Geist"	1608	675	258	398	673	319	314	671	325	323				659	362	296
"AK"	2008	"08-134"	"08-134 Goldstream #2"	1278	706	420	250	700	449	192	700	459	193				691	525	163
"AK"	2008	"08-136"	"08-136 Healy"	768	370	136	223	368	178	154	368	177	162				360	197	163
"AK"	2008	"08-138"	"08-138 Pike"	669	292	98	186	287	120	141	285	117	133				282	152	129
"AK"	2008	"08-140"	"08-140 University Campus"	840	165	103	52	161	100	48	161	106	46				158	100	58
"AK"	2008	"08-143"	"08-143 University Hills"	954	336	163	161	335	172	133	334	180	135				326	210	114
"AK"	2008	"08-145"	"08-145 University West"	2228	1015	367	624	1012	481	458	1012	462	502				989	540	448
"AK"	2008	"09-000"	"District 9 - Absentee"	11974	1336	594	707	1269	668	495	1275	625	566	1104	582	517	1069	546	519
"AK"	2008	"09-000"	"District 9 - Early Voting"	11974	1025	580	426	1017	634	342	1015	657	326	1011	656	353	1018	673	345
"AK"	2008	"09-000"	"District 9 - Question"	11974	613	234	351	497	243	202	495	222	232	209	133	76	130	82	48
"AK"	2008	"09-305"	"09-305 Airport"	395	148	33	108	148	53	83	147	52	81	147	69	77	147	56	90
"AK"	2008	"09-310"	"09-310 Aurora"	2517	861	272	570	850	374	430	846	373	429	835	430	404	848	434	413
"AK"	2008	"09-320"	"09-320 Fairbanks #1"	542	216	62	148	214	94	105	212	103	102	212	111	100	210	120	88
"AK"	2008	"09-330"	"09-330 Fairbanks #3"	1256	510	172	325	504	217	246	506	237	237	504	215	288	505	244	260
"AK"	2008	"09-335"	"09-335 Fairbanks #4"	988	395	117	263	398	165	203	392	164	201	391	183	207	393	175	217
"AK"	2008	"09-340"	"09-340 Fairbanks #5"	1138	563	154	398	562	211	330	560	232	304	557	264	293	560	211	349
"AK"	2008	"09-345"	"09-345 Fairbanks #6"	1526	466	192	264	463	245	188	461	235	202	456	240	214	459	246	211
"AK"	2008	"09-350"	"09-350 Fairbanks #7"	1807	551	236	294	544	273	226	546	258	255	537	295	240	544	306	237
"AK"	2008	"09-353"	"09-353 Fairbanks #10"	1805	459	159	287	455	193	235	456	191	243	452	239	211	450	211	237
"AK"	2008	"10-000"	"District 10 - Absentee"	11792	1507	617	840	1393	637	592	1394	593	692	1307	593	711	1274	569	689
"AK"	2008	"10-000"	"District 10 - Early Voting"	11792	764	394	362	759	459	249	758	440	274	748	451	295	747	427	315
"AK"	2008	"10-000"	"District 10 - Question"	11792	476	163	303	366	173	158	362	141	195	186	97	89	104	44	60
"AK"	2008	"10-325"	"10-325 Fairbanks #2"	925	295	98	179	292	141	122	289	128	135	283	150	131	284	144	139
"AK"	2008	"10-355"	"10-355 Fairbanks #8"	2160	774	264	492	762	337	370	761	340	377	748	376	371	757	341	414
"AK"	2008	"10-360"	"10-360 Fairbanks #9"	2395	990	290	675	984	403	515	985	396	532	981	488	493	989	461	525
"AK"	2008	"10-365"	"10-365 Fort Wainwright"	5440	522	176	338	513	270	184	505	245	237	502	236	264	499	217	278
"AK"	2008	"10-367"	"10-367 Lakeview"	872	287	72	203	286	104	164	286	103	166	287	115	170	287	124	162
"AK"	2008	"11-000"	"District 11 - Absentee"	14954	1565	366	1169	1448	467	765	1450	401	910				1349	272	1073
"AK"	2008	"11-000"	"District 11 - Early Voting"	14954	849	313	520	842	415	375	838	391	401				832	267	563
"AK"	2008	"11-000"	"District 11 - Question"	14954	881	173	689	689	251	367	688	201	426				349	53	292
"AK"	2008	"11-400"	"11-400 Badger #1"	1446	668	106	541	658	197	396	660	184	423				650	120	526
"AK"	2008	"11-405"	"11-405 Badger #2"	2239	1021	181	819	1012	376	564	1007	328	606				991	179	811
"AK"	2008	"11-410"	"11-410 Chena Lakes"	2530	1104	177	906	1088	327	641	1089	284	733				1076	151	920
"AK"	2008	"11-415"	"11-415 Moose Creek"	545	216	42	168	215	58	130	215	58	139				213	48	164
"AK"	2008	"11-420"	"11-420 Newby"	2124	908	129	760	894	256	545	899	220	613				890	122	764
"AK"	2008	"11-425"	"11-425 North Pole"	1519	587	120	455	588	211	329	584	195	344				579	120	459
"AK"	2008	"11-430"	"11-430 Plack"	2121	994	142	835	987	316	567	992	278	634				972	151	820
"AK"	2008	"11-435"	"11-435 Richardson"	2430	1073	175	874	1062	372	595	1070	332	670				1056	177	877
"AK"	2008	"12-000"	"District 12 - Absentee"	12697	2384	664	1658	2267	827	1188	2264	710	1402				2092	570	1514
"AK"	2008	"12-000"	"District 12 - Early Voting"	12697	112	36	74	110	48	51	112	55	53				110	39	71
"AK"	2008	"12-000"	"District 12 - Question"	12697	418	80	330	310	127	164	309	101	187				74	23	50
"AK"	2008	"12-010"	"12-010 Big Delta"	1054	551	89	444	543	153	340	546	133	367				541	108	432
"AK"	2008	"12-020"	"12-020 Delta Junction"	686	348	54	286	345	91	219	344	83	224				340	73	266
"AK"	2008	"12-025"	"12-025 Eielson"	4131	641	137	497	619	313	260	624	225	371				602	178	422
"AK"	2008	"12-030"	"12-030 Farm Loop"	830	406	110	286	399	152	223	401	148	241				386	124	262
"AK"	2008	"12-031"	"12-031 Glennallen"	707	282	57	222	276	74	172	277	64	198				278	53	225
"AK"	2008	"12-035"	"12-035 Salcha"	942	477	75	387	474	142	277	472	129	303				452	100	350
"AK"	2008	"12-043"	"12-043 Sheep Mountain"	326	120	24	93	121	33	83	121	33	87				117	29	88
"AK"	2008	"12-047"	"12-047 Sutton"	946	492	165	304	487	230	226	489	211	244				463	189	272
"AK"	2008	"12-050"	"12-050 Valdez #1"	1083	523	153	355	514	248	242	520	222	276				517	151	365
"AK"	2008	"12-055"	"12-055 Valdez #2"	833	339	108	215	330	141	169	332	138	176				332	86	244
"AK"	2008	"12-060"	"12-060 Valdez #3"	1159	496	162	316	494	234	238	490	199	268				485	139	341
"AK"	2008	"13-000"	"District 13 - Absentee"	15711	2750	849	1832	2653	1161	1332	2654	1066	1441	2451	613	1819	2442	822	1601
"AK"	2008	"13-000"	"District 13 - Early Voting"	15711	857	260	574	856	368	450	851	354	461	826	187	628	838	292	539
"AK"	2008	"13-000"	"District 13 - Question"	15711	911	198	689	801	329	398	798	246	486	419	68	350	305	92	212
"AK"	2008	"13-005"	"13-005 Fishhook"	1886	959	228	700	947	338	548	946	317	592	923	185	730	932	294	631
"AK"	2008	"13-010"	"13-010 Greater Palmer"	1979	898	190	688	895	327	516	890	298	546	870	176	690	874	279	590
"AK"	2008	"13-015"	"13-015 Lakes"	1837	785	129	636	778	250	481	775	205	522	757	110	637	760	166	586
"AK"	2008	"13-020"	"13-020 Mat-Su Campus"	797	369	74	286	367	114	229	367	110	247	362	65	295	360	90	269
"AK"	2008	"13-025"	"13-025 City of Palmer No. 1"	1802	703	213	475	697	306	347	691	275	379	675	183	489	686	250	435
"AK"	2008	"13-027"	"13-027 City of Palmer No. 2"	1995	793	178	597	791	302	433	788	267	483	780	149	627	783	221	558
"AK"	2008	"13-033"	"13-033 Palmer Fishhook"	1190	550	108	424	540	179	329	543	165	357	530	103	422	534	135	397
"AK"	2008	"13-035"	"13-035 Pioneer Peak"	1297	589	113	461	583	169	377	581	154	407	576	86	482	572	132	435
"AK"	2008	"13-040"	"13-040 Trunk"	2040	959	181	755	954	316	600	956	279	641	930	136	784	933	196	731
"AK"	2008	"13-045"	"13-045 Walby Lake"	888	403	79	315	401	143	239	398	128	251	392	66	325	399	98	301
"AK"	2008	"14-000"	"District 14 - Absentee"	14927	1567	364	1183	1465	499	865	1467	470	894	1282	246	1020	1213	282	926
"AK"	2008	"14-000"	"District 14 - Early Voting"	14927	1790	542	1201	1777	752	940	1773	720	981	1735	421	1298	1708	517	1182
"AK"	2008	"14-000"	"District 14 - Question"	14927	773	127	628	643	245	349	639	177	408	274	38	235	186	45	140
"AK"	2008	"14-050"	"14-050 Kings Lake"	2930	1322	215	1078	1310	425	796	1303	358	870	1275	193	1061	1265	222	1035
"AK"	2008	"14-055"	"14-055 Knik"	529	252	36	211	250	76	154	249	63	169	240	39	200	246	42	203
"AK"	2008	"14-060"	"14-060 Schrock"	3423	1566	267	1263	1557	539	934	1550	460	1015	1516	244	1262	1501	275	1222
"AK"	2008	"14-065"	"14-065 Seward Meridian"	1789	753	133	607	746	227	469	746	201	513	735	103	627	727	130	594
"AK"	2008	"14-070"	"14-070 Wasilla Lake"	1363	451	94	348	448	166	252	450	155	276	437	82	352	433	97	336
"AK"	2008	"14-075"	"14-075 Wasilla No. 1"	2511	1043	163	861	1037	322	662	1037	268	719	1008	168	830	995	187	805
"AK"	2008	"14-080"	"14-080 Wasilla No. 2"	2382	939	191	728	930	349	536	928	303	570	899	150	736	893	205	684
"AK"	2008	"15-000"	"District 15 - Absentee"	15982	2083	607	1422	2020	814	1088	2017	781	1131				1807	511	1278
"AK"	2008	"15-000"	"District 15 - Early Voting"	15982	1083	307	751	1074	421	601	1079	415	617				1029	286	741
"AK"	2008	"15-000"	"District 15 - Question"	15982	679	97	566	550	210	303	544	150	347				189	34	154
"AK"	2008	"15-100"	"15-100 Big Lake"	2218	1115	190	891	1113	316	726	1112	295	757				1092	189	900
"AK"	2008	"15-103"	"15-103 Houston City"	1086	503	89	396	501	169	294	497	146	317				491	100	389
"AK"	2008	"15-105"	"15-105 Knik Goose Bay"	4437	2010	345	1603	1988	642	1209	1987	575	1298				1927	362	1557
"AK"	2008	"15-110"	"15-110 Meadow Lakes No. 1"	2097	928	159	725	926	290	578	923	265	611				899	185	707
"AK"	2008	"15-115"	"15-115 Meadow Lakes No. 2"	1978	917	145	751	914	265	590	914	232	633				880	165	715
"AK"	2008	"15-120"	"15-120 Susitna"	971	403	120	268	403	158	207	399	144	231				384	91	289
"AK"	2008	"15-125"	"15-125 Talkeetna"	968	387	197	169	380	222	137	383	221	139				368	152	215
"AK"	2008	"15-130"	"15-130 Trapper Creek"	602	170	39	119	168	58	96	168	50	101				161	34	127
"AK"	2008	"15-135"	"15-135 Willow"	1625	808	215	566	805	300	461	805	282	483				787	207	573
"AK"	2008	"16-000"	"District 16 - Absentee"	14629	2455	741	1643	2397	962	1287	2399	936	1340				2121	555	1556
"AK"	2008	"16-000"	"District 16 - Early Voting"	14629	575	195	363	570	246	300	569	236	309				557	191	365
"AK"	2008	"16-000"	"District 16 - Question"	14629	371	64	293	324	123	183	320	81	206				53	7	45
"AK"	2008	"16-140"	"16-140 Butte"	2012	1036	229	786	1030	358	612	1029	346	626				1005	258	744
"AK"	2008	"16-145"	"16-145 Eklutna"	1821	891	235	634	888	322	519	885	307	534				860	192	663
"AK"	2008	"16-150"	"16-150 Fairview"	1046	494	66	418	489	132	323	489	120	351				478	106	371
"AK"	2008	"16-155"	"16-155 Lazy Mountain"	1850	981	243	710	978	346	573	977	342	595				944	261	675
"AK"	2008	"16-160"	"16-160 Peters Creek No. 1"	2437	1263	284	951	1257	457	749	1255	410	793				1219	238	979
"AK"	2008	"16-165"	"16-165 Peters Creek No. 2"	2485	1133	285	818	1126	350	722	1127	376	707				1101	205	893
"AK"	2008	"16-170"	"16-170 Snowshoe"	2335	1154	215	900	1143	369	699	1147	330	762				1108	296	808
"AK"	2008	"16-175"	"16-175 Springer Loop"	643	344	79	258	342	125	199	344	125	203				332	80	250
"AK"	2008	"17-000"	"District 17 - Absentee"	13781	2533	767	1717	2411	992	1280	2416	870	1414	2215	598	1609	2223	477	1733
"AK"	2008	"17-000"	"District 17 - Early Voting"	13781	328	159	161	321	179	132	323	182	134	318	143	175	319	111	206
"AK"	2008	"17-000"	"District 17 - Question"	13781	454	112	334	362	144	196	363	126	218	153	31	121	128	23	102
"AK"	2008	"17-200"	"17-200 Chugach Park No. 3"	1454	720	203	501	713	269	407	711	255	425	699	161	537	697	146	549
"AK"	2008	"17-205"	"17-205 Dntn Eagle River No. 1"	2818	1150	286	846	1144	484	595	1138	424	653	1097	253	843	1104	216	884
"AK"	2008	"17-210"	"17-210 Dntn Eagle River No. 2"	2044	880	198	653	872	297	525	875	284	546	854	183	670	842	151	688
"AK"	2008	"17-215"	"17-215 Eagle River No. 1"	1186	514	138	371	511	219	274	505	177	313	499	112	386	495	82	409
"AK"	2008	"17-220"	"17-220 Eagle River No. 2"	3063	1220	351	846	1204	538	605	1204	495	664	1173	306	866	1175	205	965
"AK"	2008	"17-225"	"17-225 Meadow Creek No. 1"	1351	674	185	476	673	250	381	669	227	418	656	158	497	658	122	533
"AK"	2008	"17-230"	"17-230 Meadow Creek No. 2"	1865	975	246	716	965	345	587	963	343	590	928	205	722	937	142	788
"AK"	2008	"18-000"	"District 18 - Absentee"	12503	2562	876	1644	2358	1074	1037	2342	837	1340	2169	674	1490	1906		1848
"AK"	2008	"18-000"	"District 18 - Early Voting"	12503	222	123	95	218	134	69	220	133	79	209	113	95	163		151
"AK"	2008	"18-000"	"District 18 - Question"	12503	562	215	341	334	184	134	327	152	164	81	24	57	30		30
"AK"	2008	"18-235"	"18-235 Elmendorf"	5701	1340	329	990	1303	723	461	1312	527	712	1241	327	907	1175		1150
"AK"	2008	"18-240"	"18-240 Fire Lake"	1704	793	154	625	788	265	479	781	263	498	765	153	609	708		696
"AK"	2008	"18-245"	"18-245 Fort Richardson"	3466	411	123	281	401	235	137	399	194	183	375	127	247	335		329
"AK"	2008	"18-250"	"18-250 Government Hill No. 2"	915	318	146	160	312	180	114	316	165	137	294	144	149	238		231
"AK"	2008	"18-255"	"18-255 North Muldoon"	717	203	80	116	204	99	95	202	93	97	192	76	115	172		162
"AK"	2008	"19-000"	"District 19 - Absentee"	11623	1446	706	717	1387	803	522	1382	753	567				1203	611	590
"AK"	2008	"19-000"	"District 19 - Early Voting"	11623	572	379	189	568	392	162	562	393	161				557	376	179
"AK"	2008	"19-000"	"District 19 - Question"	11623	541	229	299	451	255	172	448	231	199				92	46	44
"AK"	2008	"19-300"	"19-300 Cheney Lake"	1074	582	192	368	583	259	292	579	250	303				571	274	295
"AK"	2008	"19-305"	"19-305 Creekside Park"	2028	813	302	496	809	364	396	804	365	408				792	376	414
"AK"	2008	"19-310"	"19-310 Muldoon No. 1"	1621	627	237	380	627	306	291	625	286	310				608	299	309
"AK"	2008	"19-315"	"19-315 Muldoon No. 2"	1397	513	212	286	511	264	226	510	250	246				503	273	229
"AK"	2008	"19-320"	"19-320 Muldoon No. 3"	2060	890	304	557	883	413	418	878	376	458				859	446	405
"AK"	2008	"19-325"	"19-325 Muldoon No. 4"	1384	566	190	368	564	242	303	565	226	310				554	232	321
"AK"	2008	"19-330"	"19-330 Nunaka Valley"	2059	822	344	446	812	431	352	809	408	376				799	443	355
"AK"	2008	"20-000"	"District 20 - Absentee"	10114	1036	554	457	986	609	328	990	548	384				764	619	
"AK"	2008	"20-000"	"District 20 - Early Voting"	10114	315	213	92	314	216	89	310	209	82				301	249	
"AK"	2008	"20-000"	"District 20 - Question"	10114	490	258	220	398	241	131	397	209	158				86	70	
"AK"	2008	"20-335"	"20-335 Northeast Anchorage"	2828	906	372	514	903	480	381	897	435	413				818	613	
"AK"	2008	"20-340"	"20-340 North Mtn View No. 1"	1765	541	271	254	537	290	222	536	277	226				520	436	
"AK"	2008	"20-345"	"20-345 North Mtn View No. 2"	2017	529	244	270	523	289	208	518	252	236				492	382	
"AK"	2008	"20-350"	"20-350 South Mtn View No. 1"	1762	639	282	346	637	335	284	634	331	288				613	499	
"AK"	2008	"20-355"	"20-355 Wonder Park"	1742	682	280	383	679	354	299	679	333	325				634	493	
"AK"	2008	"21-000"	"District 21 - Absentee"	12537	1830	885	902	1756	979	694	1750	916	756	1592	846	738	1580	912	661
"AK"	2008	"21-000"	"District 21 - Early Voting"	12537	848	511	325	843	541	283	845	540	296	833	543	290	834	602	232
"AK"	2008	"21-000"	"District 21 - Question"	12537	460	177	273	397	196	173	391	176	196	107	59	48	84	49	35
"AK"	2008	"21-400"	"21-400 Baxter"	2530	1135	473	636	1130	575	511	1126	559	541	1107	564	542	1100	651	448
"AK"	2008	"21-405"	"21-405 Chester Valley"	2541	1113	376	722	1108	480	590	1103	457	607	1094	511	581	1087	585	500
"AK"	2008	"21-410"	"21-410 Chugach Foot Hills No. 1"	1325	551	210	330	552	272	259	549	243	290	542	299	243	537	313	224
"AK"	2008	"21-415"	"21-415 Chugach Foot Hills No. 2"	2019	858	344	490	853	448	379	852	416	416	837	478	358	846	512	333
"AK"	2008	"21-420"	"21-420 Reflection Lake"	2812	1180	445	703	1176	583	539	1169	541	581	1152	582	566	1146	659	484
"AK"	2008	"21-425"	"21-425 Scenic Park"	1310	700	226	456	691	283	389	684	274	385	675	318	357	682	367	315
"AK"	2008	"22-000"	"District 22 - Absentee"	11076	1384	779	562	1331	828	431	1329	782	476	1108	703	399	1100	652	440
"AK"	2008	"22-000"	"District 22 - Early Voting"	11076	575	396	169	570	412	139	569	409	148	556	423	131	558	413	143
"AK"	2008	"22-000"	"District 22 - Question"	11076	522	268	239	442	263	164	434	229	179	83	47	36	58	39	19
"AK"	2008	"22-430"	"22-430 Airport Heights No. 1"	1488	579	265	302	576	300	248	576	291	258	563	356	205	564	356	205
"AK"	2008	"22-435"	"22-435 Airport Heights No. 2"	1551	761	399	340	759	469	265	753	441	292	740	502	238	744	502	241
"AK"	2008	"22-440"	"22-440 College Gate"	1621	806	319	463	801	399	379	802	401	378	788	412	375	788	424	362
"AK"	2008	"22-445"	"22-445 East Anchorage"	1781	536	234	290	534	316	203	529	266	242	519	308	210	514	286	225
"AK"	2008	"22-450"	"22-450 Russian Jack"	1202	494	211	268	489	253	209	486	224	241	475	259	215	476	251	225
"AK"	2008	"22-455"	"22-455 South Mtn View No. 2"	814	242	120	117	241	145	86	241	128	95	236	150	85	236	144	91
"AK"	2008	"22-460"	"22-460 University No 1"	889	247	145	88	238	144	74	238	142	87	229	160	69	231	158	73
"AK"	2008	"22-465"	"22-465 University No 2"	1730	488	201	271	488	254	206	483	249	208	474	269	205	474	256	218
"AK"	2008	"23-000"	"District 23 - Absentee"	11694	1833	1171	615	1774	1173	532	1764	1196	507				1286	1203	
"AK"	2008	"23-000"	"District 23 - Early Voting"	11694	821	557	251	819	559	238	812	594	205				688	652	
"AK"	2008	"23-000"	"District 23 - Question"	11694	491	250	234	424	251	150	416	227	162				59	57	
"AK"	2008	"23-500"	"23-500 Downtown Anchorage No. 1"	924	319	180	127	319	187	121	318	204	100				266	251	
"AK"	2008	"23-505"	"23-505 Downtown Anchorage No. 2"	896	213	111	89	212	112	81	212	122	74				152	142	
"AK"	2008	"23-510"	"23-510 Downtown Anchorage No. 3"	914	417	228	174	417	243	164	410	267	137				339	319	
"AK"	2008	"23-515"	"23-515 Downtown Anchorage No. 4"	1848	569	321	227	568	355	191	566	353	186				478	438	
"AK"	2008	"23-520"	"23-520 Fairview"	1835	470	259	194	464	285	159	461	271	171				396	372	
"AK"	2008	"23-525"	"23-525 Fireweed"	753	210	100	102	206	124	71	205	114	78				163	152	
"AK"	2008	"23-530"	"23-530 Government Hill No. 1"	369	185	98	79	183	105	71	183	107	73				151	142	
"AK"	2008	"23-535"	"23-535 Merrill Field"	1856	603	310	272	594	352	209	586	351	211				495	477	
"AK"	2008	"23-540"	"23-540 Rogers Park"	2299	951	490	444	950	520	411	946	552	370				791	747	
"AK"	2008	"24-000"	"District 24 - Absentee"	12406	1514	778	695	1456	818	565	1450	795	600				1202	758	438
"AK"	2008	"24-000"	"District 24 - Early Voting"	12406	714	446	252	708	431	251	706	459	228				690	496	193
"AK"	2008	"24-000"	"District 24 - Question"	12406	676	297	361	574	325	218	572	269	276				85	49	35
"AK"	2008	"24-545"	"24-545 East Dowling"	574	198	77	113	198	105	78	198	95	93				189	109	80
"AK"	2008	"24-550"	"24-550 Far North Bicentennial"	2599	779	299	461	773	384	348	766	374	359				735	437	297
"AK"	2008	"24-555"	"24-555 Midtown No. 1"	1415	472	160	301	470	218	225	469	199	246				451	233	217
"AK"	2008	"24-560"	"24-560 Midtown No. 2"	1545	763	338	412	759	347	393	761	370	376				736	464	269
"AK"	2008	"24-565"	"24-565 Midtown No. 3"	1429	655	260	385	657	289	350	653	300	337				637	382	251
"AK"	2008	"24-570"	"24-570 Taku"	1774	732	257	456	727	339	363	723	300	397				700	364	328
"AK"	2008	"24-575"	"24-575 Tudor"	3070	1185	468	691	1179	601	532	1174	567	570				1154	700	452
"AK"	2008	"25-000"	"District 25 - Absentee"	10894	1285	768	483	1234	758	423	1228	774	395	830	766		1010	750	249
"AK"	2008	"25-000"	"District 25 - Early Voting"	10894	572	367	195	570	374	182	569	380	173	457	420		550	410	138
"AK"	2008	"25-000"	"District 25 - Question"	10894	556	256	290	482	253	200	476	227	219	86	80		63	40	23
"AK"	2008	"25-600"	"25-600 Arctic"	534	230	83	143	229	105	115	229	97	120	167	148		222	147	74
"AK"	2008	"25-605"	"25-605 Conners Lake"	628	353	136	208	346	160	178	352	170	165	246	222		340	228	111
"AK"	2008	"25-610"	"25-610 Northwood"	1539	619	236	362	618	275	298	618	278	312	463	420		592	387	204
"AK"	2008	"25-615"	"25-615 Spenard No. 1"	1900	653	363	267	651	381	244	648	392	228	484	433		619	438	170
"AK"	2008	"25-620"	"25-620 Spenard No. 2"	1675	474	217	239	469	258	186	468	248	197	369	324		454	308	141
"AK"	2008	"25-625"	"25-625 Spenard No. 3"	1134	304	138	161	304	175	112	304	167	127	221	206		288	185	102
"AK"	2008	"25-630"	"25-630 Westchester No. 1"	746	318	185	120	315	193	113	313	193	114	236	228		300	230	69
"AK"	2008	"25-635"	"25-635 Willowcrest No. 1"	1343	612	274	330	609	311	277	608	315	269	437	401		588	420	165
"AK"	2008	"25-640"	"25-640 Willowcrest No. 2"	1395	467	210	244	464	247	195	463	237	208	355	324		444	288	155
"AK"	2008	"26-000"	"District 26 - Absentee"	12322	1763	1024	702	1727	1024	646	1729	1079	593	1227	1117		1225	1146	
"AK"	2008	"26-000"	"District 26 - Early Voting"	12322	849	565	272	848	541	288	843	574	249	682	637		683	650	
"AK"	2008	"26-000"	"District 26 - Question"	12322	475	214	250	396	218	159	391	192	181	89	82		52	47	
"AK"	2008	"26-645"	"26-645 Inlet View No. 1"	1686	798	413	370	793	394	379	793	442	334	593	520		592	549	
"AK"	2008	"26-650"	"26-650 Inlet View No. 2"	1080	606	314	278	606	303	288	603	328	264	434	389		459	429	
"AK"	2008	"26-655"	"26-655 Lake Hood"	1770	838	376	442	832	446	366	837	446	369	637	571		646	607	
"AK"	2008	"26-660"	"26-660 Lake Spenard"	1658	680	268	400	673	312	334	671	309	336	478	429		489	448	
"AK"	2008	"26-665"	"26-665 Turnagain No. 1"	2068	949	399	531	946	495	419	939	498	415	719	646		737	691	
"AK"	2008	"26-670"	"26-670 Turnagain No. 2"	1223	505	233	264	503	260	222	501	250	233	388	338		389	354	
"AK"	2008	"26-675"	"26-675 Turnagain No. 3"	743	274	148	117	275	153	113	274	164	103	214	193		210	198	
"AK"	2008	"26-680"	"26-680 Turnagain No. 4"	891	382	160	208	380	177	190	380	194	173	267	241		268	252	
"AK"	2008	"26-685"	"26-685 Westchester No. 2"	1203	576	358	203	574	321	238	576	371	191	449	417		457	435	
"AK"	2008	"27-000"	"District 27 - Absentee"	12271	1469	633	810	1421	675	695	1427	668	694				1268	628	633
"AK"	2008	"27-000"	"District 27 - Early Voting"	12271	699	376	307	699	394	286	696	414	263				684	424	258
"AK"	2008	"27-000"	"District 27 - Question"	12271	492	170	311	427	209	198	426	172	226				95	53	42
"AK"	2008	"27-700"	"27-700 Dimond No. 1"	2162	920	278	616	913	391	476	909	383	491				885	435	446
"AK"	2008	"27-705"	"27-705 Jewel Lake No 1"	1394	621	230	376	617	308	277	618	310	287				598	333	263
"AK"	2008	"27-710"	"27-710 Kincaid"	3229	1590	502	1057	1580	570	950	1579	615	903				1547	662	881
"AK"	2008	"27-715"	"27-715 Sand Lake No. 1"	2010	1031	379	611	1030	459	521	1025	469	512				1006	540	463
"AK"	2008	"27-720"	"27-720 Sand Lake No. 2"	1827	860	301	536	853	381	437	857	369	455				842	431	408
"AK"	2008	"27-725"	"27-725 Sand Lake No. 3"	1649	816	261	535	816	351	434	812	350	439				792	400	390
"AK"	2008	"28-000"	"District 28 - Absentee"	13520	1859	820	1009	1798	853	864	1788	868	845				1618	764	846
"AK"	2008	"28-000"	"District 28 - Early Voting"	13520	989	544	433	986	563	390	978	590	368				970	572	395
"AK"	2008	"28-000"	"District 28 - Question"	13520	403	122	277	328	164	146	323	132	172				82	32	50
"AK"	2008	"28-730"	"28-730 Bayshore"	2553	1213	416	775	1211	505	667	1204	489	682				1183	502	678
"AK"	2008	"28-735"	"28-735 Campbell Lake"	2251	1169	402	734	1167	475	639	1154	484	631				1139	498	634
"AK"	2008	"28-740"	"28-740 Jewel Lake No. 2"	1612	680	238	423	675	298	335	673	294	351				642	289	348
"AK"	2008	"28-745"	"28-745 Klatt No. 1"	2569	1271	371	879	1265	463	757	1257	452	762				1241	451	786
"AK"	2008	"28-750"	"28-750 Oceanview No. 1"	1898	1062	361	682	1055	392	621	1059	427	601				1034	417	613
"AK"	2008	"28-755"	"28-755 Southport"	2637	1146	368	741	1141	473	619	1136	454	633				1118	466	652
"AK"	2008	"29-000"	"District 29 - Absentee"	11263	1244	518	704	1200	586	557	1192	562	559	991	343	642	969	462	498
"AK"	2008	"29-000"	"District 29 - Early Voting"	11263	583	323	250	580	351	219	575	352	203	553	280	273	555	350	204
"AK"	2008	"29-000"	"District 29 - Question"	11263	545	198	336	459	215	222	460	180	256	115	43	71	91	47	44
"AK"	2008	"29-800"	"29-800 Campbell Creek No. 1"	1796	785	315	451	779	368	381	779	359	379	743	253	485	749	424	321
"AK"	2008	"29-805"	"29-805 Campbell Creek No. 2"	1433	738	254	471	735	339	371	733	314	398	706	203	502	720	352	366
"AK"	2008	"29-810"	"29-810 Campbell Creek No. 3"	936	322	129	190	321	152	158	321	155	159	315	105	209	310	169	137
"AK"	2008	"29-815"	"29-815 Dimond No. 2"	1304	558	177	367	555	242	286	556	217	311	525	183	338	529	271	251
"AK"	2008	"29-820"	"29-820 Dimond No. 3"	1315	450	165	268	443	216	212	437	195	213	419	144	270	423	205	216
"AK"	2008	"29-825"	"29-825 Independence Park No. 1"	1937	800	269	510	790	371	383	792	334	428	754	212	534	746	360	382
"AK"	2008	"29-830"	"29-830 Independence Park No. 2"	2542	937	336	580	927	438	449	928	396	495	900	288	610	896	436	457
"AK"	2008	"30-000"	"District 30 - Absentee"	12761	1524	683	803	1487	755	668	1468	707	713	1325	463	860	1314	618	686
"AK"	2008	"30-000"	"District 30 - Early Voting"	12761	902	507	385	894	555	311	892	549	319	876	405	469	883	514	366
"AK"	2008	"30-000"	"District 30 - Question"	12761	587	208	363	507	236	250	495	203	264	156	43	112	117	44	73
"AK"	2008	"30-835"	"30-835 Abbott Loop No. 1"	2456	1187	395	762	1182	544	596	1178	513	630	1137	271	864	1140	501	638
"AK"	2008	"30-840"	"30-840 Abbott Loop No. 2"	2732	1284	464	798	1280	563	669	1278	551	698	1262	271	989	1256	493	760
"AK"	2008	"30-845"	"30-845 Abbott Loop No. 3"	809	420	143	266	417	175	234	418	167	243	412	94	317	414	154	259
"AK"	2008	"30-850"	"30-850 Abbott Loop No. 4"	1290	671	220	436	671	259	393	669	256	402	638	151	484	660	242	418
"AK"	2008	"30-855"	"30-855 Laurel/Dowling"	2045	944	326	603	937	424	478	933	389	506	907	234	672	910	400	508
"AK"	2008	"30-860"	"30-860 Lore No. 1"	1727	934	295	617	930	409	482	930	383	519	907	224	680	910	359	549
"AK"	2008	"30-865"	"30-865 Lore No. 2"	1702	730	245	467	719	295	386	716	306	391	694	201	493	697	280	414
"AK"	2008	"31-000"	"District 31 - Absentee"	13765	1834	738	1050	1796	802	909	1776	815	888				1583	460	1066
"AK"	2008	"31-000"	"District 31 - Early Voting"	13765	1085	533	537	1081	549	498	1079	573	473				1047	379	621
"AK"	2008	"31-000"	"District 31 - Question"	13765	372	111	250	314	130	162	306	113	174				67	16	48
"AK"	2008	"31-900"	"31-900 Huffman No. 1"	1469	604	209	377	598	260	307	598	241	329				569	166	380
"AK"	2008	"31-905"	"31-905 Huffman No. 2"	2365	1192	346	831	1187	441	715	1188	421	735				1164	241	898
"AK"	2008	"31-910"	"31-910 Huffman No. 3"	1737	907	280	612	899	369	499	900	373	496				878	214	624
"AK"	2008	"31-915"	"31-915 Huffman No. 4"	1295	642	202	429	634	246	364	633	254	362				617	136	461
"AK"	2008	"31-920"	"31-920 Huffman No. 5"	1918	940	262	659	932	347	556	932	335	571				904	162	718
"AK"	2008	"31-925"	"31-925 Huffman No. 6"	925	468	125	335	463	156	292	462	160	291				446	82	354
"AK"	2008	"31-930"	"31-930 Huffman No. 7"	2252	1226	439	768	1224	522	665	1218	520	670				1182	309	828
"AK"	2008	"31-935"	"31-935 Huffman No. 8"	1804	950	351	571	942	399	513	947	419	513				903	230	644
"AK"	2008	"32-000"	"District 32 - Absentee"	16296	3082	1433	1588	3013	1506	1397	3000	1506	1384				2759	1033	1709
"AK"	2008	"32-000"	"District 32 - Early Voting"	16296	1111	614	476	1100	624	451	1098	660	412				1079	480	594
"AK"	2008	"32-000"	"District 32 - Question"	16296	380	118	253	313	145	159	308	129	166				53	13	40
"AK"	2008	"32-940"	"32-940 Bear Valley"	1064	515	225	277	511	257	240	513	269	228				503	217	285
"AK"	2008	"32-945"	"32-945 Centennial Park"	305	145	70	72	145	96	49	145	92	48				141	78	63
"AK"	2008	"32-950"	"32-950 Chugach Park No. 1"	2953	1356	427	897	1341	518	776	1337	508	785				1285	361	916
"AK"	2008	"32-955"	"32-955 Chugach Park No. 2"	1634	823	326	489	820	329	471	816	368	429				798	234	561
"AK"	2008	"32-960"	"32-960 Girdwood"	1827	894	614	253	896	553	307	891	606	245				867	482	382
"AK"	2008	"32-965"	"32-965 Golden View"	2437	1203	428	751	1198	504	662	1195	502	665				1170	349	816
"AK"	2008	"32-970"	"32-970 Hiland"	2571	1029	268	744	1022	391	589	1018	382	609				995	247	742
"AK"	2008	"32-975"	"32-975 Hope"	172	80	44	32	82	51	26	81	54	25				82	37	44
"AK"	2008	"32-980"	"32-980 Indian"	265	151	76	70	148	63	72	149	76	67				145	64	81
"AK"	2008	"32-985"	"32-985 Rabbit Creek"	2381	1203	398	773	1201	465	676	1194	490	668				1164	387	774
"AK"	2008	"32-990"	"32-990 Stuckagain Heights"	400	228	103	122	225	102	120	228	121	103				224	80	142
"AK"	2008	"32-995"	"32-995 Whittier"	287	107	32	70	107	48	55	106	38	59				102	28	74
"AK"	2008	"33-000"	"District 33 - Absentee"	13462	3031	923	2029	2937	1305	1373	2926	1264	1487	2839	1229	1605	2731	712	1692
"AK"	2008	"33-000"	"District 33 - Early Voting"	13462	0	0	0	0	0	0	0	0	0	0	0	0	0	0	0
"AK"	2008	"33-000"	"District 33 - Question"	13462	481	83	386	367	117	192	364	97	230	280	106	174	160	23	109
"AK"	2008	"33-700"	"33-700 Central"	3178	1223	227	969	1216	412	679	1214	372	752	1197	503	690	1185	200	834
"AK"	2008	"33-710"	"33-710 Kenai No. 1"	2543	1059	222	788	1046	392	530	1041	371	607	1033	382	650	1026	173	709
"AK"	2008	"33-720"	"33-720 Kenai No. 2"	1367	580	120	445	575	180	323	573	195	350	568	195	368	558	88	390
"AK"	2008	"33-730"	"33-730 Kenai No. 3"	1250	501	107	380	497	184	265	497	180	296	489	194	294	490	87	343
"AK"	2008	"33-740"	"33-740 K-Beach"	2017	864	149	693	861	271	513	857	254	565	850	302	545	836	113	614
"AK"	2008	"33-750"	"33-750 Soldotna"	3107	1170	258	881	1163	460	618	1157	425	680	1149	539	606	1136	237	770
"AK"	2008	"34-000"	"District 34 - Absentee"	13753	3466	797	2575	3382	1201	1824	3363	1171	1934	3265	1142	2110	3180	883	2289
"AK"	2008	"34-000"	"District 34 - Early Voting"	13753	0	0	0	0	0	0	0	0	0	0	0	0	0	0	0
"AK"	2008	"34-000"	"District 34 - Question"	13753	375	65	304	278	82	148	279	62	187	202	77	124	126	25	100
"AK"	2008	"34-810"	"34-810 Funny River"	1638	568	93	456	564	177	336	565	164	359	560	215	344	552	145	406
"AK"	2008	"34-820"	"34-820 Kasilof"	1739	855	254	567	847	354	393	846	332	440	837	387	445	826	298	521
"AK"	2008	"34-830"	"34-830 Mackey Lake"	1629	633	101	518	623	194	372	626	181	411	617	224	392	611	136	474
"AK"	2008	"34-840"	"34-840 Nikiski"	1761	853	143	675	847	225	427	846	237	529	837	301	533	828	206	621
"AK"	2008	"34-850"	"34-850 Ninilchik"	1527	543	136	393	542	234	268	539	202	296	526	176	349	525	164	359
"AK"	2008	"34-870"	"34-870 Salamatoff"	1946	906	140	740	901	250	491	899	250	563	889	321	563	885	180	702
"AK"	2008	"34-880"	"34-880 Sterling"	3513	1349	191	1130	1341	390	818	1338	357	904	1325	465	853	1314	371	940
"AK"	2008	"35-000"	"District 35 - Absentee"	13776	3566	1920	1557	3478	2080	1249	3456	2033	1240				3284	1228	2049
"AK"	2008	"35-000"	"District 35 - Early Voting"	13776	2	2	0	2	2	0	2	2	0				1	1	0
"AK"	2008	"35-000"	"District 35 - Question"	13776	506	189	300	387	186	174	383	167	190				178	56	122
"AK"	2008	"35-010"	"35-010 Homer No. 1"	2231	908	412	475	897	493	355	894	448	408				886	327	558
"AK"	2008	"35-020"	"35-020 Homer No. 2"	2101	752	272	463	744	355	358	744	343	377				741	222	515
"AK"	2008	"35-030"	"35-030 Anchor Point"	1398	644	146	478	634	247	356	637	206	394				624	118	505
"AK"	2008	"35-040"	"35-040 Bear Creek"	1567	652	232	392	643	302	305	647	298	314				619	163	454
"AK"	2008	"35-050"	"35-050 Cooper Landing"	403	157	68	85	156	75	73	157	69	78				141	36	104
"AK"	2008	"35-060"	"35-060 Diamond Ridge"	963	395	201	177	394	241	138	392	231	147				382	149	233
"AK"	2008	"35-070"	"35-070 Kachemak Bay"	825	231	90	136	227	100	121	229	98	121				229	59	170
"AK"	2008	"35-080"	"35-080 Kachemak City/Fritz Creek"	1588	721	347	342	715	408	270	712	405	285				706	239	467
"AK"	2008	"35-090"	"35-090 Moose Pass"	338	141	54	86	140	64	65	140	67	68				140	43	97
"AK"	2008	"35-095"	"35-095 Seldovia"	398	178	79	88	178	94	77	179	96	72				172	61	111
"AK"	2008	"35-098"	"35-098 Seward"	1964	650	242	380	647	332	277	645	316	300				629	184	442
"AK"	2008	"36-000"	"District 36 - Absentee"	10480	1920	685	1173	1812	812	792	1818	744	967				1721	709	995
"AK"	2008	"36-000"	"District 36 - Early Voting"	10480	2	2	0	2	2	0	2	2	0				2	2	0
"AK"	2008	"36-000"	"District 36 - Question"	10480	579	188	373	435	206	196	438	160	247				348	151	196
"AK"	2008	"36-605"	"36-605 Chiniak"	128	59	19	36	59	33	20	59	27	23				58	32	26
"AK"	2008	"36-608"	"36-608 Flats"	2077	621	193	409	605	320	250	601	255	319				589	253	336
"AK"	2008	"36-615"	"36-615 Kodiak Island South"	208	36	4	31	36	20	13	37	10	21				35	4	31
"AK"	2008	"36-618"	"36-618 Kodiak No. 1"	1937	817	275	516	800	415	349	801	375	404				781	388	383
"AK"	2008	"36-620"	"36-620 Kodiak No. 2"	1861	832	288	521	816	442	334	815	362	409				803	401	401
"AK"	2008	"36-622"	"36-622 Mission Road"	3047	1361	431	891	1346	699	575	1352	609	695				1333	661	663
"AK"	2008	"36-625"	"36-625 Old Harbor"	148	64	26	35	65	40	23	65	33	29				62	29	33
"AK"	2008	"36-635"	"36-635 Ouzinkie"	134	58	35	21	60	33	23	60	30	28				58	19	39
"AK"	2008	"36-645"	"36-645 Port Lions"	221	76	18	56	76	40	31	76	36	38				75	24	51
"AK"	2008	"36-655"	"36-655 Iliamna/Newhalen"	208	105	41	62	105	68	35	105	49	50				95	50	45
"AK"	2008	"36-665"	"36-665 Kokhanok/Igiugig"	138	56	16	37	55	29	24	56	19	33				51	29	22
"AK"	2008	"36-676"	"36-676 Levelock"	44	14	5	6	14	5	8	14	5	9				12	7	5
"AK"	2008	"36-685"	"36-685 Nondalton"	268	55	35	20	55	35	19	55	22	29				51	40	11
"AK"	2008	"36-696"	"36-696 Pedro Bay"	61	18	3	14	18	9	9	17	3	13				14	6	8
"AK"	2008	"37-000"	"District 37 - Absentee"	8041	1021	448	555	959	484	420	953	423	466				860	521	335
"AK"	2008	"37-000"	"District 37 - Early Voting"	8041	0	0	0	0	0	0	0	0	0				0	0	0
"AK"	2008	"37-000"	"District 37 - Question"	8041	178	61	113	124	49	69	123	45	71				53	30	23
"AK"	2008	"37-700"	"37-700 Akutan"	344	132	56	70	131	45	75	126	45	60				124	66	54
"AK"	2008	"37-702"	"37-702 Aleknagik"	147	44	22	21	47	33	12	48	31	15				48	32	16
"AK"	2008	"37-704"	"37-704 Aleutians #1"	255	29	21	7	29	14	15	28	13	11				23	12	11
"AK"	2008	"37-706"	"37-706 Aleutians #2"	1724	825	391	403	813	460	296	810	399	354				789	448	338
"AK"	2008	"37-708"	"37-708 Chigniks"	257	19	4	15	19	9	10	19	8	11				19	4	14
"AK"	2008	"37-710"	"37-710 Clarks Point"	48	22	8	14	22	7	15	22	8	14				22	13	9
"AK"	2008	"37-712"	"37-712 Cold Bay"	137	33	9	22	33	12	20	31	10	19				31	12	19
"AK"	2008	"37-714"	"37-714 Dillingham"	1605	797	366	411	789	428	338	792	394	358				786	608	177
"AK"	2008	"37-716"	"37-716 Egegik/Pilot Point"	131	18	0	15	18	6	11	18	4	11				16	5	11
"AK"	2008	"37-718"	"37-718 Ekwok"	80	41	12	29	41	19	22	41	14	25				41	29	12
"AK"	2008	"37-720"	"37-720 King Cove"	331	149	35	108	146	48	94	147	24	115				136	60	76
"AK"	2008	"37-722"	"37-722 King Salmon"	419	172	38	128	172	52	116	171	48	114				171	79	91
"AK"	2008	"37-724"	"37-724 Koliganek"	104	60	16	43	60	39	21	60	35	24				58	38	20
"AK"	2008	"37-726"	"37-726 Manokotak"	232	115	25	85	115	71	42	115	38	70				114	78	36
"AK"	2008	"37-728"	"37-728 Naknek"	400	193	59	127	194	77	109	193	68	116				191	117	74
"AK"	2008	"37-730"	"37-730 New Stuyahok"	297	169	110	49	172	120	43	171	79	78				169	128	41
"AK"	2008	"37-732"	"37-732 Port Heiden"	70	41	12	29	40	22	18	39	11	26				39	26	13
"AK"	2008	"37-734"	"37-734 Sand Point"	482	188	48	134	187	61	119	185	43	133				183	92	91
"AK"	2008	"37-736"	"37-736 South Naknek"	66	24	5	19	24	10	14	23	8	15				23	11	12
"AK"	2008	"37-738"	"37-738 St. George Island"	81	37	18	19	38	14	24	38	14	24				38	21	17
"AK"	2008	"37-740"	"37-740 St. Paul Island"	324	133	43	85	132	49	78	133	36	96				133	88	45
"AK"	2008	"37-742"	"37-742 Togiak"	507	225	61	160	227	124	95	230	78	140				225	149	76
"AK"	2008	"38-000"	"District 38 - Absentee"	8417	465	288	162	453	307	128	449	274	147				357	320	
"AK"	2008	"38-000"	"District 38 - Early Voting"	8417	0	0	0	0	0	0	0	0	0				0	0	
"AK"	2008	"38-000"	"District 38 - Question"	8417	383	198	170	298	175	113	297	138	146				188	181	
"AK"	2008	"38-800"	"38-800 Akiachak"	284	144	82	55	145	111	26	141	87	43				129	128	
"AK"	2008	"38-802"	"38-802 Akiak"	172	103	74	25	105	86	18	105	64	31				101	101	
"AK"	2008	"38-804"	"38-804 Atmautluak"	130	69	37	26	69	47	18	69	39	24				67	66	
"AK"	2008	"38-806"	"38-806 Bethel #1"	580	260	136	114	260	154	102	259	139	114				235	214	
"AK"	2008	"38-808"	"38-808 Bethel #2"	1732	701	370	312	696	427	253	691	393	267				626	585	
"AK"	2008	"38-810"	"38-810 Bethel #3"	1108	433	239	180	435	279	141	434	254	168				405	382	
"AK"	2008	"38-812"	"38-812 Chefornak"	230	134	84	43	134	84	32	134	56	60				134	133	
"AK"	2008	"38-814"	"38-814 Eek"	164	91	37	50	92	56	34	93	30	56				89	87	
"AK"	2008	"38-816"	"38-816 Goodnews Bay"	171	88	33	53	88	60	27	88	32	51				76	76	
"AK"	2008	"38-818"	"38-818 Kalskag"	120	61	20	38	63	27	34	63	18	44				60	57	
"AK"	2008	"38-820"	"38-820 Kasigluk"	264	109	65	41	109	83	22	109	54	50				109	109	
"AK"	2008	"38-822"	"38-822 Kipnuk"	321	140	79	53	140	95	37	140	60	70				136	135	
"AK"	2008	"38-824"	"38-824 Kongiganak"	219	119	29	85	119	84	33	119	42	68				113	112	
"AK"	2008	"38-826"	"38-826 Kwethluk"	331	155	75	65	155	122	29	155	89	48				144	140	
"AK"	2008	"38-828"	"38-828 Kwigillongok"	183	104	51	50	104	69	34	102	49	49				98	98	
"AK"	2008	"38-830"	"38-830 Lower Kalskag"	165	91	37	45	92	53	36	91	32	52				82	78	
"AK"	2008	"38-832"	"38-832 Mekoryuk"	150	72	25	46	70	36	34	72	24	45				67	64	
"AK"	2008	"38-834"	"38-834 Napakiak"	189	80	49	31	80	56	20	79	23	49				79	77	
"AK"	2008	"38-836"	"38-836 Napaskiak"	204	105	63	37	105	71	31	105	49	51				102	101	
"AK"	2008	"38-838"	"38-838 Newtok"	173	105	53	37	105	62	32	105	39	50				105	102	
"AK"	2008	"38-840"	"38-840 Nightmute"	131	88	60	26	89	68	0	89	47	38				90	90	
"AK"	2008	"38-842"	"38-842 Nunapitchuk"	227	135	62	63	136	77	51	136	55	66				134	132	
"AK"	2008	"38-844"	"38-844 Quinhagak"	283	138	38	96	138	76	56	136	34	92				134	131	
"AK"	2008	"38-846"	"38-846 Toksook Bay"	305	165	120	37	165	109	51	164	84	60				164	160	
"AK"	2008	"38-848"	"38-848 Tuluksak"	210	96	50	34	96	65	22	96	39	45				96	95	
"AK"	2008	"38-850"	"38-850 Tuntutuliak"	199	99	34	62	100	73	25	100	39	50				98	97	
"AK"	2008	"38-852"	"38-852 Tununak"	172	87	61	20	88	60	25	88	36	38				87	86	
"AK"	2008	"39-000"	"District 39 - Absentee"	8388	375	198	166	364	192	153	360	176	163	315	305		314	298	
"AK"	2008	"39-000"	"District 39 - Early Voting"	8388	231	129	92	229	143	80	228	151	71	205	191		211	198	
"AK"	2008	"39-000"	"District 39 - Question"	8388	338	178	146	238	136	91	237	122	104	117	117		106	105	
"AK"	2008	"39-900"	"39-900 Alakanuk"	280	144	79	57	144	98	45	145	67	69	138	135		134	134	
"AK"	2008	"39-902"	"39-902 Brevig Mission"	190	114	52	58	113	73	32	113	39	69	112	111		112	109	
"AK"	2008	"39-904"	"39-904 Chevak"	378	176	121	53	177	132	42	177	93	79	169	168		169	167	
"AK"	2008	"39-906"	"39-906 Diomede"	80	27	23	4	27	20	4	27	14	10	26	26		26	26	
"AK"	2008	"39-908"	"39-908 Elim"	153	89	49	39	89	47	42	89	32	53	87	87		86	86	
"AK"	2008	"39-910"	"39-910 Emmonak"	403	219	124	86	221	140	78	221	97	112	211	211		205	204	
"AK"	2008	"39-912"	"39-912 Gambell"	269	150	75	70	151	96	49	150	69	74	144	142		140	138	
"AK"	2008	"39-914"	"39-914 Golovin"	100	64	37	27	64	28	35	64	21	42	64	64		62	61	
"AK"	2008	"39-916"	"39-916 Hooper Bay"	473	222	127	87	222	133	87	221	99	114	211	200		206	203	
"AK"	2008	"39-918"	"39-918 Kotlik"	261	152	106	40	152	117	31	151	70	72	152	151		151	149	
"AK"	2008	"39-920"	"39-920 Koyuk"	176	123	49	72	120	73	42	123	60	57	120	118		118	112	
"AK"	2008	"39-922"	"39-922 Mountain Village"	390	229	85	138	233	135	96	231	109	112	225	220		219	212	
"AK"	2008	"39-924"	"39-924 Nome #1"	1015	422	203	214	418	196	208	416	207	192	376	356		384	366	
"AK"	2008	"39-926"	"39-926 Nome #2"	1353	577	242	315	576	292	263	577	285	273	535	519		539	526	
"AK"	2008	"39-928"	"39-928 Nunam Iqua"	87	38	20	11	39	23	12	39	18	18	39	38		39	39	
"AK"	2008	"39-930"	"39-930 Pilot Station"	305	171	73	92	172	107	62	172	61	103	160	158		160	159	
"AK"	2008	"39-932"	"39-932 Pitkas Point"	55	28	8	16	27	15	10	28	11	16	28	26		26	25	
"AK"	2008	"39-934"	"39-934 Savoonga"	403	259	176	70	258	153	86	259	91	136	252	250		247	244	
"AK"	2008	"39-936"	"39-936 Scammon Bay"	229	99	59	39	99	53	40	98	39	58	95	94		96	95	
"AK"	2008	"39-938"	"39-938 Shaktoolik"	133	84	28	55	83	39	40	83	23	58	80	80		81	81	
"AK"	2008	"39-940"	"39-940 St. Mary's"	305	155	101	51	155	120	34	155	99	50	154	151		149	141	
"AK"	2008	"39-942"	"39-942 St. Michael"	192	84	35	45	85	43	35	84	28	51	79	79		77	75	
"AK"	2008	"39-944"	"39-944 Stebbins"	267	127	79	43	127	77	46	126	57	63	122	121		118	115	
"AK"	2008	"39-946"	"39-946 Teller"	155	85	33	52	85	45	37	85	31	52	82	80		83	82	
"AK"	2008	"39-948"	"39-948 Unalakleet"	497	248	111	135	250	141	105	246	119	122	238	229		235	222	
"AK"	2008	"39-950"	"39-950 Wales"	85	66	48	17	66	27	37	66	18	46	64	64		64	63	
"AK"	2008	"39-952"	"39-952 White Mountain"	154	88	47	33	88	64	22	89	48	35	84	83		84	84	
"AK"	2008	"40-000"	"District 40 - Absentee"	8666	531	245	276	455	239	198	450	236	192	357	350		361	355	
"AK"	2008	"40-000"	"District 40 - Early Voting"	8666	5	5	0	5	2	3	5	2	3	5	5		5	5	
"AK"	2008	"40-000"	"District 40 - Question"	8666	398	163	220	245	110	111	244	93	128	106	104		100	98	
"AK"	2008	"40-002"	"40-002 Ambler"	179	95	42	48	96	54	40	96	38	55	91	91		92	92	
"AK"	2008	"40-004"	"40-004 Anaktuvuk Pass"	250	94	48	44	93	66	15	94	52	36	83	82		89	85	
"AK"	2008	"40-007"	"40-007 Atqasuk"	135	57	25	31	56	30	23	56	25	28	53	53		56	56	
"AK"	2008	"40-008"	"40-008 Barrow"	1078	410	169	229	410	228	164	408	208	172	368	355		379	371	
"AK"	2008	"40-010"	"40-010 Browerville"	1606	741	349	368	737	403	303	738	362	337	678	656		679	659	
"AK"	2008	"40-012"	"40-012 Buckland"	219	104	50	45	105	75	24	105	59	38	103	103		104	103	
"AK"	2008	"40-014"	"40-014 Deering"	81	48	25	20	49	27	21	48	25	21	47	47		49	48	
"AK"	2008	"40-016"	"40-016 Kaktovik"	167	94	26	62	96	41	50	96	30	56	88	88		91	90	
"AK"	2008	"40-018"	"40-018 Kiana"	233	120	52	65	120	68	52	121	61	57	114	114		117	117	
"AK"	2008	"40-020"	"40-020 Kivalina"	203	111	26	76	111	71	34	110	46	50	107	106		109	109	
"AK"	2008	"40-022"	"40-022 Kobuk"	81	43	21	21	43	29	13	42	23	17	42	41		42	42	
"AK"	2008	"40-024"	"40-024 Kotzebue"	1862	819	356	435	817	513	287	816	446	346	731	711		752	732	
"AK"	2008	"40-026"	"40-026 Noatak"	253	151	58	83	152	104	44	152	77	65	141	139		144	144	
"AK"	2008	"40-028"	"40-028 Noorvik"	361	161	49	109	161	91	64	160	71	77	152	152		157	157	
"AK"	2008	"40-030"	"40-030 Nuiqsut"	250	109	56	46	109	69	37	109	43	54	99	97		108	107	
"AK"	2008	"40-032"	"40-032 Point Hope"	387	193	95	88	192	128	53	192	96	76	188	184		187	184	
"AK"	2008	"40-034"	"40-034 Point Lay"	114	50	14	34	50	15	34	50	13	32	47	47		47	47	
"AK"	2008	"40-038"	"40-038 Selawik"	402	192	58	131	193	123	66	194	87	97	183	181		188	186	
"AK"	2008	"40-040"	"40-040 Shishmaref"	313	208	117	87	206	108	96	203	98	99	201	195		198	195	
"AK"	2008	"40-042"	"40-042 Shungnak"	144	82	31	50	82	55	27	82	36	40	81	80		81	80	
"AK"	2008	"40-044"	"40-044 Wainwright"	348	184	57	118	182	90	84	184	73	97	179	175		177	174	
