state	year	precinct_code	precinct	g2004_REG_tv	g2004_USP_tv	g2004_USP_dv	g2004_USP_rv	g2004_USS_tv	g2004_USS_dv	g2004_USS_rv	g2004_USH_tv	g2004_USH_dv	g2004_USH_rv	g2004_STS_tv	g2004_STS_dv	g2004_STS_rv	g2004_STH_tv	g2004_STH_dv	g2004_STH_rv
"AK"	2004	"01-000"	"District 1 Absentee"	10954	1364	434	873	1353	494	799	1323	287	955	1336	526	807	1327	591	729
"AK"	2004	"01-000"	"District 1 Question"	10954	402	116	260	400	158	215	387	78	283	385	177	203	391	187	200
"AK"	2004	"01-110"	"Ketchikan No. 1"	2207	881	315	509	885	387	439	857	214	575	866	440	425	870	462	405
"AK"	2004	"01-120"	"Ketchikan No. 2"	2324	1055	338	677	1057	406	611	1033	208	760	1040	473	566	1037	517	518
"AK"	2004	"01-130"	"Ketchikan No. 3"	1535	732	186	526	729	231	480	720	117	576	719	276	442	718	300	412
"AK"	2004	"01-140"	"North Tongass No. 1"	821	375	86	281	375	102	259	369	58	294	374	134	239	369	151	217
"AK"	2004	"01-150"	"North Tongass No. 2"	1567	843	173	648	844	213	595	826	110	684	837	278	558	837	310	522
"AK"	2004	"01-160"	"Saxman"	275	145	55	82	147	82	49	145	39	93	144	94	50	146	83	63
"AK"	2004	"01-170"	"South Tongass"	1485	665	190	448	671	222	423	649	122	493	662	274	388	663	310	353
"AK"	2004	"01-180"	"Thorne Bay"	589	203	38	150	203	39	141	198	24	156	197	47	150	201	86	115
"AK"	2004	"01-185"	"Coffman Cove"	151	89	18	68	89	17	66	89	7	79	88	16	72	87	32	55
"AK"	2004	"02-000"	"District 2 Absentee"	11666	1671	752	859	1659	837	730	1606	467	988	1607	659	942	1622	530	1086
"AK"	2004	"02-000"	"District 2 Question"	11666	190	93	89	191	109	70	186	51	119	190	94	95	184	80	104
"AK"	2004	"02-210"	"Sitka No. 1"	2446	1157	578	520	1153	712	381	1126	359	659	1128	618	509	1132	526	605
"AK"	2004	"02-220"	"Sitka No. 2"	2238	1138	550	541	1136	678	406	1091	340	678	1123	602	521	1119	463	655
"AK"	2004	"02-230"	"Halibut Point"	1183	630	272	338	630	350	257	609	164	408	623	290	333	624	246	378
"AK"	2004	"02-240"	"Sawmill Creek"	1318	702	339	329	700	396	269	682	204	409	692	382	307	695	282	410
"AK"	2004	"02-250"	"Petersburg/Kupreanof"	2534	1263	452	753	1254	522	685	1213	288	848	1227	352	873	1236	223	1013
"AK"	2004	"02-260"	"Wrangell"	1642	890	164	693	885	193	647	879	85	749	865	141	724	881	130	750
"AK"	2004	"02-285"	"Pelican/Elfin Cove"	228	68	28	33	70	39	21	70	17	44	63	33	29	72	60	12
"AK"	2004	"02-295"	"Port Alexander"	77	30	20	7	29	23	2	25	11	6	22	17	5	23	12	11
"AK"	2004	"03-000"	"District 3 Absentee"	12525	1876	1168	634	1864	1263	545	1790	748	800				1825	1325	496
"AK"	2004	"03-000"	"District 3 Question"	12525	371	211	139	370	262	88	347	138	172				359	252	106
"AK"	2004	"03-300"	"Douglas"	1746	898	521	338	897	594	270	857	347	420				889	622	265
"AK"	2004	"03-310"	"Juneau No. 1"	980	384	260	108	382	308	62	367	176	142				377	291	85
"AK"	2004	"03-320"	"Juneau No. 2"	1084	513	398	94	514	421	81	479	250	126				508	431	77
"AK"	2004	"03-330"	"Juneau No. 3"	1550	717	507	190	716	549	150	677	323	254				711	569	141
"AK"	2004	"03-340"	"Juneau No. 4"	1408	616	349	246	616	401	203	594	236	317				603	411	192
"AK"	2004	"03-350"	"Juneau Airport Area"	1296	621	263	340	621	328	273	607	167	402				607	348	258
"AK"	2004	"03-360"	"Lemon Creek"	1230	605	255	339	607	371	208	588	174	381				595	382	212
"AK"	2004	"03-370"	"North Douglas"	1334	667	426	220	669	456	193	641	274	275				659	477	182
"AK"	2004	"03-380"	"Salmon Creek"	956	447	259	178	447	285	152	431	151	223				444	310	133
"AK"	2004	"03-390"	"Switzer Creek"	941	406	191	205	406	281	108	397	154	220				399	278	120
"AK"	2004	"04-000"	"District 4 Absentee"	12095	1401	663	685	1391	811	536	1348	411	818				1352	510	833
"AK"	2004	"04-000"	"District 4 Question"	12095	148	47	95	147	78	56	139	34	98				142	48	93
"AK"	2004	"04-410"	"Mendenhall Valley No. 1"	2266	1015	409	579	1012	580	394	975	258	656				1002	343	657
"AK"	2004	"04-420"	"Mendenhall Valley No. 2"	2327	1125	396	686	1127	565	512	1083	251	764				1116	317	794
"AK"	2004	"04-430"	"Mendenhall Valley No. 3"	2184	1042	384	619	1040	522	474	1011	255	699				1029	307	722
"AK"	2004	"04-440"	"Mendenhall Valley No. 4"	2316	1132	451	651	1128	585	492	1107	267	767				1110	368	739
"AK"	2004	"04-450"	"Auke Bay/Fritz Cove"	1849	866	373	455	868	450	377	832	230	519				854	284	569
"AK"	2004	"04-460"	"Lynn Canal"	1153	631	340	273	628	390	221	603	210	314				623	277	344
"AK"	2004	"05-000"	"District 5 Absentee"	11012	1733	805	846	1722	908	696	1697	533	981	1666	1023	635	1677	853	811
"AK"	2004	"05-000"	"District 5 Question"	11012	81	31	46	80	34	40	80	21	54	80	44	36	78	32	46
"AK"	2004	"05-500"	"Angoon"	555	238	149	81	239	188	41	234	86	142	237	180	56	238	164	73
"AK"	2004	"05-502"	"Cordova"	1797	821	303	483	822	354	401	805	182	550	803	438	361	797	400	393
"AK"	2004	"05-504"	"Craig"	939	439	147	266	436	160	249	425	84	317	425	234	190	430	192	238
"AK"	2004	"05-506"	"Gustavus"	471	227	120	91	227	138	71	222	89	96	225	160	65	221	143	77
"AK"	2004	"05-510"	"Haines No. 1"	1797	884	355	493	886	390	438	869	240	553	866	520	344	874	352	520
"AK"	2004	"05-512"	"Haines Highway"	308	142	65	68	142	65	64	141	45	80	140	87	52	141	64	77
"AK"	2004	"05-514"	"Hoonah"	698	370	145	205	377	218	132	369	114	230	370	281	87	370	153	217
"AK"	2004	"05-516"	"Hydaburg"	282	112	84	26	112	86	22	106	49	50	111	80	30	106	81	24
"AK"	2004	"05-518"	"Kake"	461	224	75	142	228	150	66	222	56	159	225	196	29	228	107	119
"AK"	2004	"05-525"	"Kasaan"	53	30	11	19	30	16	13	30	6	22	29	21	8	26	11	15
"AK"	2004	"05-530"	"Klawock"	877	329	111	202	329	151	155	324	70	235	323	196	127	320	126	194
"AK"	2004	"05-535"	"Klukwan"	86	51	26	25	51	30	14	48	12	35	51	40	11	50	17	30
"AK"	2004	"05-540"	"Metlakatla"	1007	557	186	345	554	302	233	537	122	395	541	432	109	536	255	281
"AK"	2004	"05-550"	"Skagway"	905	401	207	165	399	215	149	393	128	220	393	286	106	390	216	173
"AK"	2004	"05-556"	"Tatitlek"	159	35	23	11	35	26	5	34	10	22	35	31	4	34	26	8
"AK"	2004	"05-565"	"Tenakee"	135	57	26	28	58	31	19	55	26	19	54	44	10	53	35	18
"AK"	2004	"05-570"	"Yakutat"	482	245	105	132	246	131	94	237	58	161	238	158	80	239	121	118
"AK"	2004	"06-000"	"District 6 Absentee"	10511	1220	377	790	1222	460	683	1203	228	882	1182	381	788	1166	421	735
"AK"	2004	"06-000"	"District 6 Question"	10511	112	43	64	114	69	41	113	24	85	107	55	52	107	73	33
"AK"	2004	"06-505"	"Allakaket"	138	78	56	21	77	70	4	73	32	35	80	64	16	80	76	4
"AK"	2004	"06-510"	"Aniak"	334	183	78	97	184	102	71	183	32	135	184	74	110	180	96	80
"AK"	2004	"06-515"	"Anvik"	60	35	9	24	35	24	8	35	8	25	0	0	0	34	22	12
"AK"	2004	"06-520"	"Arctic Village"	85	48	43	5	48	48	0	47	34	6	47	42	5	47	46	1
"AK"	2004	"06-525"	"Beaver"	65	26	17	8	25	24	0	25	10	13	26	21	5	26	23	3
"AK"	2004	"06-530"	"Bettles"	107	24	7	14	24	10	12	24	5	16	21	12	9	21	10	11
"AK"	2004	"06-533"	"Central"	255	48	5	39	48	11	33	48	4	39	46	9	37	46	11	35
"AK"	2004	"06-537"	"Chistochina"	284	103	24	75	103	42	52	101	12	82	98	27	71	98	28	70
"AK"	2004	"06-540"	"Chuathbaluk"	61	26	8	17	26	14	11	26	1	23	26	3	22	26	14	12
"AK"	2004	"06-542"	"Circle"	78	35	19	15	35	26	8	33	9	24	35	25	10	35	30	5
"AK"	2004	"06-543"	"Copper Center"	799	285	72	197	289	94	163	282	42	227	283	82	201	278	93	185
"AK"	2004	"06-545"	"Crooked Creek"	63	28	12	16	27	18	8	28	6	19	28	9	19	28	7	21
"AK"	2004	"06-546"	"Deltana"	1100	528	66	438	522	95	380	516	51	433	501	86	415	505	94	411
"AK"	2004	"06-547"	"Dot Lake"	136	57	13	38	56	19	30	55	9	43	55	21	34	52	20	32
"AK"	2004	"06-550"	"Eagle"	224	84	16	64	85	27	52	83	13	65	84	25	59	85	30	55
"AK"	2004	"06-555"	"Fort Yukon"	496	174	85	79	176	142	32	169	45	113	166	113	53	171	117	54
"AK"	2004	"06-557"	"Gakona"	292	152	38	109	152	47	99	151	22	119	143	48	95	145	51	94
"AK"	2004	"06-560"	"Galena"	398	235	100	122	234	95	120	231	40	171	231	101	130	230	126	104
"AK"	2004	"06-565"	"Grayling"	95	56	20	31	57	46	8	56	7	49	57	18	39	56	45	11
"AK"	2004	"06-570"	"Holy Cross"	133	59	20	38	58	47	9	59	11	44	59	30	29	59	47	12
"AK"	2004	"06-575"	"Hughes"	55	31	26	5	31	26	4	30	14	13	31	22	9	31	28	3
"AK"	2004	"06-580"	"Huslia"	151	100	51	46	103	83	15	98	31	63	102	62	40	99	84	15
"AK"	2004	"06-590"	"Kaltag"	145	77	41	33	79	59	16	79	17	60	79	52	27	79	72	7
"AK"	2004	"06-593"	"Kenny Lake"	460	223	70	138	224	89	113	214	43	145	214	79	134	213	79	134
"AK"	2004	"06-595"	"Koyukuk"	66	32	19	13	32	26	6	32	10	21	32	25	7	32	28	4
"AK"	2004	"06-605"	"Manley Hot Springs"	125	41	13	26	41	10	27	40	11	24	40	17	23	40	25	15
"AK"	2004	"06-607"	"Marshall"	161	66	35	25	66	54	10	67	22	41	67	28	39	66	46	20
"AK"	2004	"06-610"	"McGrath"	339	115	38	71	114	38	71	114	28	83	113	53	59	108	51	53
"AK"	2004	"06-613"	"Mentasta"	98	53	27	22	53	34	17	49	20	26	51	26	25	48	30	18
"AK"	2004	"06-615"	"Minto"	166	93	44	45	94	78	15	91	23	65	91	69	22	93	84	9
"AK"	2004	"06-620"	"Nenana"	602	315	90	208	313	118	159	310	48	239	309	105	204	310	125	184
"AK"	2004	"06-625"	"Nikolai"	79	46	20	25	46	29	12	46	12	33	46	27	19	42	36	6
"AK"	2004	"06-627"	"Northway"	217	89	20	69	92	58	34	91	11	80	86	46	40	85	60	25
"AK"	2004	"06-630"	"Nulato"	192	121	70	49	121	100	19	120	34	86	122	62	60	119	104	15
"AK"	2004	"06-650"	"Ruby"	135	72	26	41	73	54	18	70	9	54	73	42	31	73	56	17
"AK"	2004	"06-655"	"Russian Mission"	164	98	34	61	99	72	24	99	13	85	100	26	74	90	50	40
"AK"	2004	"06-660"	"Shageluk"	83	37	16	18	37	28	7	36	6	30	37	12	25	37	29	8
"AK"	2004	"06-665"	"Sleetmute"	124	23	10	13	23	16	7	23	5	18	23	5	18	23	9	14
"AK"	2004	"06-675"	"Stevens Village"	112	30	25	4	30	28	0	29	19	7	30	25	5	30	29	1
"AK"	2004	"06-680"	"Takotna"	61	18	0	17	18	8	9	18	1	17	18	5	13	18	7	11
"AK"	2004	"06-683"	"Tanacross"	93	57	21	35	57	48	6	56	15	38	56	33	23	55	46	9
"AK"	2004	"06-685"	"Tanana"	198	111	69	38	112	89	19	108	42	58	109	93	16	107	94	13
"AK"	2004	"06-687"	"Tetlin"	85	42	21	21	42	33	6	42	11	31	42	19	23	42	38	4
"AK"	2004	"06-688"	"Tok"	1142	524	128	378	523	200	281	500	85	384	494	137	357	471	159	311
"AK"	2004	"06-695"	"Tyonek"	113	50	30	17	52	41	8	51	16	29	52	43	9	50	46	4
"AK"	2004	"06-700"	"Venetie"	142	64	33	27	66	54	7	65	29	31	65	36	29	63	57	6
"AK"	2004	"07-000"	"District 7 Absentee"	13607	1199	507	657	1195	576	571	1156	340	712				1163	451	537
"AK"	2004	"07-000"	"District 7 Question"	13607	147	55	79	148	63	64	140	25	92				144	50	55
"AK"	2004	"07-210"	"Chatanika"	67	34	8	24	34	10	18	34	7	25				34	9	21
"AK"	2004	"07-225"	"Farmers Loop"	2631	1518	722	759	1518	785	682	1465	413	844				1507	676	571
"AK"	2004	"07-230"	"Fox"	833	471	142	304	473	162	278	466	84	336				470	143	218
"AK"	2004	"07-235"	"Goldstream #1"	1040	596	322	234	593	346	207	573	174	290				593	317	145
"AK"	2004	"07-240"	"Shanly"	1025	488	173	285	485	225	224	470	118	306				476	189	186
"AK"	2004	"07-245"	"Steele Creek/Gilmore"	2333	1268	420	802	1267	499	700	1245	228	905				1264	430	565
"AK"	2004	"07-250"	"Steese East"	1834	1010	260	719	1012	336	621	988	140	782				1006	273	527
"AK"	2004	"07-255"	"Steese West"	2818	1555	481	1022	1553	574	895	1503	286	1087				1543	468	709
"AK"	2004	"07-260"	"Two Rivers"	1026	586	169	387	585	189	336	572	97	403				583	141	258
"AK"	2004	"08-000"	"District 8 Absentee"	13342	1297	674	563	1287	724	479	1266	428	681				1244	658	578
"AK"	2004	"08-000"	"District 8 Question"	13342	180	84	84	179	91	69	171	48	94				173	88	83
"AK"	2004	"08-100"	"Anderson"	253	119	26	91	119	31	81	118	15	99				118	35	83
"AK"	2004	"08-110"	"Cantwell"	211	120	42	72	120	41	67	119	24	91				117	56	61
"AK"	2004	"08-115"	"Chena"	2937	1664	712	900	1665	781	816	1606	372	1057				1643	758	883
"AK"	2004	"08-120"	"Clear"	248	89	25	59	89	31	45	89	13	63				89	35	54
"AK"	2004	"08-125"	"Denali Park"	339	111	89	16	111	98	10	106	69	24				108	91	17
"AK"	2004	"08-130"	"Ester"	1223	775	449	280	773	479	253	755	246	342				765	486	277
"AK"	2004	"08-132"	"Geist"	1569	824	329	469	824	402	384	807	197	535				811	360	449
"AK"	2004	"08-134"	"Goldstream #2"	1126	721	447	234	719	468	204	707	254	291				710	479	231
"AK"	2004	"08-136"	"Healy"	700	379	127	229	382	148	208	375	82	252				376	150	226
"AK"	2004	"08-138"	"Pike"	698	340	105	220	340	134	187	334	60	251				334	133	200
"AK"	2004	"08-140"	"University Campus"	976	363	205	116	363	232	96	350	119	153				351	212	135
"AK"	2004	"08-143"	"University Hills"	909	480	279	170	479	306	147	469	148	209				473	308	162
"AK"	2004	"08-145"	"University West"	2153	1131	416	691	1127	531	555	1101	250	787				1118	472	643
"AK"	2004	"09-000"	"District 9 Absentee"	12287	1018	410	586	1006	467	493	997	289	660	979	389	587	981	435	544
"AK"	2004	"09-000"	"District 9 Question"	12287	173	83	80	172	103	59	163	51	102	160	86	73	163	99	63
"AK"	2004	"09-305"	"Airport"	378	168	44	117	170	63	102	166	34	119	170	67	103	169	83	86
"AK"	2004	"09-310"	"Aurora"	2569	1087	330	724	1086	453	589	1058	227	780	1064	377	685	1066	506	554
"AK"	2004	"09-320"	"Fairbanks #1"	587	283	98	177	283	119	150	272	62	187	281	94	185	283	137	146
"AK"	2004	"09-330"	"Fairbanks #3"	1367	620	231	371	622	304	296	604	157	407	612	233	378	614	294	319
"AK"	2004	"09-335"	"Fairbanks #4"	1049	495	170	303	495	210	258	487	113	339	494	170	322	493	221	269
"AK"	2004	"09-340"	"Fairbanks #5"	1066	582	145	422	579	203	357	568	99	447	571	141	429	574	253	319
"AK"	2004	"09-345"	"Fairbanks #6"	1602	591	226	347	591	319	246	582	178	384	580	266	313	583	340	242
"AK"	2004	"09-350"	"Fairbanks #7"	1748	637	246	358	640	345	242	630	165	422	633	307	323	630	355	270
"AK"	2004	"09-353"	"Fairbanks #10"	1921	685	249	424	682	320	325	665	170	465	664	271	392	668	326	341
"AK"	2004	"1"	"Region 1 Early Voting"	106473	5157	2115	2802	4149	2235	1672	3983	1110	2545						
"AK"	2004	"10-000"	"District 10 Absentee"	13091	1439	451	950	1408	531	813	1399	385	957	1373	483	886	1367	426	928
"AK"	2004	"10-000"	"District 10 Question"	13091	119	38	77	117	53	57	114	34	78	114	45	69	110	35	74
"AK"	2004	"10-325"	"Fairbanks #2"	991	387	161	204	385	198	163	370	110	230	369	181	184	378	168	206
"AK"	2004	"10-355"	"Fairbanks #8"	2274	903	286	587	904	364	482	892	175	659	892	311	579	893	227	664
"AK"	2004	"10-360"	"Fairbanks #9"	2297	1197	317	844	1194	459	694	1170	214	893	1192	387	804	1175	243	928
"AK"	2004	"10-365"	"Fort Wainwright"	6665	1244	411	817	1232	573	586	1152	356	744	1150	440	708	1141	389	751
"AK"	2004	"10-367"	"Lakeview"	864	314	61	241	313	89	209	311	48	243	312	94	216	310	78	230
"AK"	2004	"11-000"	"District 11 Absentee"	13601	1151	244	888	1116	310	747	1107	173	902				1015		972
"AK"	2004	"11-000"	"District 11 Question"	13601	259	50	203	261	83	161	252	28	213				237		233
"AK"	2004	"11-400"	"Badger #1"	1325	691	128	545	689	194	443	682	89	564				629		611
"AK"	2004	"11-405"	"Badger #2"	2109	1066	232	781	1066	337	652	1045	160	835				956		928
"AK"	2004	"11-410"	"Chena Lakes"	2276	1103	168	908	1100	258	768	1079	102	934				1016		995
"AK"	2004	"11-415"	"Moose Creek"	542	248	38	200	247	59	162	241	32	201				211		207
"AK"	2004	"11-420"	"Newby"	2126	1043	176	847	1041	250	728	1024	102	880				965		935
"AK"	2004	"11-425"	"North Pole"	1316	611	112	479	610	180	389	602	83	494				539		522
"AK"	2004	"11-430"	"Plack"	1838	927	177	728	923	240	631	910	109	759				847		829
"AK"	2004	"11-435"	"Richardson"	2069	1055	198	837	1051	311	678	1034	137	859				946		908
"AK"	2004	"12-000"	"District 12 Absentee"	13595	2185	467	1672	2142	615	1416	2107	328	1699				1909		1833
"AK"	2004	"12-000"	"District 12 Question"	13595	126	37	81	126	59	56	118	23	87				106		100
"AK"	2004	"12-010"	"Big Delta"	867	437	75	347	435	99	302	426	45	356				392		374
"AK"	2004	"12-020"	"Delta Junction"	646	348	54	278	343	83	235	339	29	292				320		305
"AK"	2004	"12-025"	"Eielson"	5283	1262	190	1058	1249	291	876	1216	165	1015				1149		1129
"AK"	2004	"12-030"	"Farm Loop"	790	430	115	302	425	133	249	423	75	318				343		325
"AK"	2004	"12-031"	"Glennallen"	842	304	46	249	302	59	224	296	24	262				285		277
"AK"	2004	"12-035"	"Salcha"	869	449	85	348	449	104	305	440	37	374				399		384
"AK"	2004	"12-043"	"Sheep Mountain"	311	132	31	99	132	36	84	128	19	103				115		108
"AK"	2004	"12-047"	"Sutton"	833	472	176	272	469	208	195	464	107	302				362		331
"AK"	2004	"12-050"	"Valdez #1"	1012	539	158	372	537	213	296	532	90	409				472		450
"AK"	2004	"12-055"	"Valdez #2"	940	447	147	281	446	202	222	437	76	333				398		377
"AK"	2004	"12-060"	"Valdez #3"	1202	532	185	320	532	242	252	526	90	382				474		446
"AK"	2004	"13-000"	"District 13 Absentee"	13400	1956	556	1347	1944	676	1142	1903	351	1451	1789	596	1190	1777	577	1194
"AK"	2004	"13-000"	"District 13 Question"	13400	540	122	386	534	185	289	520	69	419	227	70	154	226	60	163
"AK"	2004	"13-005"	"Fishhook"	1478	844	242	573	848	307	465	822	142	624	830	298	529	833	311	517
"AK"	2004	"13-010"	"Greater Palmer"	1428	773	179	576	772	248	469	763	109	621	766	226	537	762	214	545
"AK"	2004	"13-015"	"Lakes"	1606	802	183	585	805	281	456	796	121	638	792	268	522	787	250	535
"AK"	2004	"13-020"	"Mat-Su Campus"	737	370	94	269	370	122	226	362	52	291	363	101	262	364	108	254
"AK"	2004	"13-025"	"Palmer"	3582	1600	403	1127	1600	584	850	1578	239	1257	1581	552	1025	1578	548	1025
"AK"	2004	"13-033"	"Palmer Fishhook"	944	494	122	361	496	159	305	492	67	394	489	156	333	485	150	332
"AK"	2004	"13-035"	"Pioneer Park"	1184	568	160	395	569	196	331	561	97	443	561	202	358	560	192	365
"AK"	2004	"13-040"	"Trunk"	1697	795	172	598	791	255	479	774	96	651	777	238	538	781	230	551
"AK"	2004	"13-045"	"Walby Lake"	744	371	92	272	374	116	237	369	47	313	374	129	245	370	119	250
"AK"	2004	"14-000"	"District 14 Absentee"	13215	1833	449	1346	1826	623	1101	1792	308	1417	1672	527	1143	1682	602	1075
"AK"	2004	"14-000"	"District 14 Question"	13215	576	122	424	577	195	297	559	85	445	228	68	160	233	94	138
"AK"	2004	"14-050"	"Kings Lake"	2606	1306	285	987	1305	360	835	1290	174	1074	1287	408	877	1289	501	783
"AK"	2004	"14-055"	"Knik"	437	218	51	164	219	77	125	214	30	175	216	55	161	216	71	145
"AK"	2004	"14-060"	"Schrock"	2696	1398	265	1092	1392	389	872	1373	142	1160	1357	363	992	1375	525	844
"AK"	2004	"14-065"	"Seward Meridian"	1690	779	164	597	781	243	483	765	106	626	767	233	532	771	282	488
"AK"	2004	"14-070"	"Wasilla Lake"	1350	557	138	399	557	181	325	551	86	447	547	176	368	548	184	362
"AK"	2004	"14-075"	"Wasilla No. 1"	2285	1070	219	825	1073	333	654	1057	137	868	1057	316	739	1056	389	663
"AK"	2004	"14-080"	"Wasilla No. 2"	2151	912	216	670	907	312	521	888	149	707	890	294	596	893	394	497
"AK"	2004	"15-000"	"District 15 Absentee"	13248	1709	520	1113	1711	643	935	1683	325	1216				1522		770
"AK"	2004	"15-000"	"District 15 Question"	13248	648	141	462	638	219	322	615	65	498				260		109
"AK"	2004	"15-100"	"Big Lake"	1929	1017	243	749	1014	312	586	996	153	796				994		598
"AK"	2004	"15-103"	"Houston"	958	457	110	328	456	147	250	446	78	344				449		230
"AK"	2004	"15-105"	"Knik Goose Bay"	3164	1605	369	1160	1602	507	923	1573	235	1244				1542		805
"AK"	2004	"15-110"	"Meadow Lakes No. 1"	1787	836	181	618	833	261	464	819	122	646				807		373
"AK"	2004	"15-115"	"Meadow Lakes No. 2"	1587	793	173	591	795	220	468	777	105	618				774		411
"AK"	2004	"15-120"	"Susitna"	880	425	153	253	420	177	195	414	84	292				409		153
"AK"	2004	"15-125"	"Talkeetna"	876	390	200	158	389	219	123	378	111	198				374		111
"AK"	2004	"15-130"	"Trapper Creek"	629	166	28	125	165	44	107	163	18	135				165		74
"AK"	2004	"15-135"	"Willow"	1438	712	213	473	713	248	388	695	132	510				708		252
"AK"	2004	"16-000"	"District 16 Absentee"	12897	1730	498	1171	1719	625	998	1687	312	1276				1550	458	1089
"AK"	2004	"16-000"	"District 16 Question"	12897	353	79	255	352	105	207	345	53	269				50	15	35
"AK"	2004	"16-140"	"Butte"	1877	1054	269	751	1056	372	584	1036	185	784				1024	301	717
"AK"	2004	"16-145"	"Eklutna"	1749	971	275	661	963	347	555	949	152	736				932	336	596
"AK"	2004	"16-150"	"Fairview"	839	449	71	368	450	108	297	443	42	384				432	94	338
"AK"	2004	"16-155"	"Lazy Mountain"	1659	1000	283	680	999	344	563	972	152	750				956	291	659
"AK"	2004	"16-160"	"Peters Creek No. 1"	2056	1188	267	894	1187	364	746	1165	150	958				1154	293	860
"AK"	2004	"16-165"	"Peters Creek No. 2"	2460	1194	303	856	1198	387	730	1179	154	949				1169	297	870
"AK"	2004	"16-170"	"Snowshoe"	1674	904	213	665	904	277	552	898	118	748				886	228	655
"AK"	2004	"16-175"	"Springer Loop"	583	365	98	258	365	116	228	363	58	290				343	83	260
"AK"	2004	"17-000"	"District 17 Absentee"	13288	2042	482	1522	2008	666	1264	1981	320	1587	1664		1600	1822		1338
"AK"	2004	"17-000"	"District 17 Question"	13288	314	75	226	307	119	167	291	36	238	71		70	88		45
"AK"	2004	"17-200"	"Chugach Park No. 3"	1321	694	198	485	696	257	404	683	112	541	597		579	674		416
"AK"	2004	"17-205"	"Dntn Eagle River No. 1"	2564	1160	264	861	1158	401	666	1140	158	940	1010		973	1125		681
"AK"	2004	"17-210"	"Dntn Eagle River No. 2"	2047	979	236	720	985	342	572	972	134	788	859		836	958		573
"AK"	2004	"17-215"	"Eagle River No. 1"	1182	541	127	407	542	181	341	531	73	442	459		449	529		331
"AK"	2004	"17-220"	"Eagle River No. 2"	3025	1307	378	910	1304	505	742	1276	229	1000	1106		1061	1255		756
"AK"	2004	"17-225"	"Meadow Creek No. 1"	1342	713	160	534	714	262	400	705	106	572	619		602	692		407
"AK"	2004	"17-230"	"Meadow Creek No. 2"	1807	998	270	701	997	349	590	971	136	803	865		843	963		636
"AK"	2004	"18-000"	"District 18 Absentee"	12621	2499	586	1884	2436	721	1597	2402	455	1882	1937		1900	1947		1913
"AK"	2004	"18-000"	"District 18 Question"	12621	439	144	285	433	203	194	417	117	283	75		72	73		71
"AK"	2004	"18-235"	"Elmendorf"	5535	1106	201	897	1094	323	671	1048	190	835	930		922	931		924
"AK"	2004	"18-240"	"Fire Lake"	1241	656	138	498	662	174	435	642	79	538	545		530	560		546
"AK"	2004	"18-245"	"Fort Richardson"	4192	821	295	517	815	364	386	790	256	508	681		662	685		669
"AK"	2004	"18-250"	"Government Hill No. 2"	967	357	170	180	357	203	134	343	117	211	240		228	252		240
"AK"	2004	"18-255"	"North Muldoon"	686	249	98	139	248	134	94	241	57	165	202		188	197		182
"AK"	2004	"19-000"	"District 19 Absentee"	11250	1208	470	697	1196	587	541	1181	327	801				1038	452	583
"AK"	2004	"19-000"	"District 19 Question"	11250	413	158	242	407	236	143	393	108	264				81	32	49
"AK"	2004	"19-300"	"Cheney Lake"	1115	618	235	360	621	282	312	603	132	446				612	266	346
"AK"	2004	"19-305"	"Creekside Park"	1983	991	336	628	992	465	476	966	216	714				974	428	544
"AK"	2004	"19-310"	"Muldoon No. 1"	1566	585	218	355	584	291	260	571	154	398				567	229	334
"AK"	2004	"19-315"	"Muldoon No. 2"	1357	549	184	343	548	280	226	542	138	383				537	250	286
"AK"	2004	"19-320"	"Muldoon No. 3"	1976	938	336	576	939	437	431	915	199	676				921	416	502
"AK"	2004	"19-325"	"Muldoon No. 4"	1399	675	226	437	674	276	361	656	141	484				657	265	391
"AK"	2004	"19-330"	"Nunaka Valley"	1854	841	358	449	839	456	321	814	234	510				814	388	421
"AK"	2004	"2"	"Region 2 Early Voting"	243639	9273	3410	5590	7369	3352	3641	7157	1724	5022						
"AK"	2004	"20-000"	"District 20 Absentee"	9919	885	362	486	879	478	352	855	247	555				732	373	356
"AK"	2004	"20-000"	"District 20 Question"	9919	415	186	220	419	251	137	397	130	244				96	55	40
"AK"	2004	"20-335"	"Northeast Anchorage"	2525	839	268	535	840	381	407	823	189	593				812	399	411
"AK"	2004	"20-340"	"North Mtn View No. 1"	1736	588	251	298	585	353	176	559	176	339				573	326	245
"AK"	2004	"20-345"	"North Mtn View No. 2"	2038	614	270	311	615	375	198	604	205	349				599	354	243
"AK"	2004	"20-350"	"South Mtn View No. 1"	1805	714	288	396	712	399	263	702	198	459				702	359	339
"AK"	2004	"20-355"	"Wonder Park"	1815	785	300	459	782	405	311	769	188	546				761	378	380
"AK"	2004	"21-000"	"District 21 Absentee"	12096	1548	625	883	1531	753	714	1504	417	1005	1379	688	690	1387	679	704
"AK"	2004	"21-000"	"District 21 Question"	12096	420	147	256	419	216	180	400	90	289	96	45	51	96	45	50
"AK"	2004	"21-400"	"Baxter"	2460	1257	495	732	1262	641	561	1229	278	861	1236	644	591	1237	654	580
"AK"	2004	"21-405"	"Chester Valley"	2450	1233	400	808	1229	514	655	1197	234	924	1213	530	682	1212	503	706
"AK"	2004	"21-410"	"Chugach Foot Hills No. 1"	1333	600	206	382	600	279	287	588	151	423	588	292	294	586	282	303
"AK"	2004	"21-415"	"Chugach Foot Hills No. 2"	1983	955	361	570	955	472	442	926	216	658	942	505	436	942	554	386
"AK"	2004	"21-420"	"Reflection Lake"	2648	1225	481	716	1222	613	555	1200	282	850	1204	639	564	1198	675	521
"AK"	2004	"21-425"	"Scenic Park"	1222	706	202	489	705	289	370	694	132	538	690	323	367	697	340	357
"AK"	2004	"22-000"	"District 22 Absentee"	10769	1304	641	615	1295	791	442	1255	434	729	1067	648	412	1064	627	434
"AK"	2004	"22-000"	"District 22 Question"	10769	471	211	241	466	287	142	456	128	299	94	65	29	94	53	41
"AK"	2004	"22-430"	"Airport Heights No. 1"	1455	636	284	325	643	378	222	630	197	381	631	392	238	628	405	222
"AK"	2004	"22-435"	"Airport Heights No. 2"	1446	817	415	377	818	527	263	795	262	448	804	493	310	798	527	271
"AK"	2004	"22-440"	"College Gate"	1624	859	369	468	854	464	363	835	228	557	843	453	388	837	464	372
"AK"	2004	"22-445"	"East Anchorage"	1715	598	250	324	596	325	232	582	159	381	576	310	265	579	302	275
"AK"	2004	"22-450"	"Russian Jack"	1098	490	191	282	491	242	222	478	122	325	483	247	236	482	245	237
"AK"	2004	"22-455"	"South Mtn View No. 2"	828	260	111	144	257	157	82	257	71	176	255	133	121	256	134	121
"AK"	2004	"22-460"	"University No 1"	819	264	147	100	263	169	73	253	95	122	256	159	96	252	152	99
"AK"	2004	"22-465"	"University No 2"	1784	609	236	349	608	296	280	591	131	421	597	305	291	591	302	288
"AK"	2004	"23-000"	"District 23 Absentee"	11609	1567	909	594	1554	1007	476	1492	577	736				1339	936	399
"AK"	2004	"23-000"	"District 23 Question"	11609	386	179	187	385	214	139	373	114	227				68	41	26
"AK"	2004	"23-500"	"Downtown Anchorage No. 1"	957	377	209	155	378	233	133	352	120	193				368	258	109
"AK"	2004	"23-505"	"Downtown Anchorage No. 2"	830	224	106	104	225	124	85	220	63	134				215	132	80
"AK"	2004	"23-510"	"Downtown Anchorage No. 3"	966	487	260	210	490	294	176	461	142	256				475	351	124
"AK"	2004	"23-515"	"Downtown Anchorage No. 4"	1805	604	331	249	611	416	167	597	229	306				595	423	170
"AK"	2004	"23-520"	"Fairview"	1867	542	291	232	540	359	149	518	202	277				516	362	154
"AK"	2004	"23-525"	"Fireweed"	767	260	122	129	260	147	103	254	80	156				251	156	94
"AK"	2004	"23-530"	"Government Hill No. 1"	349	192	101	86	193	112	75	187	58	114				192	139	53
"AK"	2004	"23-535"	"Merrill Field"	1839	683	367	293	674	440	189	639	251	346				641	455	185
"AK"	2004	"23-540"	"Rogers Park"	2229	1155	574	550	1158	665	441	1116	312	714				1145	787	357
"AK"	2004	"24-000"	"District 24 Absentee"	11805	1314	599	670	1304	741	495	1265	427	762				1025	549	470
"AK"	2004	"24-000"	"District 24 Question"	11805	545	199	318	547	272	232	522	121	365				78	42	36
"AK"	2004	"24-545"	"East Dowling"	612	192	71	117	193	90	96	188	40	135				182	78	104
"AK"	2004	"24-550"	"Far North Bicentennial"	2377	800	320	456	797	407	345	781	217	517				772	414	353
"AK"	2004	"24-555"	"Midtown No. 1"	1318	477	187	274	477	220	222	457	115	320				449	197	250
"AK"	2004	"24-560"	"Midtown No. 2"	1571	813	340	454	817	396	387	789	190	541				777	466	309
"AK"	2004	"24-565"	"Midtown No. 3"	1473	724	283	418	727	348	351	707	143	521				699	365	333
"AK"	2004	"24-570"	"Taku"	1532	662	223	422	664	281	344	654	138	497				636	284	349
"AK"	2004	"24-575"	"Tudor"	2922	1216	462	706	1215	625	519	1168	296	809				1159	598	555
"AK"	2004	"25-000"	"District 25 Absentee"	11076	1236	658	529	1237	754	413	1209	435	668	1021	679	338	842	817	
"AK"	2004	"25-000"	"District 25 Question"	11076	447	214	210	451	261	149	429	117	277	81	48	33	71	71	
"AK"	2004	"25-600"	"Arctic"	556	233	77	150	236	96	121	230	49	168	226	114	111	182	172	
"AK"	2004	"25-605"	"Conners Lake"	643	376	128	235	375	161	189	369	72	267	364	198	163	292	270	
"AK"	2004	"25-610"	"Northwood"	1520	674	266	378	674	348	288	659	157	450	636	359	273	533	504	
"AK"	2004	"25-615"	"Spenard No. 1"	1779	727	385	315	728	440	255	702	233	397	702	471	230	579	558	
"AK"	2004	"25-620"	"Spenard No. 2"	1723	525	226	261	526	281	203	507	150	318	502	297	201	425	392	
"AK"	2004	"25-625"	"Spenard No. 3"	1174	336	144	175	338	205	111	332	99	215	316	204	111	272	263	
"AK"	2004	"25-630"	"Westchester No. 1"	715	367	205	146	369	228	128	354	109	197	359	246	111	312	297	
"AK"	2004	"25-635"	"Willowcrest No. 1"	1541	700	300	374	702	368	293	679	192	443	672	395	272	547	522	
"AK"	2004	"25-640"	"Willowcrest No. 2"	1425	547	234	289	546	299	205	530	148	341	512	298	213	445	426	
"AK"	2004	"26-000"	"District 26 Absentee"	12127	1612	830	725	1599	930	623	1556	520	883	1428	890	535	1439	873	530
"AK"	2004	"26-000"	"District 26 Question"	12127	437	184	240	435	244	164	420	105	294	125	74	51	125	75	46
"AK"	2004	"26-645"	"Inlet View No. 1"	1683	1005	490	483	1007	499	480	964	229	656	992	615	377	991	597	382
"AK"	2004	"26-650"	"Inlet View No. 2"	1079	653	337	300	656	355	288	628	166	407	643	422	220	649	399	241
"AK"	2004	"26-655"	"Lake Hood"	1649	859	394	446	859	493	331	825	236	549	831	529	302	833	528	293
"AK"	2004	"26-660"	"Lake Spenard"	1614	631	234	385	635	299	303	616	145	431	603	333	270	609	297	290
"AK"	2004	"26-665"	"Turnagain No. 1"	1963	945	420	501	944	540	369	920	261	593	919	577	337	916	540	351
"AK"	2004	"26-670"	"Turnagain No. 2"	1277	531	248	257	532	313	193	526	158	318	523	340	181	518	301	197
"AK"	2004	"26-675"	"Turnagain No. 3"	761	298	142	138	297	172	107	288	76	182	288	189	98	292	194	86
"AK"	2004	"26-680"	"Turnagain No. 4"	916	424	178	233	426	208	191	413	105	277	412	254	158	413	241	151
"AK"	2004	"26-685"	"Westchester No. 2"	1185	677	421	238	676	448	216	642	204	358	658	481	177	668	478	181
"AK"	2004	"27-000"	"District 27 Absentee"	11565	1236	505	699	1234	624	568	1209	319	833				1030	441	584
"AK"	2004	"27-000"	"District 27 Question"	11565	691	247	422	689	319	329	667	121	515				196	84	112
"AK"	2004	"27-700"	"Dimond No. 1"	2003	906	279	606	904	388	462	878	153	691				877	327	550
"AK"	2004	"27-705"	"Jewel Lake No 1"	1254	568	210	344	570	304	242	556	117	413				553	257	293
"AK"	2004	"27-710"	"Kincaid"	2855	1501	507	957	1497	594	841	1461	279	1106				1462	467	989
"AK"	2004	"27-715"	"Sand Lake No. 1"	1903	1023	351	636	1024	445	516	1002	206	727				1011	448	559
"AK"	2004	"27-720"	"Sand Lake No. 2"	1820	827	287	517	827	386	398	815	169	607				811	391	416
"AK"	2004	"27-725"	"Sand Lake No. 3"	1730	852	284	532	850	348	457	832	169	614				833	357	474
"AK"	2004	"28-000"	"District 28 Absentee"	12359	1348	526	796	1347	611	690	1322	331	929				1153	366	782
"AK"	2004	"28-000"	"District 28 Question"	12359	438	134	292	436	183	230	429	77	338				100	29	71
"AK"	2004	"28-730"	"Bayshore"	2196	1205	403	771	1206	518	646	1179	259	870				1184	377	805
"AK"	2004	"28-735"	"Campbell Lake"	2224	1093	365	690	1093	476	556	1061	196	802				1049	357	689
"AK"	2004	"28-740"	"Jewel Lake No. 2"	1571	628	200	414	628	269	320	614	121	469				609	187	418
"AK"	2004	"28-745"	"Klatt No. 1"	2323	1245	343	882	1242	424	770	1216	184	984				1204	316	883
"AK"	2004	"28-750"	"Oceanview No. 1"	1859	1108	373	703	1109	441	634	1080	175	843				1081	339	739
"AK"	2004	"28-755"	"Southport"	2186	1079	335	723	1078	453	572	1064	215	814				1047	321	719
"AK"	2004	"29-000"	"District 29 Absentee"	10871	994	376	593	991	469	477	973	251	674	822	327	429	810	332	475
"AK"	2004	"29-000"	"District 29 Question"	10871	486	166	311	483	238	209	467	101	346	120	40	69	119	55	64
"AK"	2004	"29-800"	"Campbell Creek No. 1"	1814	828	265	539	830	374	411	815	176	600	812	305	426	809	319	489
"AK"	2004	"29-805"	"Campbell Creek No. 2"	1459	742	270	458	742	334	361	722	170	521	724	330	329	720	295	422
"AK"	2004	"29-810"	"Campbell Creek No. 3"	992	347	136	201	347	166	165	343	90	234	343	148	169	338	118	218
"AK"	2004	"29-815"	"Dimond No. 2"	1331	619	186	411	616	277	283	612	118	467	611	235	306	600	258	340
"AK"	2004	"29-820"	"Dimond No. 3"	1135	416	136	260	414	187	204	410	91	295	405	133	223	402	157	243
"AK"	2004	"29-825"	"Independence Park No. 1"	1757	711	216	478	713	296	377	702	150	524	690	230	393	688	216	470
"AK"	2004	"29-830"	"Independence Park No. 2"	2383	960	307	623	961	439	475	937	194	716	928	336	518	917	347	566
"AK"	2004	"3"	"Region 3 Early Voting"	90034	7518	2733	4485	6311	2941	2996	6123	1421	4186						
"AK"	2004	"30-000"	"District 30 Absentee"	11859	1200	524	642	1199	627	535	1175	339	780	1056	477	515	1047	367	675
"AK"	2004	"30-000"	"District 30 Question"	11859	433	138	277	438	226	179	419	78	316	94	35	46	88	28	60
"AK"	2004	"30-835"	"Abbott Loop No. 1"	2396	1234	398	817	1233	534	637	1219	249	927	1200	442	654	1194	318	874
"AK"	2004	"30-840"	"Abbott Loop No. 2"	2482	1344	478	837	1352	604	685	1317	281	975	1329	536	662	1324	342	978
"AK"	2004	"30-845"	"Abbott Loop No. 3"	721	419	147	263	420	177	238	411	82	310	411	172	210	406	115	291
"AK"	2004	"30-850"	"Abbott Loop No. 4"	1284	683	264	401	683	288	369	653	143	475	673	307	333	662	190	471
"AK"	2004	"30-855"	"Laurel/Dowling"	1953	933	302	606	930	439	437	905	202	674	901	357	461	898	264	632
"AK"	2004	"30-860"	"Lore No. 1"	1507	834	244	573	835	331	452	820	183	607	820	293	463	811	202	608
"AK"	2004	"30-865"	"Lore No. 2"	1516	666	198	448	664	267	356	652	139	493	648	226	357	641	187	453
"AK"	2004	"31-000"	"District 31 Absentee"	13189	1414	519	856	1404	626	724	1371	312	982				1214	456	754
"AK"	2004	"31-000"	"District 31 Question"	13189	350	120	221	351	166	173	337	69	257				67	33	34
"AK"	2004	"31-900"	"Huffman No. 1"	1291	594	182	403	590	241	314	579	104	457				567	159	408
"AK"	2004	"31-905"	"Huffman No. 2"	2186	1194	301	879	1193	384	758	1177	164	970				1169	308	860
"AK"	2004	"31-910"	"Huffman No. 3"	1714	903	283	596	905	365	487	884	163	685				883	335	547
"AK"	2004	"31-915"	"Huffman No. 4"	1305	721	222	481	720	296	401	702	127	543				702	262	438
"AK"	2004	"31-920"	"Huffman No. 5"	1849	999	301	681	1000	391	589	979	161	787				970	283	685
"AK"	2004	"31-925"	"Huffman No. 6"	883	472	133	335	470	172	288	459	65	374				460	131	328
"AK"	2004	"31-930"	"Huffman No. 7"	2199	1241	451	761	1241	537	668	1208	250	877				1209	450	754
"AK"	2004	"31-935"	"Huffman No. 8"	1762	949	341	590	950	391	528	921	181	682				915	325	588
"AK"	2004	"32-000"	"District 32 Absentee"	14476	2173	918	1194	2154	1043	1022	2100	592	1351				1942	782	1074
"AK"	2004	"32-000"	"District 32 Question"	14476	372	137	227	372	172	179	359	74	263				69	27	33
"AK"	2004	"32-940"	"Bear Valley"	1010	546	238	286	547	279	238	530	145	326				534	209	268
"AK"	2004	"32-945"	"Centennial Park"	275	145	77	65	148	105	35	134	56	69				137	94	33
"AK"	2004	"32-950"	"Chugach Park No. 1"	2556	1437	427	981	1433	528	833	1400	256	1079				1400	437	906
"AK"	2004	"32-955"	"Chugach Park No. 2"	1632	873	331	522	876	378	477	847	169	631				853	305	525
"AK"	2004	"32-960"	"Girdwood"	1888	943	630	269	941	621	251	908	339	415				895	527	275
"AK"	2004	"32-965"	"Golden View"	1856	1019	373	625	1017	441	538	981	209	713				1000	323	612
"AK"	2004	"32-970"	"Hiland"	1989	1027	268	747	1025	353	599	1006	184	780				996	263	687
"AK"	2004	"32-975"	"Hope"	169	86	47	34	85	52	23	83	31	39				86	39	37
"AK"	2004	"32-980"	"Indian"	276	160	87	63	160	96	48	155	55	71				157	74	67
"AK"	2004	"32-985"	"Rabbit Creek"	2199	1233	420	783	1231	511	672	1195	233	882				1194	407	699
"AK"	2004	"32-990"	"Stuckagain Heights"	328	213	106	104	213	116	96	209	60	130				211	111	100
"AK"	2004	"32-995"	"Whittier"	298	150	59	81	147	65	62	145	32	101				141	57	67
"AK"	2004	"33-000"	"District 33 Absentee"	12375	1917	527	1327	1902	706	1083	1857	366	1400	1779		1359	1849	818	1025
"AK"	2004	"33-000"	"District 33 Question"	12375	319	69	238	318	98	186	310	44	248	297		251	311	131	180
"AK"	2004	"33-700"	"Central"	2798	1225	254	926	1224	364	751	1203	172	963	1184		913	1198	412	780
"AK"	2004	"33-710"	"Kenai No. 1"	2537	1040	273	718	1038	370	579	1016	186	772	1007		763	1026	482	542
"AK"	2004	"33-720"	"Kenai No. 2"	1239	565	133	410	562	194	316	552	86	431	535		396	552	250	301
"AK"	2004	"33-730"	"Kenai No. 3"	1202	502	132	359	503	170	295	493	92	382	490		397	493	244	248
"AK"	2004	"33-740"	"K-Beach"	1675	812	172	613	813	208	539	800	95	662	786		617	799	303	495
"AK"	2004	"33-750"	"Soldotna"	2924	1288	319	932	1290	473	722	1268	220	987	1235		983	1264	485	777
"AK"	2004	"34-000"	"District 34 Absentee"	12469	2252	533	1640	2240	660	1392	2205	341	1722	2113		1615	2092		1555
"AK"	2004	"34-000"	"District 34 Question"	12469	151	23	121	148	34	90	142	11	122	140		109	143		107
"AK"	2004	"34-810"	"Funny River"	1400	591	109	453	591	182	360	581	71	468	571		420	565		393
"AK"	2004	"34-820"	"Kasilof"	1574	813	249	521	811	279	435	801	140	560	772		541	755		493
"AK"	2004	"34-830"	"Mackey Lake"	1494	661	119	528	659	169	439	649	89	533	631		511	632		456
"AK"	2004	"34-840"	"Nikiski"	1648	795	157	595	791	216	491	784	102	625	761		562	773		595
"AK"	2004	"34-850"	"Ninilchik"	1405	526	133	373	525	184	276	518	90	384	494		374	492		355
"AK"	2004	"34-870"	"Salamatoff"	1848	883	155	700	884	210	589	876	81	727	866		647	864		707
"AK"	2004	"34-880"	"Sterling"	3100	1411	242	1134	1409	331	970	1378	145	1168	1351		1092	1354		870
"AK"	2004	"35-000"	"District 35 Absentee"	13017	2601	1280	1204	2595	1481	951	2526	822	1427	2519	1345	1158	2529	857	1187
"AK"	2004	"35-000"	"District 35 Question"	13017	298	127	152	291	132	123	281	66	177	281	120	157	282	77	141
"AK"	2004	"35-010"	"Homer No. 1"	2118	934	422	471	930	458	407	911	227	559	923	440	483	925	294	399
"AK"	2004	"35-020"	"Homer No. 2"	2032	849	345	465	845	392	386	833	192	537	828	348	480	836	259	371
"AK"	2004	"35-030"	"Anchor Point"	1326	658	157	471	650	195	387	639	97	494	638	203	435	647	107	418
"AK"	2004	"35-040"	"Bear Creek"	1414	648	245	375	647	298	300	633	147	440	636	273	363	633	165	368
"AK"	2004	"35-050"	"Cooper Landing"	422	157	52	98	157	66	82	154	35	107	151	63	88	149	23	78
"AK"	2004	"35-060"	"Diamond Ridge"	886	383	217	150	385	232	134	381	129	194	378	193	184	382	139	151
"AK"	2004	"35-070"	"Kachemak Bay"	803	216	88	116	218	95	107	210	50	129	208	90	117	213	60	113
"AK"	2004	"35-080"	"Kachemak City/Fritz Creek"	1418	743	376	331	744	409	274	730	203	414	733	356	370	739	272	309
"AK"	2004	"35-090"	"Moose Pass"	352	169	59	100	170	85	64	168	48	108	163	83	80	161	49	83
"AK"	2004	"35-095"	"Seldovia"	377	180	80	90	181	97	64	178	51	114	178	92	86	175	56	83
"AK"	2004	"35-098"	"Seward"	1869	797	332	419	796	441	290	776	188	532	783	388	393	782	262	371
"AK"	2004	"36-000"	"District 36 Absentee"	10360	1582	449	1081	1559	528	931	1519	292	1138	1533	413	1117	1378		1211
"AK"	2004	"36-000"	"District 36 Question"	10360	261	94	159	260	145	99	247	43	192	247	73	172	223		183
"AK"	2004	"36-605"	"Chiniak"	128	60	13	40	59	26	29	56	6	39	59	29	30	59		46
"AK"	2004	"36-608"	"Flats"	2122	673	188	472	669	223	400	643	114	496	657	205	451	602		466
"AK"	2004	"36-615"	"Kodiak Island South"	220	36	8	27	34	12	20	36	2	33	37	7	28	32		31
"AK"	2004	"36-618"	"Kodiak No. 1"	2063	893	289	562	884	388	443	851	158	631	879	296	577	823		589
"AK"	2004	"36-620"	"Kodiak No. 2"	1848	843	280	543	845	436	369	801	143	625	823	266	557	779		603
"AK"	2004	"36-622"	"Mission Road"	2737	1479	490	919	1468	598	780	1422	277	1062	1454	477	967	1312		897
"AK"	2004	"36-625"	"Old Harbor"	152	64	16	45	63	34	24	64	9	52	63	38	25	62		61
"AK"	2004	"36-635"	"Ouzinkie"	144	67	41	26	69	55	11	66	19	41	68	45	23	62		59
"AK"	2004	"36-645"	"Port Lions"	260	87	25	62	89	41	41	87	9	75	88	36	52	81		68
"AK"	2004	"36-655"	"Iliamna/Newhalen"	196	90	34	49	91	48	39	88	17	67	88	46	42	86		86
"AK"	2004	"36-665"	"Kokhanok/Igiugig"	134	67	16	49	67	31	27	68	8	60	64	20	44	65		65
"AK"	2004	"36-676"	"Levelock"	50	18	10	8	18	16	2	18	5	13	18	10	8	16		14
"AK"	2004	"36-685"	"Nondalton"	248	61	36	24	63	43	18	62	21	40	61	29	32	60		59
"AK"	2004	"36-696"	"Pedro Bay"	58	22	6	14	22	9	11	20	4	15	21	8	13	15		15
"AK"	2004	"37-000"	"District 37 Absentee"	7743	892	329	535	890	388	464	870	177	655				864	512	344
"AK"	2004	"37-000"	"District 37 Question"	7743	125	50	70	127	72	48	126	29	88				124	93	30
"AK"	2004	"37-700"	"Akutan"	175	59	24	32	59	26	27	59	16	41				59	44	15
"AK"	2004	"37-702"	"Aleknagik"	135	48	17	30	49	29	17	48	11	32				46	38	7
"AK"	2004	"37-704"	"Aleutians #1"	354	32	14	16	32	17	9	32	7	20				32	30	1
"AK"	2004	"37-706"	"Aleutians #2"	1649	783	378	375	775	432	298	755	229	477				755	519	235
"AK"	2004	"37-708"	"Chigniks"	261	32	3	27	32	11	19	31	1	30				31	15	16
"AK"	2004	"37-710"	"Clarks Point"	56	22	4	18	22	16	4	22	3	19				21	17	4
"AK"	2004	"37-712"	"Cold Bay"	143	38	6	32	38	13	23	37	9	25				37	14	22
"AK"	2004	"37-714"	"Dillingham"	1498	737	333	382	737	443	263	726	156	513				717	496	220
"AK"	2004	"37-716"	"Egegik/Pilot Point"	147	25	4	18	25	6	15	25	3	21				25	13	12
"AK"	2004	"37-718"	"Ekwok"	78	40	5	35	41	22	18	41	4	35				41	29	12
"AK"	2004	"37-720"	"King Cove"	336	144	29	111	145	23	115	139	11	123				142	56	86
"AK"	2004	"37-722"	"King Salmon"	378	187	48	135	188	68	111	184	31	144				182	103	79
"AK"	2004	"37-724"	"Koliganek"	100	52	11	40	51	29	20	51	0	50				50	39	11
"AK"	2004	"37-726"	"Manokotak"	213	123	48	71	123	100	22	123	22	96				121	109	12
"AK"	2004	"37-728"	"Naknek"	449	202	63	133	202	89	99	199	36	153				198	106	91
"AK"	2004	"37-730"	"New Stuyahok"	249	153	62	84	155	137	15	154	22	127				150	34	116
"AK"	2004	"37-732"	"Port Heiden"	86	40	5	35	40	27	12	38	2	36				36	23	13
"AK"	2004	"37-734"	"Sand Point"	483	181	39	140	180	36	133	177	15	156				174	103	70
"AK"	2004	"37-736"	"South Naknek"	83	29	11	17	29	8	21	28	0	28				29	24	5
"AK"	2004	"37-738"	"St. George Island"	91	36	15	21	36	13	21	36	3	30				36	21	15
"AK"	2004	"37-740"	"St. Paul Island"	333	145	48	96	146	63	73	145	20	123				143	90	52
"AK"	2004	"37-742"	"Togiak"	446	188	41	138	188	127	55	187	24	155				183	124	59
"AK"	2004	"38-000"	"District 38 Absentee"	7898	313	177	122	309	220	77	304	99	178				290	278	
"AK"	2004	"38-000"	"District 38 Question"	7898	179	83	90	180	141	34	179	37	130				172	169	
"AK"	2004	"38-800"	"Akiachak"	273	190	82	102	190	150	35	190	33	151				190	190	
"AK"	2004	"38-802"	"Akiak"	148	104	61	40	106	80	24	102	32	66				97	94	
"AK"	2004	"38-804"	"Atmautluak"	150	67	32	32	68	56	10	68	25	38				66	66	
"AK"	2004	"38-806"	"Bethel #1"	576	232	124	100	236	167	61	230	60	156				216	209	
"AK"	2004	"38-808"	"Bethel #2"	1594	693	366	303	690	461	203	679	207	425				639	615	
"AK"	2004	"38-810"	"Bethel #3"	969	397	176	204	400	262	123	392	101	269				375	362	
"AK"	2004	"38-812"	"Chefornak"	214	85	27	46	105	92	11	104	26	71				105	105	
"AK"	2004	"38-814"	"Eek"	164	100	37	62	100	82	16	98	11	86				94	93	
"AK"	2004	"38-816"	"Goodnews Bay"	167	78	19	55	78	58	17	78	13	62				75	75	
"AK"	2004	"38-818"	"Kalskag"	114	67	24	37	67	41	24	67	7	58				59	54	
"AK"	2004	"38-820"	"Kasigluk"	252	60	38	16	60	53	6	60	27	28				58	57	
"AK"	2004	"38-822"	"Kipnuk"	332	143	74	62	142	124	13	140	45	87				141	141	
"AK"	2004	"38-824"	"Kongiganak"	193	92	35	49	92	83	6	92	25	66				92	92	
"AK"	2004	"38-826"	"Kwethluk"	308	145	91	45	145	124	17	145	47	93				142	140	
"AK"	2004	"38-828"	"Kwigillongok"	187	72	33	38	73	61	11	72	24	46				73	72	
"AK"	2004	"38-830"	"Lower Kalskag"	145	82	41	36	81	59	16	82	26	55				81	80	
"AK"	2004	"38-832"	"Mekoryuk"	147	62	10	48	62	43	17	61	8	48				59	56	
"AK"	2004	"38-834"	"Napakiak"	167	79	44	33	79	70	6	78	22	53				77	75	
"AK"	2004	"38-836"	"Napaskiak"	190	71	34	35	71	59	12	71	26	41				68	65	
"AK"	2004	"38-838"	"Newtok"	151	107	41	58	110	58	46	109	17	78				106	105	
"AK"	2004	"38-840"	"Nightmute"	122	85	33	48	85	74	11	85	24	53				82	82	
"AK"	2004	"38-842"	"Nunapitchuk"	229	96	38	56	96	82	14	96	14	80				96	96	
"AK"	2004	"38-844"	"Quinhagak"	270	149	50	94	151	125	23	147	29	116				146	143	
"AK"	2004	"38-846"	"Toksook Bay"	284	151	89	55	148	129	16	149	48	95				147	147	
"AK"	2004	"38-848"	"Tuluksak"	194	87	28	48	87	63	22	87	15	63				87	86	
"AK"	2004	"38-850"	"Tuntutuliak"	192	95	34	57	94	71	22	95	24	70				92	91	
"AK"	2004	"38-852"	"Tununak"	166	99	62	33	98	84	12	97	45	41				97	97	
"AK"	2004	"39-000"	"District 39 Absentee"	7848	360	160	185	358	207	136	353	79	262	347	300		347	247	
"AK"	2004	"39-000"	"District 39 Question"	7848	125	57	62	126	92	30	123	27	92	123	101		119	72	
"AK"	2004	"39-900"	"Alakanuk"	295	157	69	81	160	117	33	161	29	127	159	140		147	110	
"AK"	2004	"39-902"	"Brevig Mission"	152	108	37	66	108	86	19	108	17	90	108	100		108	81	
"AK"	2004	"39-904"	"Chevak"	351	175	92	78	175	144	25	171	44	123	167	131		166	119	
"AK"	2004	"39-906"	"Diomede"	81	43	25	11	43	31	9	43	10	30	42	41		43	33	
"AK"	2004	"39-908"	"Elim"	164	101	43	48	101	71	25	98	16	79	101	95		101	70	
"AK"	2004	"39-910"	"Emmonak"	378	213	104	98	214	155	52	215	49	159	212	174		208	119	
"AK"	2004	"39-912"	"Gambell"	266	155	46	98	154	105	41	154	21	124	155	121		153	76	
"AK"	2004	"39-914"	"Golovin"	95	60	20	39	62	42	16	61	6	54	62	61		62	44	
"AK"	2004	"39-916"	"Hooper Bay"	442	209	96	101	212	167	37	214	43	162	211	181		212	140	
"AK"	2004	"39-918"	"Kotlik"	225	115	64	41	115	91	21	115	17	94	115	103		115	38	
"AK"	2004	"39-920"	"Koyuk"	159	110	43	64	111	81	23	115	22	84	111	107		109	75	
"AK"	2004	"39-922"	"Mountain Village"	392	203	80	111	202	134	56	201	33	161	200	151		197	77	
"AK"	2004	"39-924"	"Nome #1"	1049	495	211	268	497	259	222	490	92	382	489	392		487	413	
"AK"	2004	"39-926"	"Nome #2"	1184	631	271	333	633	342	264	619	126	454	629	527		627	532	
"AK"	2004	"39-928"	"Nunam Iqua"	77	37	14	10	37	24	7	35	10	21	36	29		36	26	
"AK"	2004	"39-930"	"Pilot Station"	283	148	42	99	148	109	35	145	17	123	148	126		144	69	
"AK"	2004	"39-932"	"Pitkas Point"	61	33	10	18	33	31	1	33	6	24	32	23		33	16	
"AK"	2004	"39-934"	"Savoonga"	344	209	92	83	209	185	19	205	40	162	209	167		209	116	
"AK"	2004	"39-936"	"Scammon Bay"	202	94	25	64	94	76	18	93	10	78	92	79		92	56	
"AK"	2004	"39-938"	"Shaktoolik"	122	69	15	50	69	48	20	68	3	64	69	59		69	27	
"AK"	2004	"39-940"	"St. Mary's"	281	149	88	54	151	116	23	148	37	107	145	122		147	38	
"AK"	2004	"39-942"	"St. Michael"	184	99	35	58	100	66	28	99	14	80	99	77		102	44	
"AK"	2004	"39-944"	"Stebbins"	241	128	57	64	127	95	26	125	17	100	127	106		128	38	
"AK"	2004	"39-946"	"Teller"	144	76	24	48	74	48	23	74	11	61	76	71		75	65	
"AK"	2004	"39-948"	"Unalakleet"	450	219	92	123	220	154	58	218	25	189	219	172		218	76	
"AK"	2004	"39-950"	"Wales"	94	44	21	18	44	27	14	44	11	30	44	36		44	37	
"AK"	2004	"39-952"	"White Mountain"	132	70	30	34	70	44	17	70	11	58	70	63		69	59	
"AK"	2004	"4"	"Region 4 Early Voting"	32014	933	402	474	453	238	182	440	98	305						
"AK"	2004	"40-000"	"District 40 Absentee"	8525	405	164	231	402	239	158	394	104	272	379	174		368	358	
"AK"	2004	"40-000"	"District 40 Question"	8525	207	82	121	208	141	62	205	36	163	206	70		197	192	
"AK"	2004	"40-002"	"Ambler"	163	81	33	45	79	63	15	81	22	53	80	57		79	77	
"AK"	2004	"40-004"	"Anaktuvuk Pass"	299	114	51	56	114	76	32	112	28	80	110	54		107	107	
"AK"	2004	"40-007"	"Atqasuk"	157	84	32	48	84	57	21	84	13	66	84	26		81	81	
"AK"	2004	"40-008"	"Barrow"	2089	924	355	535	925	570	317	907	171	689	919	244		843	819	
"AK"	2004	"40-010"	"Browerville"	586	311	132	170	315	208	95	311	61	231	309	86		284	278	
"AK"	2004	"40-012"	"Buckland"	182	112	38	73	114	95	15	112	27	80	111	72		110	108	
"AK"	2004	"40-014"	"Deering"	87	48	27	17	49	36	8	48	15	31	49	36		49	48	
"AK"	2004	"40-016"	"Kaktovik"	187	97	15	76	98	45	44	97	17	73	96	38		93	92	
"AK"	2004	"40-018"	"Kiana"	223	120	44	73	120	86	31	117	27	84	117	67		115	111	
"AK"	2004	"40-020"	"Kivalina"	186	94	26	56	94	64	22	94	22	70	94	59		93	93	
"AK"	2004	"40-022"	"Kobuk"	68	44	11	32	45	39	4	44	7	33	41	27		41	41	
"AK"	2004	"40-024"	"Kotzebue"	1788	858	400	429	859	601	229	844	198	605	841	547		800	762	
"AK"	2004	"40-026"	"Noatak"	238	158	52	98	158	125	29	158	28	128	157	101		156	156	
"AK"	2004	"40-028"	"Noorvik"	337	191	60	123	193	142	43	188	31	150	186	95		184	180	
"AK"	2004	"40-030"	"Nuiqsut"	250	118	54	58	119	82	28	118	24	90	118	29		113	113	
"AK"	2004	"40-032"	"Point Hope"	398	178	81	80	180	108	68	179	42	124	176	67		172	172	
"AK"	2004	"40-034"	"Point Lay"	119	51	14	35	52	30	17	52	10	39	46	17		46	46	
"AK"	2004	"40-038"	"Selawik"	368	202	78	119	203	149	51	201	29	168	199	111		194	192	
"AK"	2004	"40-040"	"Shishmaref"	327	197	108	83	197	160	26	196	37	159	195	162		192	192	
"AK"	2004	"40-042"	"Shungnak"	136	90	32	58	90	81	9	87	21	66	90	49		85	85	
"AK"	2004	"40-044"	"Wainwright"	337	171	37	127	172	85	75	172	18	146	172	31		170	168	
"AK"	2004	"A"	"Senate A Early Voting"											65	23	42			
"AK"	2004	"C"	"Senate C Early Voting"											228	127	100			
"AK"	2004	"E"	"Senate E Early Voting"											1152	512	635			
"AK"	2004	"G"	"Senate G Early Voting"											309	82	225			
"AK"	2004	"I"	"Senate I Early Voting"											267		250			
"AK"	2004	"K"	"Senate K Early Voting"											496	255	239			
"AK"	2004	"M"	"Senate M Early Voting"											589	363	225			
"AK"	2004	"O"	"Senate O Early Voting"											1088	426	581			
"AK"	2004	"Q"	"Senate Q Early Voting"											324		254			
"AK"	2004	"R"	"Senate R Early Voting"											30	8	22			
"AK"	2004	"T"	"Senate T Early Voting"											131	107				
"AK"	2004	"01-000"	"District 1 Early Voting"														5	1	4
"AK"	2004	"02-000"	"District 2 Early Voting"														25	9	16
"AK"	2004	"03-000"	"District 3 Early Voting"														567	381	184
"AK"	2004	"04-000"	"District 4 Early Voting"														1145	449	692
"AK"	2004	"05-000"	"District 5 Early Voting"														36	22	14
"AK"	2004	"06-000"	"District 6 Early Voting"														185	118	66
"AK"	2004	"07-000"	"District 7 Early Voting"														789	370	265
"AK"	2004	"08-000"	"District 8 Early Voting"														644	362	279
"AK"	2004	"09-000"	"District 9 Early Voting"														474	263	211
"AK"	2004	"10-000"	"District 10 Early Voting"														412	136	273
"AK"	2004	"11-000"	"District 11 Early Voting"														381		360
"AK"	2004	"12-000"	"District 12 Early Voting"														93		85
"AK"	2004	"13-000"	"District 13 Early Voting"														39	9	30
"AK"	2004	"14-000"	"District 14 Early Voting"														32	15	17
"AK"	2004	"15-000"	"District 15 Early Voting"														82		50
"AK"	2004	"16-000"	"District 16 Early Voting"														67	23	44
"AK"	2004	"17-000"	"District 17 Early Voting"														134		75
"AK"	2004	"18-000"	"District 18 Early Voting"														60		52
"AK"	2004	"19-000"	"District 19 Early Voting"														138	58	80
"AK"	2004	"20-000"	"District 20 Early Voting"														97	38	59
"AK"	2004	"21-000"	"District 21 Early Voting"														266	125	141
"AK"	2004	"22-000"	"District 22 Early Voting"														149	73	75
"AK"	2004	"23-000"	"District 23 Early Voting"														171	112	59
"AK"	2004	"24-000"	"District 24 Early Voting"														318	176	141
"AK"	2004	"25-000"	"District 25 Early Voting"														152	145	
"AK"	2004	"26-000"	"District 26 Early Voting"														314	185	123
"AK"	2004	"27-000"	"District 27 Early Voting"														509	218	290
"AK"	2004	"28-000"	"District 28 Early Voting"														640	184	454
"AK"	2004	"29-000"	"District 29 Early Voting"														461	186	275
"AK"	2004	"30-000"	"District 30 Early Voting"														549	184	365
"AK"	2004	"31-000"	"District 31 Early Voting"														787	255	531
"AK"	2004	"32-000"	"District 32 Early Voting"														701	274	396
"AK"	2004	"33-000"	"District 33 Early Voting"														1	1	0
"AK"	2004	"34-000"	"District 34 Early Voting"														1		0
"AK"	2004	"35-000"	"District 35 Early Voting"														2	1	1
"AK"	2004	"36-000"	"District 36 Early Voting"														1		1
"AK"	2004	"37-000"	"District 37 Early Voting"														0	0	0
"AK"	2004	"38-000"	"District 38 Early Voting"														0	0	
"AK"	2004	"39-000"	"District 39 Early Voting"														88	77	
"AK"	2004	"40-000"	"District 40 Early Voting"														2	2	
