state	year	ed_precinct	precinct	ed	precinct_code	g2002_REG_tv	g2002_GOV_tv	g2002_GOV_dv	g2002_GOV_rv	g2002_STH_dv	g2002_STH_rv	g2002_STS_dv	g2002_STS_rv	g2002_USH_dv	g2002_USH_rv	g2002_USS_dv	g2002_USS_rv
"AK"	2002	"01-000"	"District 1 Absentee"	1	0						701			140	732	101	754
"AK"	2002	"01-000"	"District 1 Question"	1	0						135			44	178	35	177
"AK"	2002	"01-110"	"Ketchikan No. 1"	1	110	2174	697	237	427		507			114	502	81	516
"AK"	2002	"01-120"	"Ketchikan No. 2"	1	120	2361	915	281	603		682			141	688	102	712
"AK"	2002	"01-130"	"Ketchikan No. 3"	1	130	1611	587	139	436		460			63	494	44	514
"AK"	2002	"01-140"	"North Tongass No. 1"	1	140	817	351	77	269		276			47	287	31	288
"AK"	2002	"01-150"	"North Tongass No. 2"	1	150	1497	664	139	509		509			63	560	34	576
"AK"	2002	"01-160"	"Saxman"	1	160	290	114	56	54		75			24	81	17	79
"AK"	2002	"01-170"	"South Tongass"	1	170	1465	579	152	417		439			74	466	55	469
"AK"	2002	"01-180"	"Thorne Bay"	1	180	617	193	32	156		151			23	165	7	165
"AK"	2002	"01-185"	"Coffman Cove"	1	185	175	52	8	43		38			2	47	2	46
"AK"	2002	"02-000"	"District 2 Absentee"	2	0					359	721			217	776	117	824
"AK"	2002	"02-000"	"District 2 Question"	2	0					65	46			36	120	29	123
"AK"	2002	"02-210"	"Sitka No. 1"	2	210	2630	967	542	388	569	389			228	612	161	663
"AK"	2002	"02-220"	"Sitka No. 2"	2	220	2174	888	469	404	460	427			201	588	144	620
"AK"	2002	"02-230"	"Halibut Point"	2	230	1226	465	254	202	263	198			117	304	85	324
"AK"	2002	"02-240"	"Sawmill Creek"	2	240	1363	580	330	237	311	268			127	374	98	402
"AK"	2002	"02-250"	"Petersburg/Kupreanof"	2	250	2590	1042	399	623	234	797			188	763	132	799
"AK"	2002	"02-260"	"Wrangell"	2	260	1816	783	164	594	143	632			79	670	52	684
"AK"	2002	"02-285"	"Pelican/Elfin Cove"	2	285	244	70	31	34	26	41			11	50	10	52
"AK"	2002	"02-295"	"Port Alexander"	2	295	81	23	15	6	13	8			7	12	6	13
"AK"	2002	"03-000"	"District 3 Absentee"	3	0					1305	791	1204	977	675	1193	425	1389
"AK"	2002	"03-000"	"District 3 Question"	3	0					150	97	184	185	118	241	92	253
"AK"	2002	"03-300"	"Douglas"	3	300	1715	809	505	286	515	282	472	333	240	429	151	488
"AK"	2002	"03-310"	"Juneau No. 1"	3	310	983	348	252	83	240	109	209	142	115	155	78	170
"AK"	2002	"03-320"	"Juneau No. 2"	3	320	1059	482	385	86	402	74	363	112	183	136	106	182
"AK"	2002	"03-330"	"Juneau No. 3"	3	330	1581	729	533	180	527	194	512	214	232	283	169	349
"AK"	2002	"03-340"	"Juneau No. 4"	3	340	1382	524	332	181	346	168	291	230	149	292	103	330
"AK"	2002	"03-350"	"Juneau Airport Area"	3	350	1300	563	290	264	329	221	272	286	128	367	95	379
"AK"	2002	"03-360"	"Lemon Creek"	3	360	1272	562	278	272	293	261	260	299	121	409	94	419
"AK"	2002	"03-370"	"North Douglas"	3	370	1280	610	420	180	436	173	376	236	197	282	125	330
"AK"	2002	"03-380"	"Salmon Creek"	3	380	975	432	263	162	266	151	236	192	111	247	72	276
"AK"	2002	"03-390"	"Switzer Creek"	3	390	936	348	202	142	190	152	165	180	85	242	59	253
"AK"	2002	"04-000"	"District 4 Absentee"	4	0					886	1144	957	1172	461	1446	299	1573
"AK"	2002	"04-000"	"District 4 Question"	4	0					119	154	170	224	92	310	77	302
"AK"	2002	"04-410"	"Mendenhall Valley No. 1"	4	410	2284	908	465	432	412	482	385	520	195	627	142	663
"AK"	2002	"04-420"	"Mendenhall Valley No. 2"	4	420	2324	951	470	467	433	504	407	535	178	696	123	726
"AK"	2002	"04-430"	"Mendenhall Valley No. 3"	4	430	2180	948	444	486	411	521	404	533	164	717	124	724
"AK"	2002	"04-440"	"Mendenhall Valley No. 4"	4	440	2216	936	455	467	403	520	406	523	168	676	120	702
"AK"	2002	"04-450"	"Auke Bay/Fritz Cove"	4	450	1926	804	423	359	365	421	384	410	181	475	121	516
"AK"	2002	"04-460"	"Lynn Canal"	4	460	1114	597	367	221	289	298	330	267	164	303	87	358
"AK"	2002	"05-000"	"District 5 Absentee"	5	0					671	561	688	536	301	818	207	837
"AK"	2002	"05-000"	"District 5 Question"	5	0					24	11	23	16	33	60	20	67
"AK"	2002	"05-500"	"Angoon"	5	500	627	214	147	53	120	89	159	54	66	141	56	139
"AK"	2002	"05-502"	"Cordova"	5	502	1933	783	293	463	212	561	401	352	128	559	78	599
"AK"	2002	"05-504"	"Craig"	5	504	996	353	128	211	164	173	136	197	47	271	33	274
"AK"	2002	"05-506"	"Gustavus"	5	506	459	189	118	66	109	72	113	69	50	83	33	83
"AK"	2002	"05-510"	"Haines No. 1"	5	510	1931	814	370	420	425	369	398	398	201	507	125	523
"AK"	2002	"05-512"	"Haines Highway"	5	512	332	132	67	60	65	62	64	62	35	73	15	78
"AK"	2002	"05-514"	"Hoonah"	5	514	766	334	185	138	235	98	201	127	91	222	66	229
"AK"	2002	"05-516"	"Hydaburg"	5	516	321	117	86	27	96	19	92	21	33	66	36	57
"AK"	2002	"05-518"	"Kake"	5	518	501	234	151	74	188	46	183	51	55	168	40	167
"AK"	2002	"05-525"	"Kasaan"	5	525	53	22	5	13	11	10	8	10	5	15	2	17
"AK"	2002	"05-530"	"Klawock"	5	530	936	266	111	147	174	85	148	106	60	192	48	191
"AK"	2002	"05-535"	"Klukwan"	5	535	93	45	23	19	32	11	34	10	8	35	10	32
"AK"	2002	"05-540"	"Metlakatla"	5	540	993	428	159	255	332	88	226	193	56	362	43	363
"AK"	2002	"05-550"	"Skagway"	5	550	909	325	175	137	198	122	187	131	93	188	61	202
"AK"	2002	"05-556"	"Tatitlek"	5	556	191	25	19	6	22	3	25	0	1	23	2	21
"AK"	2002	"05-565"	"Tenakee"	5	565	144	52	24	21	38	14	24	26	13	27	9	30
"AK"	2002	"05-570"	"Yakutat"	5	570	518	227	125	97	149	77	157	67	54	157	39	162
"AK"	2002	"06-000"	"District 6 Absentee"	6	0						691	365	485	154	660	111	675
"AK"	2002	"06-000"	"District 6 Question"	6	0						72	58	33	50	157	29	166
"AK"	2002	"06-505"	"Allakaket"	6	505	144	76	65	7		61	74	2	29	42	27	43
"AK"	2002	"06-510"	"Aniak"	6	510	357	155	86	60		130	110	42	13	111	13	117
"AK"	2002	"06-515"	"Anvik"	6	515	60	35	18	16		30	28	7	5	29	6	26
"AK"	2002	"06-520"	"Arctic Village"	6	520	84	34	28	2		21	33	1	25	5	18	6
"AK"	2002	"06-525"	"Beaver"	6	525	68	28	19	3		26	28	1	10	15	10	18
"AK"	2002	"06-530"	"Bettles"	6	530	115	27	9	16		20	13	14	2	18	4	19
"AK"	2002	"06-533"	"Central"	6	533	256	67	7	58		53	8	59	4	58	2	57
"AK"	2002	"06-537"	"Chistochina"	6	537	280	91	23	63		78	33	56	10	74	10	68
"AK"	2002	"06-540"	"Chuathbaluk"	6	540	69	24	13	10		22	21	3	1	22	2	20
"AK"	2002	"06-542"	"Circle"	6	542	83	33	23	9		24	25	8	8	23	3	27
"AK"	2002	"06-543"	"Copper Center"	6	543	721	206	63	135		172	86	119	23	166	17	173
"AK"	2002	"06-545"	"Crooked Creek"	6	545	67	24	9	15		23	11	13	4	17	3	21
"AK"	2002	"06-546"	"Deltana"	6	546	1114	328	62	245		271	69	250	29	277	12	279
"AK"	2002	"06-547"	"Dot Lake"	6	547	146	44	10	33		36	15	28	3	39	1	40
"AK"	2002	"06-550"	"Eagle"	6	550	238	73	18	48		52	23	45	9	53	9	46
"AK"	2002	"06-555"	"Fort Yukon"	6	555	486	156	111	36		122	127	32	53	88	34	107
"AK"	2002	"06-557"	"Gakona"	6	557	263	117	34	78		91	46	69	12	97	6	89
"AK"	2002	"06-560"	"Galena"	6	560	375	204	91	108		173	142	64	27	170	22	162
"AK"	2002	"06-565"	"Grayling"	6	565	118	47	30	16		41	39	8	7	28	3	36
"AK"	2002	"06-570"	"Holy Cross"	6	570	133	50	43	5		42	48	2	14	32	13	29
"AK"	2002	"06-575"	"Hughes"	6	575	50	26	20	6		21	25	2	8	18	7	19
"AK"	2002	"06-580"	"Huslia"	6	580	157	94	62	27		82	81	11	17	72	17	69
"AK"	2002	"06-590"	"Kaltag"	6	590	149	84	65	19		75	76	10	14	73	11	75
"AK"	2002	"06-593"	"Kenny Lake"	6	593	441	174	58	102		132	64	110	25	116	11	115
"AK"	2002	"06-595"	"Koyukuk"	6	595	77	36	27	8		34	35	2	9	25	8	27
"AK"	2002	"06-605"	"Manley Hot Springs"	6	605	130	39	11	20		27	16	22	11	24	6	26
"AK"	2002	"06-607"	"Marshall"	6	607	170	75	54	19		63	67	8	12	60	11	57
"AK"	2002	"06-610"	"McGrath"	6	610	363	125	52	69		99	74	50	23	92	16	93
"AK"	2002	"06-613"	"Mentasta"	6	613	106	50	34	14		44	37	15	17	29	12	27
"AK"	2002	"06-615"	"Minto"	6	615	167	87	64	12		62	84	3	23	64	20	65
"AK"	2002	"06-620"	"Nenana"	6	620	610	285	92	175		236	117	167	46	219	28	222
"AK"	2002	"06-625"	"Nikolai"	6	625	74	46	25	21		38	37	7	5	38	2	43
"AK"	2002	"06-627"	"Northway"	6	627	244	82	36	43		64	63	19	8	73	7	74
"AK"	2002	"06-630"	"Nulato"	6	630	201	83	55	26		73	72	10	12	64	8	73
"AK"	2002	"06-650"	"Ruby"	6	650	142	55	39	12		43	27	27	7	39	2	45
"AK"	2002	"06-655"	"Russian Mission"	6	655	167	75	48	22		68	59	11	14	58	9	60
"AK"	2002	"06-660"	"Shageluk"	6	660	92	37	28	7		33	37	0	8	29	8	28
"AK"	2002	"06-665"	"Sleetmute"	6	665	147	21	12	7		18	13	8	0	20	6	13
"AK"	2002	"06-675"	"Stevens Village"	6	675	123	35	29	5		23	34	1	16	15	12	21
"AK"	2002	"06-680"	"Takotna"	6	680	62	17	2	13		14	13	4	0	16	0	15
"AK"	2002	"06-683"	"Tanacross"	6	683	101	56	40	15		39	49	7	21	32	19	32
"AK"	2002	"06-685"	"Tanana"	6	685	193	89	79	7		60	80	7	29	47	27	51
"AK"	2002	"06-687"	"Tetlin"	6	687	86	30	21	8		24	30	0	5	24	4	23
"AK"	2002	"06-688"	"Tok"	6	688	1091	375	123	239		309	136	230	49	299	31	304
"AK"	2002	"06-695"	"Tyonek"	6	695	122	52	37	10		39	45	5	15	33	12	35
"AK"	2002	"06-700"	"Venetie"	6	700	140	57	40	11		43	53	4	27	23	21	26
"AK"	2002	"07-000"	"District 7 Absentee"	7	0					445	560	462	568	206	684	109	760
"AK"	2002	"07-000"	"District 7 Question"	7	0					57	74	94	100	59	289	51	293
"AK"	2002	"07-210"	"Chatanika"	7	210	66	24	3	19	2	21	5	19	1	18	3	18
"AK"	2002	"07-225"	"Farmers Loop"	7	225	2483	1327	681	607	688	627	726	598	253	772	162	908
"AK"	2002	"07-230"	"Fox"	7	230	794	380	107	257	126	250	132	240	45	287	25	292
"AK"	2002	"07-235"	"Goldstream No. 1"	7	235	1016	536	311	200	288	239	324	207	117	266	88	298
"AK"	2002	"07-240"	"Shanly"	7	240	1024	393	157	214	167	220	164	225	64	268	41	283
"AK"	2002	"07-245"	"Steele Creek/Gilmore"	7	245	2240	1118	453	630	519	587	485	623	163	750	123	797
"AK"	2002	"07-250"	"Steese East"	7	250	1781	890	292	571	314	562	303	578	112	678	75	705
"AK"	2002	"07-255"	"Steese West"	7	255	2884	1456	523	882	538	900	541	901	191	1054	125	1125
"AK"	2002	"07-260"	"Two Rivers"	7	260	974	457	123	313	130	326	135	320	39	363	30	370
"AK"	2002	"08-000"	"District 8 Absentee"	8	0					474	428	527	444	248	573	159	627
"AK"	2002	"08-000"	"District 8 Question"	8	0					82	55	130	101	84	255	59	280
"AK"	2002	"08-100"	"Anderson"	8	100	255	105	24	78	29	68	28	76	15	85	9	88
"AK"	2002	"08-110"	"Cantwell"	8	110	215	114	38	72	46	57	43	70	17	90	12	84
"AK"	2002	"08-115"	"Chena"	8	115	2663	1389	639	715	664	645	657	710	219	867	153	976
"AK"	2002	"08-120"	"Clear"	8	120	242	79	21	54	23	32	24	53	10	53	6	58
"AK"	2002	"08-125"	"Denali Park"	8	125	357	100	82	17	81	12	81	18	34	24	20	32
"AK"	2002	"08-130"	"Ester"	8	130	1140	672	388	246	409	230	410	258	136	296	105	353
"AK"	2002	"08-132"	"Geist"	8	132	1580	724	333	370	343	334	358	361	144	480	104	519
"AK"	2002	"08-134"	"Goldstream No. 2"	8	134	1086	628	392	204	405	177	425	199	135	258	101	307
"AK"	2002	"08-136"	"Healy"	8	136	705	340	132	200	122	185	133	202	68	232	44	235
"AK"	2002	"08-138"	"Pike"	8	138	699	306	103	192	117	176	101	202	40	224	24	247
"AK"	2002	"08-140"	"University Campus"	8	140	919	314	191	98	186	92	198	110	86	139	63	154
"AK"	2002	"08-143"	"University Hills"	8	143	872	388	227	139	234	129	247	136	55	172	43	201
"AK"	2002	"08-145"	"University West"	8	145	2161	1008	418	565	441	524	457	542	193	727	139	778
"AK"	2002	"09-000"	"District 9 Absentee"	9	0					257	340	166	414	133	453	96	489
"AK"	2002	"09-000"	"District 9 Question"	9	0					56	47	58	118	100	375	83	375
"AK"	2002	"09-305"	"Airport"	9	305	376	164	52	107	65	95	39	119	21	133	18	134
"AK"	2002	"09-310"	"Aurora"	9	310	2546	941	335	574	437	495	240	662	144	725	121	750
"AK"	2002	"09-320"	"Fairbanks No. 1"	9	320	590	264	97	158	110	152	79	173	53	188	33	195
"AK"	2002	"09-330"	"Fairbanks No. 3"	9	330	1269	571	236	315	254	310	161	374	94	395	68	423
"AK"	2002	"09-335"	"Fairbanks No. 4"	9	335	1004	456	175	262	226	230	128	304	85	324	55	350
"AK"	2002	"09-340"	"Fairbanks No. 5"	9	340	1016	537	170	349	230	305	98	424	63	432	37	462
"AK"	2002	"09-345"	"Fairbanks No. 6"	9	345	1619	486	222	243	257	217	171	286	111	341	81	358
"AK"	2002	"09-350"	"Fairbanks No. 7"	9	350	1691	462	203	235	243	211	161	273	114	311	98	314
"AK"	2002	"09-353"	"Fairbanks No. 10"	9	353	1966	531	216	293	282	240	157	339	109	377	84	391
"AK"	2002	"10-000"	"District 10 Absentee"	10	0						494	134	434	109	478	91	492
"AK"	2002	"10-000"	"District 10 Question"	10	0						31	39	59	54	174	34	187
"AK"	2002	"10-325"	"Fairbanks No. 2"	10	325	1011	308	127	154		208	108	184	89	192	68	207
"AK"	2002	"10-355"	"Fairbanks No. 8"	10	355	2372	861	302	533		702	211	601	135	645	95	687
"AK"	2002	"10-360"	"Fairbanks No. 9"	10	360	2365	1087	384	678		892	242	804	164	853	118	883
"AK"	2002	"10-365"	"Fort Wainwright"	10	365	6542	691	219	450		600	164	484	133	530	103	542
"AK"	2002	"10-367"	"Lakeview"	10	367	909	250	69	170		189	49	190	30	205	23	206
"AK"	2002	"11-000"	"District 11 Absentee"	11	0						588		581	71	591	47	602
"AK"	2002	"11-000"	"District 11 Question"	11	0						127		148	14	304	14	297
"AK"	2002	"11-400"	"Badger No. 1"	11	400	1311	555	116	416		484		441	47	473	38	467
"AK"	2002	"11-405"	"Badger No. 2"	11	405	2123	863	201	636		767		692	90	729	61	731
"AK"	2002	"11-410"	"Chena Lakes"	11	410	2073	865	165	684		787		713	73	755	37	781
"AK"	2002	"11-415"	"Moose Creek"	11	415	494	178	30	139		164		135	14	159	8	162
"AK"	2002	"11-420"	"Newby"	11	420	2008	863	169	667		770		745	67	762	47	766
"AK"	2002	"11-425"	"North Pole"	11	425	1313	494	117	358		434		401	57	412	46	413
"AK"	2002	"11-430"	"Plack"	11	430	1801	744	160	558		663		619	71	641	52	645
"AK"	2002	"11-435"	"Richardson"	11	435	2039	852	192	626		729		692	82	715	56	727
"AK"	2002	"12-000"	"District 12 Absentee"	12	0						845		770	128	859	72	879
"AK"	2002	"12-000"	"District 12 Question"	12	0						52		62	38	295	30	294
"AK"	2002	"12-010"	"Big Delta"	12	10	902	367	85	270		311		288	38	304	24	294
"AK"	2002	"12-020"	"Delta Junction"	12	20	646	265	49	206		234		213	23	227	16	227
"AK"	2002	"12-025"	"Eielson"	12	25	5282	780	137	625		716		690	75	686	57	690
"AK"	2002	"12-030"	"Farm Loop"	12	30	748	309	100	195		225		184	41	235	23	234
"AK"	2002	"12-031"	"Glennallen"	12	31	817	269	46	213		238		207	13	244	9	225
"AK"	2002	"12-035"	"Salcha"	12	35	845	411	72	304		344		304	29	353	21	338
"AK"	2002	"12-043"	"Sheep Mountain"	12	43	322	106	24	77		84		79	12	88	5	88
"AK"	2002	"12-047"	"Sutton"	12	47	783	351	122	195		222		170	51	238	29	242
"AK"	2002	"12-050"	"Valdez No. 1"	12	50	986	400	146	248		324		271	57	320	39	331
"AK"	2002	"12-055"	"Valdez No. 2"	12	55	994	385	144	230		321		237	52	295	28	314
"AK"	2002	"12-060"	"Valdez No. 3"	12	60	1226	431	146	259		346		270	49	339	25	340
"AK"	2002	"13-000"	"District 13 Absentee"	13	0					70	550	225	717	136	844	73	879
"AK"	2002	"13-000"	"District 13 Question"	13	0					12	93	45	168	55	330	30	340
"AK"	2002	"13-005"	"Fishhook"	13	5	1241	614	193	397	37	344	155	429	81	480	41	496
"AK"	2002	"13-010"	"Greater Palmer"	13	10	1301	662	190	443	30	364	154	471	73	553	35	567
"AK"	2002	"13-015"	"Lakes"	13	15	1507	667	192	439	56	385	167	473	74	555	42	558
"AK"	2002	"13-020"	"Mat-Su Campus"	13	20	702	319	91	215	21	187	66	241	33	254	9	261
"AK"	2002	"13-025"	"Palmer"	13	25	3175	1279	400	821	89	650	331	878	149	1041	90	1045
"AK"	2002	"13-033"	"Palmer Fishhook"	13	33	864	384	111	261	24	209	85	278	41	307	16	322
"AK"	2002	"13-035"	"Pioneer Peak"	13	35	1155	496	139	348	27	292	118	353	55	410	29	418
"AK"	2002	"13-040"	"Trunk"	13	40	1563	599	158	426	34	354	130	453	64	503	28	514
"AK"	2002	"13-045"	"Walby Lake"	13	45	634	313	95	208	11	195	74	220	29	261	14	270
"AK"	2002	"14-000"	"District 14 Absentee"	14	0						603	186	709	110	797	50	821
"AK"	2002	"14-000"	"District 14 Question"	14	0						93	38	142	37	308	23	311
"AK"	2002	"14-050"	"Kings Lake"	14	50	2151	894	217	660		558	191	676	86	780	45	780
"AK"	2002	"14-055"	"Knik"	14	55	369	148	48	96		98	32	115	18	124	13	124
"AK"	2002	"14-060"	"Schrock"	14	60	2452	1089	250	806		737	203	856	100	939	60	944
"AK"	2002	"14-065"	"Seward Meridian"	14	65	1616	659	177	465		398	147	493	66	563	29	582
"AK"	2002	"14-070"	"Wasilla Lake"	14	70	1301	461	136	313		288	100	350	57	383	35	386
"AK"	2002	"14-075"	"Wasilla No. 1"	14	75	2188	838	205	592		523	192	621	92	712	57	722
"AK"	2002	"14-080"	"Wasilla No. 2"	14	80	2045	723	177	515		418	148	549	68	622	36	617
"AK"	2002	"15-000"	"District 15 Absentee"	15	0					270	567		715	130	762	71	770
"AK"	2002	"15-000"	"District 15 Question"	15	0					42	104		138	36	315	22	310
"AK"	2002	"15-100"	"Big Lake"	15	100	1740	799	183	576	213	518		607	85	651	46	661
"AK"	2002	"15-103"	"Houston"	15	103	847	340	85	236	99	208		258	32	280	24	276
"AK"	2002	"15-105"	"Knik Goose Bay"	15	105	2751	1128	268	788	324	706		865	124	936	73	936
"AK"	2002	"15-110"	"Meadow Lakes No. 1"	15	110	1588	546	142	381	175	339		420	59	449	34	457
"AK"	2002	"15-115"	"Meadow Lakes No. 2"	15	115	1490	612	139	439	186	375		451	68	495	42	504
"AK"	2002	"15-120"	"Susitna"	15	120	808	309	92	201	83	155		221	38	238	21	233
"AK"	2002	"15-125"	"Talkeetna"	15	125	826	318	179	116	152	113		170	58	165	27	163
"AK"	2002	"15-130"	"Trapper Creek"	15	130	625	149	42	104	32	90		104	15	119	9	115
"AK"	2002	"15-135"	"Willow"	15	135	1348	550	176	348	187	301		376	77	425	40	442
"AK"	2002	"16-000"	"District 16 Absentee"	16	0						612		647	106	729	58	739
"AK"	2002	"16-000"	"District 16 Question"	16	0						26		38	28	151	23	154
"AK"	2002	"16-140"	"Butte"	16	140	1812	837	238	552		491		651	87	693	46	691
"AK"	2002	"16-145"	"Eklutna"	16	145	1694	855	324	492		589		609	131	631	62	667
"AK"	2002	"16-150"	"Fairview"	16	150	763	387	75	306		284		311	26	345	11	344
"AK"	2002	"16-155"	"Lazy Mountain"	16	155	1551	806	235	533		486		556	79	642	35	630
"AK"	2002	"16-160"	"Peters Creek No. 1"	16	160	1869	967	248	689		726		767	95	814	46	820
"AK"	2002	"16-165"	"Peters Creek No. 2"	16	165	2327	1041	301	693		792		788	99	850	48	850
"AK"	2002	"16-170"	"Snowshoe"	16	170	1502	672	186	463		456		500	58	567	34	571
"AK"	2002	"16-175"	"Springer Loop"	16	175	540	285	76	198		203		215	25	244	11	245
"AK"	2002	"17-000"	"District 17 Absentee"	17	0						708	160	678	95	769	36	816
"AK"	2002	"17-000"	"District 17 Question"	17	0						46	16	56	30	188	18	195
"AK"	2002	"17-200"	"Chugach Park No. 3"	17	200	1239	608	204	381		444	159	442	87	476	44	505
"AK"	2002	"17-205"	"Dntn Eagle River No. 1"	17	205	2424	949	255	650		769	179	740	116	781	64	814
"AK"	2002	"17-210"	"Dntn Eagle River No. 2"	17	210	2022	833	254	549		642	191	612	105	685	50	712
"AK"	2002	"17-215"	"Eagle River No. 1"	17	215	1137	509	136	357		413	95	396	40	443	21	467
"AK"	2002	"17-220"	"Eagle River No. 2"	17	220	2899	1166	411	731		841	283	847	173	923	100	988
"AK"	2002	"17-225"	"Meadow Creek No. 1"	17	225	1320	613	208	387		474	145	451	75	490	43	504
"AK"	2002	"17-230"	"Meadow Creek No. 2"	17	230	1819	852	292	545		639	222	596	112	675	39	737
"AK"	2002	"18-000"	"District 18 Absentee"	18	0						524	100	471	74	530	43	553
"AK"	2002	"18-000"	"District 18 Question"	18	0						41	22	49	49	225	40	233
"AK"	2002	"18-235"	"Elmendorf"	18	235	5177	665	140	508		546	114	500	79	561	63	572
"AK"	2002	"18-240"	"Fire Lake"	18	240	1111	534	145	374		380	99	413	52	447	20	459
"AK"	2002	"18-245"	"Fort Richardson"	18	245	4124	488	145	318		423	134	335	109	364	77	390
"AK"	2002	"18-250"	"Government Hill No. 2"	18	250	944	271	113	149		209	122	129	62	184	44	192
"AK"	2002	"18-255"	"North Muldoon"	18	255	660	159	65	83		108	53	95	32	112	20	120
"AK"	2002	"19-000"	"District 19 Absentee"	19	0					189	379	233	333	112	475	66	500
"AK"	2002	"19-000"	"District 19 Question"	19	0					23	33	36	39	58	176	47	181
"AK"	2002	"19-300"	"Cheney Lake"	19	300	1093	549	218	316	211	333	262	276	81	417	41	451
"AK"	2002	"19-305"	"Creekside Park"	19	305	1928	792	295	467	264	513	355	424	118	632	69	655
"AK"	2002	"19-310"	"Muldoon No. 1"	19	310	1557	480	172	286	147	321	221	243	95	354	57	379
"AK"	2002	"19-315"	"Muldoon No. 2"	19	315	1354	414	160	241	144	258	180	214	67	316	56	316
"AK"	2002	"19-320"	"Muldoon No. 3"	19	320	1854	744	294	424	341	389	334	375	135	571	88	605
"AK"	2002	"19-325"	"Muldoon No. 4"	19	325	1403	545	209	321	190	344	244	277	98	412	55	445
"AK"	2002	"19-330"	"Nunaka Valley"	19	330	1797	658	312	307	288	348	372	255	144	432	86	466
"AK"	2002	"20-000"	"District 20 Absentee"	20	0					92	162	115	158	53	242	31	260
"AK"	2002	"20-000"	"District 20 Question"	20	0					32	20	44	27	61	190	57	194
"AK"	2002	"20-335"	"Northeast Anchorage"	20	335	2416	618	230	366	267	305	292	310	94	478	63	497
"AK"	2002	"20-340"	"North Mtn. View No. 1"	20	340	1576	391	193	174	192	168	223	144	107	254	75	272
"AK"	2002	"20-345"	"North Mtn. View No. 2"	20	345	1921	470	220	222	224	212	263	187	123	304	97	319
"AK"	2002	"20-350"	"South Mtn. View No. 1"	20	350	1666	574	260	297	285	254	321	237	117	420	77	440
"AK"	2002	"20-355"	"Wonder Park"	20	355	1731	591	269	304	311	251	313	259	135	410	86	443
"AK"	2002	"21-000"	"District 21 Absentee"	21	0					315	395			154	617	88	664
"AK"	2002	"21-000"	"District 21 Question"	21	0					25	22			48	224	30	235
"AK"	2002	"21-400"	"Baxter"	21	400	2466	1189	519	639	582	486			225	859	116	961
"AK"	2002	"21-405"	"Chester Valley"	21	405	2414	1117	440	654	477	569			204	835	118	906
"AK"	2002	"21-410"	"Chugach Foothills No. 1"	21	410	1339	473	193	275	213	205			105	346	66	363
"AK"	2002	"21-415"	"Chugach Foothills No. 2"	21	415	1967	856	386	450	465	333			164	642	98	691
"AK"	2002	"21-420"	"Reflection Lake"	21	420	2497	1002	419	553	504	411			181	736	113	791
"AK"	2002	"21-425"	"Scenic Park"	21	425	1245	641	232	393	324	249			109	495	55	542
"AK"	2002	"22-000"	"District 22 Absentee"	22	0					290	287			143	428	81	489
"AK"	2002	"22-000"	"District 22 Question"	22	0					48	33			81	244	60	255
"AK"	2002	"22-430"	"Airport Heights No. 1"	22	430	1457	515	243	247	289	218			121	341	82	360
"AK"	2002	"22-435"	"Airport Heights No. 2"	22	435	1431	693	399	273	444	234			170	418	107	469
"AK"	2002	"22-440"	"College Gate"	22	440	1650	816	392	401	402	403			187	547	101	625
"AK"	2002	"22-445"	"East Anchorage"	22	445	1682	462	230	214	243	209			107	315	59	348
"AK"	2002	"22-450"	"Russian Jack"	22	450	1020	378	166	197	179	192			87	261	57	283
"AK"	2002	"22-455"	"South Mtn. View No. 2"	22	455	776	184	84	92	92	86			41	131	28	138
"AK"	2002	"22-460"	"University No. 1"	22	460	748	173	103	59	101	63			58	80	34	89
"AK"	2002	"22-465"	"University No. 2"	22	465	1857	473	224	238	235	229			106	330	63	365
"AK"	2002	"23-000"	"District 23 Absentee"	23	0					462		385	329	192	476	110	554
"AK"	2002	"23-000"	"District 23 Question"	23	0					42		47	33	63	187	58	187
"AK"	2002	"23-500"	"Downtown Anchorage No. 1"	23	500	988	378	220	149	275		217	146	98	217	47	262
"AK"	2002	"23-505"	"Downtown Anchorage No. 2"	23	505	851	181	84	84	100		94	77	40	113	22	122
"AK"	2002	"23-510"	"Downtown Anchorage No. 3"	23	510	969	486	294	176	372		306	153	132	250	56	301
"AK"	2002	"23-515"	"Downtown Anchorage No. 4"	23	515	1722	517	308	185	378		331	167	149	287	85	342
"AK"	2002	"23-520"	"Fairview"	23	520	1832	408	235	148	300		266	122	131	222	106	236
"AK"	2002	"23-525"	"Fireweed"	23	525	776	215	109	99	157		115	90	55	135	29	156
"AK"	2002	"23-530"	"Government Hill No. 1"	23	530	358	182	104	73	148		106	71	36	107	22	132
"AK"	2002	"23-535"	"Merrill Field"	23	535	1873	579	347	206	444		368	187	196	314	137	352
"AK"	2002	"23-540"	"Rodgers Park"	23	540	2238	1168	652	495	881		646	492	271	735	133	867
"AK"	2002	"24-000"	"District 24 Absentee"	24	0					242	331	264	371	163	505	91	560
"AK"	2002	"24-000"	"District 24 Question"	24	0					13	19	23	30	57	231	38	241
"AK"	2002	"24-545"	"East Dowling"	24	545	576	148	55	85	51	77	61	85	21	109	12	115
"AK"	2002	"24-550"	"Far North Bicentennial"	24	550	2189	601	271	302	253	271	283	290	131	410	84	438
"AK"	2002	"24-555"	"Midtown No. 1"	24	555	1217	343	123	206	125	172	128	194	58	254	26	275
"AK"	2002	"24-560"	"Midtown No. 2"	24	560	1605	825	381	429	372	370	379	416	160	585	72	655
"AK"	2002	"24-565"	"Midtown No. 3"	24	565	1482	689	292	376	263	336	278	376	136	498	71	544
"AK"	2002	"24-570"	"Taku"	24	570	1469	503	182	299	184	266	198	280	78	400	50	418
"AK"	2002	"24-575"	"Tudor"	24	575	2874	1000	421	547	418	448	429	525	178	752	111	788
"AK"	2002	"25-000"	"District 25 Absentee"	25	0					308	239	290	259	167	375	77	444
"AK"	2002	"25-000"	"District 25 Question"	25	0					36	23	38	34	75	227	51	248
"AK"	2002	"25-600"	"Arctic"	25	600	535	203	70	126	81	117	80	119	34	159	20	166
"AK"	2002	"25-605"	"Conners Lake"	25	605	649	339	135	184	151	178	159	164	64	244	31	275
"AK"	2002	"25-610"	"Northwood"	25	610	1526	560	251	273	294	256	279	258	95	391	56	423
"AK"	2002	"25-615"	"Spenard No. 1"	25	615	1740	690	387	281	439	239	427	245	184	399	95	480
"AK"	2002	"25-620"	"Spenard No. 2"	25	620	1678	446	206	210	269	162	235	191	114	276	90	284
"AK"	2002	"25-625"	"Spenard No. 3"	25	625	1184	289	136	138	164	111	141	132	77	182	53	201
"AK"	2002	"25-630"	"Westchester No. 1"	25	630	728	362	220	132	245	112	223	128	72	209	33	249
"AK"	2002	"25-635"	"Willowcrest No. 1"	25	635	1563	639	299	323	314	301	296	321	147	426	63	490
"AK"	2002	"25-640"	"Willowcrest No. 2"	25	640	1440	438	182	223	228	197	198	221	91	305	67	316
"AK"	2002	"26-000"	"District 26 Absentee"	26	0					468	398	488	411	218	601	104	699
"AK"	2002	"26-000"	"District 26 Question"	26	0					57	58	85	71	82	298	51	319
"AK"	2002	"26-645"	"Inlet View No. 1"	26	645	1674	951	494	445	556	385	589	351	173	622	73	747
"AK"	2002	"26-650"	"Inlet View No. 2"	26	650	1098	674	393	268	418	245	437	222	164	393	60	483
"AK"	2002	"26-655"	"Lake Hood"	26	655	1549	693	339	331	386	285	405	274	144	470	76	529
"AK"	2002	"26-660"	"Lake Spenard"	26	660	1634	565	223	319	244	293	247	300	92	420	48	455
"AK"	2002	"26-665"	"Turnagain No. 1"	26	665	1911	848	412	416	434	388	488	343	185	574	97	651
"AK"	2002	"26-670"	"Turnagain No. 2"	26	670	1307	464	217	223	246	200	266	189	86	297	44	330
"AK"	2002	"26-675"	"Turnagain No. 3"	26	675	754	269	141	110	162	96	165	96	64	174	41	187
"AK"	2002	"26-680"	"Turnagain No. 4"	26	680	881	360	156	191	182	167	192	163	71	242	43	258
"AK"	2002	"26-685"	"Westchester No. 2"	26	685	1184	691	456	218	468	202	498	174	179	353	69	475
"AK"	2002	"27-000"	"District 27 Absentee"	27	0						590		575	128	582	61	634
"AK"	2002	"27-000"	"District 27 Question"	27	0						58		91	52	246	29	262
"AK"	2002	"27-700"	"Dimond No. 1"	27	700	1864	803	275	513		658		643	96	661	62	682
"AK"	2002	"27-705"	"Jewel Lake No. 1"	27	705	1195	452	182	256		339		330	82	340	50	360
"AK"	2002	"27-710"	"Kincaid"	27	710	2541	1220	466	732		967		940	185	924	86	1006
"AK"	2002	"27-715"	"Sand Lake No. 1"	27	715	1840	914	353	528		733		702	138	703	85	750
"AK"	2002	"27-720"	"Sand Lake No. 2"	27	720	1796	718	271	418		586		566	104	559	58	597
"AK"	2002	"27-725"	"Sand Lake No. 3"	27	725	1692	748	301	421		584		571	121	575	66	609
"AK"	2002	"28-000"	"District 28 Absentee"	28	0					173	615		648	126	669	63	726
"AK"	2002	"28-000"	"District 28 Question"	28	0					5	26		44	31	174	15	184
"AK"	2002	"28-730"	"Bayshore"	28	730	1995	1026	417	580	232	750		748	177	773	85	858
"AK"	2002	"28-735"	"Campbell Lake"	28	735	2277	1031	414	585	223	751		779	154	793	76	874
"AK"	2002	"28-740"	"Jewel Lake No. 2"	28	740	1512	578	197	362	124	415		446	78	461	48	489
"AK"	2002	"28-745"	"Klatt No. 1"	28	745	2172	1105	355	730	207	852		842	143	888	66	961
"AK"	2002	"28-750"	"Oceanview No. 1"	28	750	1868	1061	428	621	243	749		784	158	813	68	888
"AK"	2002	"28-755"	"Southport"	28	755	1913	847	304	519	161	654		662	110	700	54	735
"AK"	2002	"29-000"	"District 29 Absentee"	29	0						345	198	387	93	526	50	559
"AK"	2002	"29-000"	"District 29 Question"	29	0						34	33	43	43	229	35	236
"AK"	2002	"29-800"	"Campbell Creek No. 1"	29	800	1786	714	291	396		423	268	403	121	545	64	586
"AK"	2002	"29-805"	"Campbell Creek No. 2"	29	805	1468	651	259	370		397	263	361	121	496	60	540
"AK"	2002	"29-810"	"Campbell Creek No. 3"	29	810	989	319	136	177		195	120	193	45	256	25	271
"AK"	2002	"29-815"	"Dimond No. 2"	29	815	1331	481	162	295		265	191	268	75	384	48	397
"AK"	2002	"29-820"	"Dimond No. 3"	29	820	1060	324	113	196		171	121	188	52	250	37	264
"AK"	2002	"29-825"	"Independence Park 1"	29	825	1638	561	196	354		327	191	349	88	444	48	472
"AK"	2002	"29-830"	"Independence Park 2"	29	830	2319	742	285	429		383	305	400	119	580	70	613
"AK"	2002	"30-000"	"District 30 Absentee"	30	0						625	287	470	144	612	62	683
"AK"	2002	"30-000"	"District 30 Question"	30	0						38	31	37	52	207	28	230
"AK"	2002	"30-835"	"Abbott Loop No. 1"	30	835	2405	1016	392	601		830	379	592	163	787	111	814
"AK"	2002	"30-840"	"Abbott Loop No. 2"	30	840	2258	1157	483	645		948	548	581	198	856	92	955
"AK"	2002	"30-845"	"Abbott Loop No. 3"	30	845	724	379	153	217		294	155	214	51	284	25	306
"AK"	2002	"30-850"	"Abbott Loop No. 4"	30	850	1265	678	296	375		512	293	372	97	482	35	545
"AK"	2002	"30-855"	"Laurel/Dowling"	30	855	1781	791	312	466		645	329	433	130	618	71	649
"AK"	2002	"30-860"	"Lore No. 1"	30	860	1416	688	223	447		584	227	439	86	553	52	581
"AK"	2002	"30-865"	"Lore No. 2"	30	865	1494	506	168	324		415	180	313	74	405	40	419
"AK"	2002	"31-000"	"District 31 Absentee"	31	0						648	284	730	172	819	82	904
"AK"	2002	"31-000"	"District 31 Question"	31	0						23	6	35	34	188	19	199
"AK"	2002	"31-900"	"Huffman No. 1"	31	900	1089	421	140	261		279	121	287	67	331	34	348
"AK"	2002	"31-905"	"Huffman No. 2"	31	905	1992	1021	339	663		645	266	716	136	834	58	880
"AK"	2002	"31-910"	"Huffman No. 3"	31	910	1712	783	296	465		479	238	506	123	620	65	646
"AK"	2002	"31-915"	"Huffman No. 4"	31	915	1250	635	250	378		361	192	410	99	499	43	557
"AK"	2002	"31-920"	"Huffman No. 5"	31	920	1820	957	373	570		520	304	623	135	758	61	833
"AK"	2002	"31-925"	"Huffman No. 6"	31	925	826	426	158	265		251	115	292	60	341	22	367
"AK"	2002	"31-930"	"Huffman No. 7"	31	930	2143	1120	477	622		618	328	751	169	809	75	900
"AK"	2002	"31-935"	"Huffman No. 8"	31	935	1758	917	391	509		499	262	621	126	684	56	757
"AK"	2002	"32-000"	"District 32 Absentee"	32	0						651	410	863	255	930	104	1056
"AK"	2002	"32-000"	"District 32 Question"	32	0						16	20	44	47	202	20	222
"AK"	2002	"32-940"	"Bear Valley"	32	940	968	500	244	246		220	181	300	102	307	41	354
"AK"	2002	"32-945"	"Centennial Park"	32	945	219	103	59	41		42	46	47	35	64	26	73
"AK"	2002	"32-950"	"Chugach Park No. 1"	32	950	2319	1220	458	742		693	353	796	170	944	64	1019
"AK"	2002	"32-955"	"Chugach Park No. 2"	32	955	1556	817	343	463		439	224	570	129	594	52	666
"AK"	2002	"32-960"	"Girdwood"	32	960	1817	776	501	228		213	405	319	205	355	103	437
"AK"	2002	"32-965"	"Golden View"	32	965	1596	859	391	456		394	268	556	155	585	56	691
"AK"	2002	"32-970"	"Hiland"	32	970	1634	772	286	466		499	216	517	121	593	57	642
"AK"	2002	"32-975"	"Hope"	32	975	170	73	40	29		29	40	31	19	38	12	47
"AK"	2002	"32-980"	"Indian"	32	980	253	122	66	48		37	67	52	30	72	15	80
"AK"	2002	"32-985"	"Rabbit Creek"	32	985	2142	1129	504	600		525	381	713	203	787	86	880
"AK"	2002	"32-990"	"Stuckagain Heights"	32	990	312	178	88	89		87	68	103	38	110	10	132
"AK"	2002	"32-995"	"Whittier"	32	995	306	93	30	55		42	33	55	9	72	10	70
"AK"	2002	"33-000"	"District 33 Absentee"	33	0					417	544	105	466	144	824	76	875
"AK"	2002	"33-000"	"District 33 Question"	33	0					46	70	14	90	21	216	15	216
"AK"	2002	"33-700"	"Central"	33	700	2711	1026	278	686	408	588	86	422	128	817	72	853
"AK"	2002	"33-710"	"Kenai No. 1"	33	710	2479	979	312	623	502	455	80	365	167	744	93	793
"AK"	2002	"33-720"	"Kenai No. 2"	33	720	1285	488	139	330	246	236	21	190	57	402	24	411
"AK"	2002	"33-730"	"Kenai No. 3"	33	730	1188	477	159	304	260	203	23	158	66	382	45	399
"AK"	2002	"33-740"	"K-Beach"	33	740	1558	707	188	498	331	370	33	281	92	562	59	571
"AK"	2002	"33-750"	"Soldotna"	33	750	2881	1144	329	772	532	590	77	419	148	931	92	962
"AK"	2002	"34-000"	"District 34 Absentee"	34	0						982	151	796	165	1131	81	1180
"AK"	2002	"34-000"	"District 34 Question"	34	0						90	9	88	29	200	17	213
"AK"	2002	"34-810"	"Funny River"	34	810	1299	511	136	356		339	31	234	53	412	34	407
"AK"	2002	"34-820"	"Kasilof"	34	820	1544	653	203	405		349	38	244	97	475	57	483
"AK"	2002	"34-830"	"Mackey Lake"	34	830	1437	563	155	385		371	24	219	49	471	24	484
"AK"	2002	"34-840"	"Nikiski"	34	840	1606	715	131	539		490	37	395	60	597	33	599
"AK"	2002	"34-850"	"Ninilchik"	34	850	1386	413	103	298		269	36	227	69	318	42	315
"AK"	2002	"34-870"	"Salamatoff"	34	870	1823	761	179	542		554	28	338	59	647	31	665
"AK"	2002	"34-880"	"Sterling"	34	880	3011	1208	242	930		843	58	583	103	1046	58	1061
"AK"	2002	"35-000"	"District 35 Absentee"	35	0						897		811	277	822	153	911
"AK"	2002	"35-000"	"District 35 Question"	35	0						135		107	75	190	54	195
"AK"	2002	"35-010"	"Homer No. 1"	35	10	2094	903	419	463		685		577	176	581	100	617
"AK"	2002	"35-020"	"Homer No. 2"	35	20	2015	772	356	390		624		498	142	497	66	539
"AK"	2002	"35-030"	"Anchor Point"	35	30	1260	484	117	338		408		361	45	387	24	384
"AK"	2002	"35-040"	"Bear Creek"	35	40	1292	512	224	268		375		351	84	366	46	394
"AK"	2002	"35-050"	"Cooper Landing"	35	50	403	138	58	76		90		85	21	99	9	111
"AK"	2002	"35-060"	"Diamond Ridge"	35	60	835	336	214	112		254		173	95	154	55	179
"AK"	2002	"35-070"	"Kachemak Bay"	35	70	799	197	84	104		145		111	40	114	24	127
"AK"	2002	"35-080"	"Kachemak City/Fritz Creek"	35	80	1404	631	330	267		474		340	133	355	67	386
"AK"	2002	"35-090"	"Moose Pass"	35	90	311	131	63	64		90		80	31	84	17	88
"AK"	2002	"35-095"	"Seldovia"	35	95	388	144	69	71		106		90	28	91	19	102
"AK"	2002	"35-098"	"Seward"	35	98	1880	643	273	345		478		444	92	493	52	519
"AK"	2002	"36-000"	"District 36 Absentee"	36	0						620		613	117	596	72	626
"AK"	2002	"36-000"	"District 36 Question"	36	0						140		136	34	168	22	171
"AK"	2002	"36-605"	"Cape Chiniak"	36	605	123	47	26	20		33		34	11	21	6	26
"AK"	2002	"36-608"	"Flats"	36	608	2258	476	169	293		406		395	78	356	45	374
"AK"	2002	"36-615"	"Kodiak Island South"	36	615	243	32	8	19		29		28	4	27	3	29
"AK"	2002	"36-618"	"Kodiak No. 1"	36	618	2176	762	309	432		671		639	118	582	75	615
"AK"	2002	"36-620"	"Kodiak No. 2"	36	620	1987	694	268	414		596		560	92	564	72	567
"AK"	2002	"36-622"	"Mission Road"	36	622	2748	1070	425	623		917		855	173	803	109	838
"AK"	2002	"36-625"	"Old Harbor"	36	625	146	69	16	48		60		60	4	60	4	58
"AK"	2002	"36-635"	"Ouzinkie"	36	635	156	50	19	26		39		39	15	35	9	38
"AK"	2002	"36-645"	"Port Lions"	36	645	315	57	18	36		58		54	7	52	7	51
"AK"	2002	"36-655"	"Iliamna/Newhalen"	36	655	202	80	48	28		64		59	16	61	14	64
"AK"	2002	"36-665"	"Kokhanok/Igiugig"	36	665	131	47	19	23		43		31	4	41	4	42
"AK"	2002	"36-676"	"Levelock"	36	676	53	22	15	7		20		17	2	19	2	19
"AK"	2002	"36-685"	"Nondalton"	36	685	246	54	38	12		46		42	12	37	12	34
"AK"	2002	"36-696"	"Pedro Bay"	36	696	42	17	6	10		14		14	3	12	2	12
"AK"	2002	"37-000"	"District 37 Absentee"	37	0					463		306	230	91	501	59	521
"AK"	2002	"37-000"	"District 37 Question"	37	0					44		35	17	12	118	6	119
"AK"	2002	"37-700"	"Akutan"	37	700	161	56	13	38	49		27	27	8	48	6	49
"AK"	2002	"37-702"	"Aleknagik"	37	702	135	51	32	16	42		39	13	5	47	3	45
"AK"	2002	"37-704"	"Aleutians No. 1"	37	704	416	34	12	17	34		23	7	6	29	3	26
"AK"	2002	"37-706"	"Aleutians No. 2"	37	706	1586	569	265	278	417		272	250	121	374	82	405
"AK"	2002	"37-708"	"Chigniks"	37	708	286	29	6	21	22		12	15	6	22	3	24
"AK"	2002	"37-710"	"Clarks Point"	37	710	58	31	21	8	30		25	5	7	24	4	24
"AK"	2002	"37-712"	"Cold Bay"	37	712	151	33	18	14	25		12	18	6	25	4	25
"AK"	2002	"37-714"	"Dillingham"	37	714	1516	672	402	245	509		376	259	121	508	76	538
"AK"	2002	"37-716"	"Egegik-Pilot Point"	37	716	171	29	8	20	23		9	18	2	25	2	21
"AK"	2002	"37-718"	"Ekwok"	37	718	76	40	19	20	37		31	8	5	35	6	34
"AK"	2002	"37-720"	"King Cove"	37	720	330	111	17	93	97		49	53	9	100	3	103
"AK"	2002	"37-722"	"King Salmon"	37	722	368	153	47	98	114		72	74	23	123	7	129
"AK"	2002	"37-724"	"Koliganek"	37	724	109	67	36	29	58		44	20	3	64	2	62
"AK"	2002	"37-726"	"Manokotak"	37	726	220	100	52	44	100		86	14	12	83	8	83
"AK"	2002	"37-728"	"Naknek"	37	728	428	202	94	102	161		114	74	29	164	19	170
"AK"	2002	"37-730"	"New Stuyahok"	37	730	256	157	111	40	145		130	23	19	136	17	130
"AK"	2002	"37-732"	"Port Heiden"	37	732	87	35	24	10	24		20	11	3	30	2	30
"AK"	2002	"37-734"	"Sand Point"	37	734	511	165	21	141	138		76	74	13	148	7	151
"AK"	2002	"37-736"	"South Naknek"	37	736	90	42	20	21	38		24	14	7	33	6	32
"AK"	2002	"37-738"	"St. George Island"	37	738	90	36	9	26	34		20	15	2	34	2	34
"AK"	2002	"37-740"	"St. Paul Island"	37	740	346	126	64	53	111		75	42	22	99	16	104
"AK"	2002	"37-742"	"Togiak"	37	742	452	168	92	68	149		107	53	14	143	15	142
"AK"	2002	"38-000"	"District 38 Absentee"	38	0					136		103	52	43	117	23	129
"AK"	2002	"38-000"	"District 38 Question"	38	0					151		124	32	68	172	51	180
"AK"	2002	"38-800"	"Akiachak"	38	800	262	141	102	30	136		121	19	32	103	20	99
"AK"	2002	"38-802"	"Akiak"	38	802	143	87	71	13	73		53	30	22	57	17	56
"AK"	2002	"38-804"	"Atmautluak"	38	804	141	54	40	10	53		42	7	19	34	19	30
"AK"	2002	"38-806"	"Bethel No. 1"	38	806	606	217	154	55	188		115	92	57	145	33	160
"AK"	2002	"38-808"	"Bethel No. 2"	38	808	1578	626	467	144	533		366	234	150	405	97	452
"AK"	2002	"38-810"	"Bethel No. 3"	38	810	951	344	247	91	299		201	126	73	248	40	278
"AK"	2002	"38-812"	"Chefornak"	38	812	201	109	86	12	108		98	13	25	79	23	73
"AK"	2002	"38-814"	"Eek"	38	814	164	88	63	22	83		70	14	8	77	6	75
"AK"	2002	"38-816"	"Goodnews Bay"	38	816	170	72	45	23	68		45	22	13	55	8	57
"AK"	2002	"38-818"	"Kalskag"	38	818	117	46	25	19	39		31	10	7	39	11	32
"AK"	2002	"38-820"	"Kasigluk"	38	820	255	84	70	9	84		69	14	23	58	19	57
"AK"	2002	"38-822"	"Kipnuk"	38	822	303	129	98	22	129		112	16	46	77	45	64
"AK"	2002	"38-824"	"Kongiganak"	38	824	189	96	70	19	93		74	18	21	75	18	74
"AK"	2002	"38-826"	"Kwethluk"	38	826	300	136	116	15	131		96	34	42	89	30	94
"AK"	2002	"38-828"	"Kwigillingok"	38	828	191	97	81	14	96		82	12	23	72	19	71
"AK"	2002	"38-830"	"Lower Kalskag"	38	830	152	67	31	28	66		54	12	10	55	12	49
"AK"	2002	"38-832"	"Mekoryuk"	38	832	150	53	27	23	52		39	14	5	46	6	44
"AK"	2002	"38-834"	"Napakiak"	38	834	165	66	53	12	64		56	10	17	49	18	46
"AK"	2002	"38-836"	"Napaskiak"	38	836	184	48	43	4	46		39	9	16	30	15	30
"AK"	2002	"38-838"	"Newtok"	38	838	160	79	60	16	75		63	12	23	53	18	50
"AK"	2002	"38-840"	"Nightmute"	38	840	120	67	56	10	62		55	10	21	42	14	41
"AK"	2002	"38-842"	"Nunapitchuk"	38	842	236	70	50	16	68		57	12	15	55	14	55
"AK"	2002	"38-844"	"Quinhagak"	38	844	281	120	88	19	115		93	23	36	82	26	80
"AK"	2002	"38-846"	"Toksook Bay"	38	846	283	143	102	28	142		118	21	43	94	28	103
"AK"	2002	"38-848"	"Tuluksak"	38	848	188	68	45	15	68		54	14	15	50	15	50
"AK"	2002	"38-850"	"Tuntutuliak"	38	850	187	100	86	9	98		83	12	28	69	29	65
"AK"	2002	"38-852"	"Tununak"	38	852	161	72	58	11	70		60	13	27	40	17	44
"AK"	2002	"39-000"	"District 39 Absentee"	39	0					222				53	211	36	224
"AK"	2002	"39-000"	"District 39 Question"	39	0					68				36	139	29	136
"AK"	2002	"39-900"	"Alakanuk"	39	900	304	120	83	27	95				12	102	12	95
"AK"	2002	"39-902"	"Brevig Mission"	39	902	159	107	68	31	96				12	91	5	88
"AK"	2002	"39-904"	"Chevak"	39	904	342	152	130	17	131				32	118	29	113
"AK"	2002	"39-906"	"Diomede"	39	906	88	33	12	17	31				9	22	7	22
"AK"	2002	"39-908"	"Elim"	39	908	179	97	56	40	86				11	85	14	78
"AK"	2002	"39-910"	"Emmonak"	39	910	384	181	126	42	155				37	144	42	131
"AK"	2002	"39-912"	"Gambell"	39	912	257	129	76	49	109				17	109	14	103
"AK"	2002	"39-914"	"Golovin"	39	914	98	44	28	14	41				4	40	2	42
"AK"	2002	"39-916"	"Hooper Bay"	39	916	446	225	176	39	192				49	168	29	185
"AK"	2002	"39-918"	"Kotlik"	39	918	230	107	91	15	104				18	87	14	80
"AK"	2002	"39-920"	"Koyuk"	39	920	146	110	73	35	93				16	91	13	92
"AK"	2002	"39-922"	"Mountain Village"	39	922	391	187	123	55	152				33	147	30	147
"AK"	2002	"39-924"	"Nome No. 1"	39	924	1117	450	267	168	385				71	350	47	371
"AK"	2002	"39-926"	"Nome No. 2"	39	926	1120	500	310	168	429				75	382	49	400
"AK"	2002	"39-928"	"Nunam Iqua"	39	928	83	27	15	9	23				8	18	9	16
"AK"	2002	"39-930"	"Pilot Station"	39	930	283	131	77	41	110				24	101	16	103
"AK"	2002	"39-932"	"Pitkas Point"	39	932	57	29	20	5	22				6	24	6	21
"AK"	2002	"39-934"	"Savoonga"	39	934	352	174	129	35	168				24	151	18	142
"AK"	2002	"39-936"	"Scammon Bay"	39	936	203	86	58	27	78				10	72	11	69
"AK"	2002	"39-938"	"Shaktoolik"	39	938	146	74	54	18	66				9	64	8	59
"AK"	2002	"39-940"	"St. Mary's"	39	940	282	113	83	25	100				28	81	14	95
"AK"	2002	"39-942"	"St. Michael"	39	942	177	92	51	38	81				10	80	10	79
"AK"	2002	"39-944"	"Stebbins"	39	944	246	94	62	24	78				16	74	9	71
"AK"	2002	"39-946"	"Teller"	39	946	161	74	41	31	64				10	61	7	67
"AK"	2002	"39-948"	"Unalakleet"	39	948	456	238	157	73	184				26	202	23	202
"AK"	2002	"39-950"	"Wales"	39	950	98	39	26	11	34				6	33	4	33
"AK"	2002	"39-952"	"White Mountain"	39	952	189	73	54	17	67				15	55	12	58
"AK"	2002	"40-000"	"District 40 Absentee"	40	0					164				52	151	37	166
"AK"	2002	"40-000"	"District 40 Question"	40	0					120				39	156	35	155
"AK"	2002	"40-002"	"Ambler"	40	2	179	83	69	11	77				20	54	12	57
"AK"	2002	"40-004"	"Anaktuvuk Pass"	40	4	324	111	49	57	100				17	91	15	88
"AK"	2002	"40-007"	"Atqasuk"	40	7	153	46	19	24	40				4	40	4	39
"AK"	2002	"40-008"	"Barrow"	40	8	2325	735	426	283	616				124	572	78	595
"AK"	2002	"40-010"	"Browerville"	40	10	484	177	110	64	156				34	133	28	137
"AK"	2002	"40-012"	"Buckland"	40	12	191	95	68	21	90				28	65	20	70
"AK"	2002	"40-014"	"Deering"	40	14	90	41	22	16	36				8	31	10	26
"AK"	2002	"40-016"	"Kaktovik"	40	16	191	89	26	57	76				10	72	9	72
"AK"	2002	"40-018"	"Kiana"	40	18	226	86	65	19	75				19	65	21	60
"AK"	2002	"40-020"	"Kivalina"	40	20	193	89	47	33	77				24	64	16	68
"AK"	2002	"40-022"	"Kobuk"	40	22	67	40	30	8	35				6	32	8	27
"AK"	2002	"40-024"	"Kotzebue"	40	24	1804	638	416	204	536				142	462	102	482
"AK"	2002	"40-026"	"Noatak"	40	26	236	122	71	44	106				16	105	18	100
"AK"	2002	"40-028"	"Noorvik"	40	28	355	132	73	51	118				20	109	14	99
"AK"	2002	"40-030"	"Nuiqsut"	40	30	281	80	36	31	70				17	54	14	55
"AK"	2002	"40-032"	"Point Hope"	40	32	409	140	81	46	127				38	96	26	102
"AK"	2002	"40-034"	"Point Lay"	40	34	120	33	12	19	27				9	24	5	26
"AK"	2002	"40-038"	"Selawik"	40	38	347	171	88	75	151				23	144	21	137
"AK"	2002	"40-040"	"Shishmaref"	40	40	326	178	150	25	170				24	150	18	151
"AK"	2002	"40-042"	"Shungnak"	40	42	144	76	73	3	71				12	63	15	59
"AK"	2002	"40-044"	"Wainwright"	40	44	331	157	60	82	148				15	137	16	130
