state	year	town	cd	cd2	g2004_USP_dv	g2004_USS_rv	g2004_USS_dv	g2004_USH_dv	g2004_USH_rv	g2004_USH_rv2	g2004_USH_dv2
"CT"	2004	"Andover"	2		980	507	1101	814	843		
"CT"	2004	"Ansonia"	3		4065	1934	4646	4902	1604		
"CT"	2004	"Ashford"	2		1311	613	1444	1127	983		
"CT"	2004	"Avon"	5		4925	3924	5591	3071	6437		
"CT"	2004	"Barkhamsted"	1		1124	771	1203	1166	729		
"CT"	2004	"Beacon Falls"	3		1206	972	1583	1617	875		
"CT"	2004	"Berlin"	1		5571	3156	6422	6245	2727		
"CT"	2004	"Bethany"	3		1617	1097	1903	1964	1021		
"CT"	2004	"Bethel"	5		4486	3302	5187	3254	5152		
"CT"	2004	"Bethlehem"	5		922	959	1052	729	1294		
"CT"	2004	"Bloomfield"	1		8156	1547	8025	7449	1444		
"CT"	2004	"Bolton"	2		1542	991	1786	1266	1540		
"CT"	2004	"Bozrah"	2		723	398	881	546	770		
"CT"	2004	"Branford"	3		8338	3933	9553	10036	3460		
"CT"	2004	"Bridgeport"	4		26280	6505	25077	23760	9946		
"CT"	2004	"Bridgewater"	5		521	468	595	369	719		
"CT"	2004	"Bristol"	1		14201	6616	15978	15494	6160		
"CT"	2004	"Brookfield"	5		3619	3745	4268	2520	5432		
"CT"	2004	"Brooklyn"	2		1668	951	2016	1337	1760		
"CT"	2004	"Burlington"	5		2501	1766	2884	1586	3077		
"CT"	2004	"Canaan"	5		378	151	392	226	325		
"CT"	2004	"Canterbury"	2		1193	825	1555	992	1484		
"CT"	2004	"Canton"	5		3003	1833	3265	1729	3367		
"CT"	2004	"Chaplin"	2		590	303	348	491	538		
"CT"	2004	"Cheshire"	5		7283	5287	6918	5025	8722		
"CT"	2004	"Chester"	2		1375	543	1489	1165	884		
"CT"	2004	"Clinton"	2		3332	2072	3897	2745	3266		
"CT"	2004	"Colchester"	2		4081	2057	4963	3355	3794		
"CT"	2004	"Colebrook"	1		458	321	505	479	319		
"CT"	2004	"Columbia"	2		1771	819	2058	1497	1418		
"CT"	2004	"Cornwall"	5		625	250	590	437	417		
"CT"	2004	"Coventry"	2		3588	1705	3973	2957	2841		
"CT"	2004	"Cromwell"	1		4126	2071	4806	4691	1963		
"CT"	2004	"Danbury"	5		13477	8669	14468	10183	13093		
"CT"	2004	"Darien"	4		4057	5589	4487	2854	7303		
"CT"	2004	"Deep River"	2		1548	679	1738	1237	1169		
"CT"	2004	"Derby"	3		2577	1512	2976	3164	1264		
"CT"	2004	"Durham"	2	3	2021	1407	2408	1254	1570	314	673
"CT"	2004	"East Granby"	1		1353	962	1589	1495	986		
"CT"	2004	"East Haddam"	2		2607	1295	2891	2046	2310		
"CT"	2004	"East Hampton"	2		3360	1802	4086	2842	3063		
"CT"	2004	"East Hartford"	1		11996	3877	12518	12812	3607		
"CT"	2004	"East Haven"	3		6196	3085	6978	8033	2553		
"CT"	2004	"East Lyme"	2		5306	2414	6453	3713	5274		
"CT"	2004	"East Windsor"	1		2571	1336	2864	1639	1249		
"CT"	2004	"Eastford"	2		416	345	507	328	546		
"CT"	2004	"Easton"	4		2002	1874	2292	1748	2600		
"CT"	2004	"Ellington"	2		3467	2370	4091	2899	3736		
"CT"	2004	"Enfield"	2		10826	5263	12146	8844	8948		
"CT"	2004	"Essex"	2		2201	1263	2554	1772	2078		
"CT"	2004	"Fairfield"	4		15068	10224	17250	12716	16197		
"CT"	2004	"Farmington"	5		7209	4375	8185	4720	7907		
"CT"	2004	"Franklin"	2		513	296	687	391	619		
"CT"	2004	"Glastonbury"	1	2	9971	5580	11948	8038	3340	3404	2587
"CT"	2004	"Goshen"	5		715	784	765	493	1046		
"CT"	2004	"Granby"	1		3015	2269	3488	3269	2330		
"CT"	2004	"Greenwich"	4		14334	12090	14725	11432	17383		
"CT"	2004	"Griswold"	2		2599	1120	2979	1944	2443		
"CT"	2004	"Groton"	2		8014	3851	9335	5605	8060		
"CT"	2004	"Guilford"	3		7294	3727	8262	8676	3312		
"CT"	2004	"Haddam"	2		2354	1313	2825	1969	2191		
"CT"	2004	"Hamden"	3		17774	6102	18881	19449	5442		
"CT"	2004	"Hampton"	2		608	283	678	500	488		
"CT"	2004	"Hartford"	1		22595	2846	20926	20280	2681		
"CT"	2004	"Hartland"	1		435	530	504	486	525		
"CT"	2004	"Harwinton"	5		1308	1299	1565	1019	1854		
"CT"	2004	"Hebron"	2		2623	1585	3094	2122	2603		
"CT"	2004	"Kent"	5		1039	554	1062	633	964		
"CT"	2004	"Killingly"	2		3341	1673	3933	2685	3142		
"CT"	2004	"Killingworth"	2		1895	1263	2264	1608	1909		
"CT"	2004	"Lebanon"	2		1944	1105	2367	1493	2056		
"CT"	2004	"Ledyard"	2		3438	2234	4166	2194	4456		
"CT"	2004	"Lisbon"	2		1086	475	1333	846	1043		
"CT"	2004	"Litchfield"	5		2164	1880	2350	1503	2690		
"CT"	2004	"Lyme"	2		850	454	920	615	785		
"CT"	2004	"Madison"	2		5314	3629	6403	4431	5493		
"CT"	2004	"Manchester"	1		15269	6614	16547	16489	6232		
"CT"	2004	"Mansfield"	2		6169	1308	6084	5129	2510		
"CT"	2004	"Marlborough"	2		1850	1138	2198	1552	1792		
"CT"	2004	"Meriden"	5		13368	5218	14408	8576	10769		
"CT"	2004	"Middlebury"	5		1584	1821	1796	1140	2403		
"CT"	2004	"Middlefield"	3		1478	769	1661	1745	656		
"CT"	2004	"Middletown"	3	1	13035	4290	13510	10489	2959	941	2662
"CT"	2004	"Milford"	3		13149	7795	16017	17020	6753		
"CT"	2004	"Monroe"	4		4349	4130	5468	3906	6111		
"CT"	2004	"Montville"	2		4259	1985	5085	3030	4272		
"CT"	2004	"Morris"	5		581	576	673	402	868		
"CT"	2004	"Naugatuck"	3		5745	4174	6748	6945	3597		
"CT"	2004	"New Britain"	5		14122	3982	13383	10032	8179		
"CT"	2004	"New Canaan"	4		4180	5351	4746	3125	7394		
"CT"	2004	"New Fairfield"	5		2964	3167	3494	2033	4643		
"CT"	2004	"New Hartford"	1		1874	1383	2148	2073	1335		
"CT"	2004	"New Haven"	3		30979	4110	28631	28943	3798		
"CT"	2004	"New London"	2		5984	1381	5698	4220	3210		
"CT"	2004	"New Milford"	5		5854	4666	7066	3821	7992		
"CT"	2004	"Newington"	1		9365	3901	10502	10478	3519		
"CT"	2004	"Newtown"	5		6540	5469	7569	4294	8574		
"CT"	2004	"Norfolk"	5		555	286	613	395	502		
"CT"	2004	"North Branford"	3		3438	2086	4193	4428	1859		
"CT"	2004	"North Canaan"	5		796	447	884	463	886		
"CT"	2004	"North Haven"	3		6359	4200	7424	7747	3581		
"CT"	2004	"North Stonington"	2		1407	864	1671	935	1703		
"CT"	2004	"Norwalk"	4		20615	10083	21282	17720	15426		
"CT"	2004	"Norwich"	2		8223	2634	8693	6426	6100		
"CT"	2004	"Old Lyme"	2		2396	1243	2880	1787	2390		
"CT"	2004	"Old Saybrook"	2		3122	1937	3682	2450	3153		
"CT"	2004	"Orange"	3		3781	2860	4787	5160	2503		
"CT"	2004	"Oxford"	4		2286	2457	2806	2205	3221		
"CT"	2004	"Plainfield"	2		3103	1508	3828	2423	3105		
"CT"	2004	"Plainville"	5		4403	2146	5069	3155	4057		
"CT"	2004	"Plymouth"	5		2739	1795	3150	1808	3128		
"CT"	2004	"Pomfret"	2		1099	695	1356	916	1162		
"CT"	2004	"Portland"	1		2930	1339	3328	3288	1227		
"CT"	2004	"Preston"	2		1297	693	1605	897	1475		
"CT"	2004	"Prospect"	3		1804	2165	2255	2457	1833		
"CT"	2004	"Putnam"	2		1825	969	2207	1518	1757		
"CT"	2004	"Redding"	4		2797	1969	3020	2381	2816		
"CT"	2004	"Ridgefield"	4		6554	5778	7453	5794	7654		
"CT"	2004	"Rocky Hill"	1		5488	2577	6294	6182	2333		
"CT"	2004	"Roxbury"	5		727	460	747	494	848		
"CT"	2004	"Salem"	2		1130	590	1345	776	1255		
"CT"	2004	"Salisbury"	5		1600	557	1601	1055	1093		
"CT"	2004	"Scotland"	2		430	248	524	352	445		
"CT"	2004	"Seymour"	3		3202	2498	3946	4230	2139		
"CT"	2004	"Sharon"	5		897	523	886	580	825		
"CT"	2004	"Shelton"	4	3	8247	7260	9976	5909	8451	1265	2581
"CT"	2004	"Sherman"	5		958	901	1042	656	1290		
"CT"	2004	"Simsbury"	5		6825	4963	8123	4246	8798		
"CT"	2004	"Somers"	2		2114	1837	2601	1683	2806		
"CT"	2004	"South Windsor"	1		7643	3694	8884	9458	3260		
"CT"	2004	"Southbury"	5		4830	5060	5417	3838	6602		
"CT"	2004	"Southington"	1		11044	6643	13044	12518	6236		
"CT"	2004	"Sprague"	2		717	358	870	550	705		
"CT"	2004	"Stafford"	2		3234	1559	3913	2559	2990		
"CT"	2004	"Stamford"	4		27588	12740	28105	23063	20899		
"CT"	2004	"Sterling"	2		643	376	825	521	715		
"CT"	2004	"Stonington"	2		5728	2381	6360	3520	5757		
"CT"	2004	"Stratford"	3		12057	7121	13878	14594	6242		
"CT"	2004	"Suffield"	2		3224	2466	3800	2721	3585		
"CT"	2004	"Thomaston"	5		1582	1556	1925	1149	2323		
"CT"	2004	"Thompson"	2		2119	1254	2485	1792	2081		
"CT"	2004	"Tolland"	2		4031	2542	4796	3274	4179		
"CT"	2004	"Torrington"	5	1	7362	5538	8741	3060	4168	2767	3797
"CT"	2004	"Trumbull"	4		8656	7444	10410	7668	11084		
"CT"	2004	"Union"	2		222	160	256	159	268		
"CT"	2004	"Vernon"	2		7695	3861	8406	6124	6271		
"CT"	2004	"Voluntown"	2		564	342	722	415	707		
"CT"	2004	"Wallingford"	3		11644	6113	13411	14127	5286		
"CT"	2004	"Warren"	5		342	324	391	206	500		
"CT"	2004	"Washington"	5		1242	703	1286	842	1159		
"CT"	2004	"Waterbury"	5	3	16122	10598	16967	10631	11031	1791	3037
"CT"	2004	"Waterford"	2		5803	2808	6749	4084	5698		
"CT"	2004	"Watertown"	5		4146	4776	5054	2902	6817		
"CT"	2004	"West Hartford"	1		21612	7898	23482	23169	7536		
"CT"	2004	"West Haven"	3		13047	4452	14154	15016	3791		
"CT"	2004	"Westbrook"	2		1908	1111	2397	1522	1988		
"CT"	2004	"Weston"	4		3136	1866	3299	2680	2752		
"CT"	2004	"Westport"	4		9115	4427	9662	7476	7174		
"CT"	2004	"Wethersfield"	1		8227	4170	9280	9119	3815		
"CT"	2004	"Willington"	2		1710	805	1942	1348	1429		
"CT"	2004	"Wilton"	4		4823	4278	5365	3896	6082		
"CT"	2004	"Winchester"	1		2577	1529	3010	2661	1550		
"CT"	2004	"Windham"	2		5135	1499	5306	4046	3046		
"CT"	2004	"Windsor"	1		9297	3368	9876	9757	3188		
"CT"	2004	"Windsor Locks"	1		3205	1692	3667	3608	1602		
"CT"	2004	"Wolcott"	5		2988	3322	4047	2397	4917		
"CT"	2004	"Woodbridge"	3		3070	1513	3461	3605	1262		
"CT"	2004	"Woodbury"	5		2519	2419	2756	1766	3400		
"CT"	2004	"Woodstock"	2		1996	1512	2350	1590	2351		
