state	year	town	cd	cd2	g2008_USP_rv	g2008_USP_dv	g2008_USH_dv	g2008_USH_rv	g2008_USH_dv2	g2008_USH_rv2
"CT"	2008	"Andover"	2		745	1090	1030.0	563		
"CT"	2008	"Ansonia"	3		2918	4616	5077.0	1256		
"CT"	2008	"Ashford"	2		837	1422	1429.0	660		
"CT"	2008	"Avon"	5		4868	5698	5577.0	4500		
"CT"	2008	"Barkhamsted"	1		969	1223	1095.0	822		
"CT"	2008	"Beacon Falls"	3		1576	1483	1656.0	836		
"CT"	2008	"Berlin"	1		4957	6028	5684.0	2926		
"CT"	2008	"Bethany"	3		1525	1781	1933.0	970		
"CT"	2008	"Bethel"	5		4370	5179	4194.0	4215		
"CT"	2008	"Bethlehem"	5		1214	1027	993.0	1046		
"CT"	2008	"Bloomfield"	1		1778	10384	8440.0	1438		
"CT"	2008	"Bolton"	2		1300	1692	1567.0	1048		
"CT"	2008	"Bozrah"	2		633	723	750.0	432		
"CT"	2008	"Branford"	3		5906	9062	9959.0	3104		
"CT"	2008	"Bridgeport"	4		6507	33976	28678.0	7662		
"CT"	2008	"Bridgewater"	5		580	587	521.0	560		
"CT"	2008	"Bristol"	1		10203	15966	14992.0	6528		
"CT"	2008	"Brookfield"	5		4753	4340	3538.0	4625		
"CT"	2008	"Brooklyn"	2		1674	1932	1973.0	1146		
"CT"	2008	"Burlington"	5		2406	2716	2420.0	2084		
"CT"	2008	"Canaan"	5		189	429	371.0	166		
"CT"	2008	"Canterbury"	2		1345	1334	1475.0	1007		
"CT"	2008	"Canton"	5		2472	3412	2978.0	2199		
"CT"	2008	"Chaplin"	2		440	663	668.0	313		
"CT"	2008	"Cheshire"	5		6839	8177	7876.0	5579		
"CT"	2008	"Chester"	2		710	1527	1467.0	575		
"CT"	2008	"Clinton"	2		3004	3898	3735.0	2479		
"CT"	2008	"Colchester"	2		3355	4712	5120.0	2474		
"CT"	2008	"Colebrook"	1		421	460	437.0	322		
"CT"	2008	"Columbia"	2		1306	1843	1750.0	978		
"CT"	2008	"Cornwall"	5		218	732	624.0	229		
"CT"	2008	"Coventry"	2		2621	3888	3526.0	1977		
"CT"	2008	"Cromwell"	1		2989	4551	4657.0	2134		
"CT"	2008	"Danbury"	5		10732	16028	12700.0	11266		
"CT"	2008	"Darien"	4		5949	4943	3067.0	7474		
"CT"	2008	"Deep River"	2		946	1668	1554.0	755		
"CT"	2008	"Derby"	3		2383	2880	3429.0	1018		
"CT"	2008	"Durham"	2	3	1893	2187	1601.0	1129	672	330
"CT"	2008	"East Granby"	1		1303	1612	1468.0	1038		
"CT"	2008	"East Haddam"	2		1918	2874	2794.0	1518		
"CT"	2008	"East Hampton"	2		2895	3844	3697.0	2280		
"CT"	2008	"East Hartford"	1		5195	14811	11973.0	3013		
"CT"	2008	"East Haven"	3		5287	6878	7192.0	2169		
"CT"	2008	"East Lyme"	2		3819	5961	6138.0	2798		
"CT"	2008	"East Windsor"	1		2100	3106	3220.0	1315		
"CT"	2008	"Eastford"	2		488	485	497.0	385		
"CT"	2008	"Easton"	4		2259	2238	1568.0	2613		
"CT"	2008	"Ellington"	2		3519	4236	4093.0	2548		
"CT"	2008	"Enfield"	2		7656	11584	12075.0	5413		
"CT"	2008	"Essex"	2		1541	2542	2397.0	1380		
"CT"	2008	"Fairfield"	4		13071	17236	13077.0	16068		
"CT"	2008	"Farmington"	5		5822	8088	7272.0	5074		
"CT"	2008	"Franklin"	2		504	538	605.0	291		
"CT"	2008	"Glastonbury"	1	2	7755	11767	7637.0	3638	3476	2651
"CT"	2008	"Goshen"	5		927	856	784.0	814		
"CT"	2008	"Granby"	1		2947	3456	3159.0	2496		
"CT"	2008	"Greenwich"	4		13937	16233	12555.0	16384		
"CT"	2008	"Griswold"	2		2286	2803	2714.0	1365		
"CT"	2008	"Groton"	2		5814	8953	8652.0	4296		
"CT"	2008	"Guilford"	3		5073	8134	8599.0	3037		
"CT"	2008	"Haddam"	2		2068	2637	2624.0	1668		
"CT"	2008	"Hamden"	3		8531	19960	19342.0	4422		
"CT"	2008	"Hampton"	2		433	643	661.0	313		
"CT"	2008	"Hartford"	1		2686	31741	23209.0	1800		
"CT"	2008	"Hartland"	1		756	496	489.0	580		
"CT"	2008	"Harwinton"	5		1749	1485	1387.0	1491		
"CT"	2008	"Hebron"	2		2285	2954	2995.0	1860		
"CT"	2008	"Kent"	5		591	1172	1013.0	555		
"CT"	2008	"Killingly"	2		2815	3629	3590.0	1884		
"CT"	2008	"Killingworth"	2		1728	2169	2074.0	1469		
"CT"	2008	"Lebanon"	2		1691	2103	2002.0	1179		
"CT"	2008	"Ledyard"	2		3549	3978	4103.0	2804		
"CT"	2008	"Lisbon"	2		938	1277	1218.0	593		
"CT"	2008	"Litchfield"	5		2356	2549	2470.0	2090		
"CT"	2008	"Lyme"	2		565	1003	905.0	498		
"CT"	2008	"Madison"	2		4727	6097	5508.0	4541		
"CT"	2008	"Manchester"	1		8457	17782	16048.0	6211		
"CT"	2008	"Mansfield"	2		2235	7874	7417.0	1708		
"CT"	2008	"Marlborough"	2		1594	2071	1860.0	1314		
"CT"	2008	"Meriden"	5		7363	15913	13944.0	5316		
"CT"	2008	"Middlebury"	5		2468	1905	1732.0	2087		
"CT"	2008	"Middlefield"	3		1079	1452	1609.0	583		
"CT"	2008	"Middletown"	3	1	5907	15143	10764.0	2696	2659	935
"CT"	2008	"Milford"	3		11772	14873	16249.0	6011		
"CT"	2008	"Monroe"	4		5815	5133	4188.0	5816		
"CT"	2008	"Montville"	2		3526	4438	4490.0	2319		
"CT"	2008	"Morris"	5		704	648	591.0	624		
"CT"	2008	"Naugatuck"	3		6148	7034	6576.0	2833		
"CT"	2008	"New Britain"	5		5442	16742	14831.0	3941		
"CT"	2008	"New Canaan"	4		5877	5187	3301.0	7305		
"CT"	2008	"New Fairfield"	5		4064	3377	2729.0	4075		
"CT"	2008	"New Hartford"	1		1948	2193	2047.0	1561		
"CT"	2008	"New Haven"	3		5098	39112	33113.0	2551		
"CT"	2008	"New London"	2		1982	8358	5803.0	1406		
"CT"	2008	"New Milford"	5		6255	7364	6380.0	5488		
"CT"	2008	"Newington"	1		5726	9875	9133.0	3796		
"CT"	2008	"Newtown"	5		7270	7764	7089.0	6499		
"CT"	2008	"Norfolk"	5		188	640	576.0	317		
"CT"	2008	"North Branford"	3		3504	3779	4450.0	1768		
"CT"	2008	"North Canaan"	5		611	910	831.0	567		
"CT"	2008	"North Haven"	3		6298	6982	8268.0	2945		
"CT"	2008	"North Stonington"	2		1396	1553	1632.0	986		
"CT"	2008	"Norwalk"	4		12651	24489	19037.0	14243		
"CT"	2008	"Norwich"	2		4505	8896	8800.0	2926		
"CT"	2008	"Old Lyme"	2		1906	2886	2962.0	1544		
"CT"	2008	"Old Saybrook"	2		2715	3462	3355.0	2277		
"CT"	2008	"Orange"	3		4205	4074	5242.0	2349		
"CT"	2008	"Oxford"	4		3826	2957	2653.0	3336		
"CT"	2008	"Plainfield"	2		2743	3372	3952.0	1746		
"CT"	2008	"Plainville"	5		3384	4983	4356.0	2589		
"CT"	2008	"Plymouth"	5		2689	2865	2589.0	2044		
"CT"	2008	"Pomfret"	2		1017	1203	1297.0	762		
"CT"	2008	"Portland"	1		1845	2925	2876.0	1349		
"CT"	2008	"Preston"	2		1266	1382	1448.0	793		
"CT"	2008	"Prospect"	3		2982	2134	2679.0	1444		
"CT"	2008	"Putnam"	2		1621	2041	1977.0	1141		
"CT"	2008	"Redding"	4		2319	3245	2389.0	2902		
"CT"	2008	"Ridgefield"	4		6786	7480	5056.0	8411		
"CT"	2008	"Rocky Hill"	1		3951	5957	5577.0	2596		
"CT"	2008	"Roxbury"	5		659	840	719.0	633		
"CT"	2008	"Salem"	2		1022	1220	1276.0	730		
"CT"	2008	"Salisbury"	5		573	1751	1585.0	533		
"CT"	2008	"Scotland"	2		436	476	488.0	337		
"CT"	2008	"Seymour"	3		3868	3822	4549.0	1875		
"CT"	2008	"Sharon"	5		527	1010	909.0	475		
"CT"	2008	"Shelton"	4	3	10428	9655	6338.0	7668	2704	1281
"CT"	2008	"Sherman"	5		1026	1110	1026.0	1024		
"CT"	2008	"Simsbury"	5		5928	7964	7264.0	5362		
"CT"	2008	"Somers"	2		2535	2473	2267.0	2000		
"CT"	2008	"South Windsor"	1		5421	8773	8734.0	3426		
"CT"	2008	"Southbury"	5		6172	5458	4956.0	5577		
"CT"	2008	"Southington"	1		9845	12066	11572.0	7105		
"CT"	2008	"Sprague"	2		683	766	852.0	425		
"CT"	2008	"Stafford"	2		2505	3540	3525.0	1696		
"CT"	2008	"Stamford"	4		17510	31733	26039.0	19735		
"CT"	2008	"Sterling"	2		785	704	744.0	538		
"CT"	2008	"Stonington"	2		4011	6307	6292.0	3065		
"CT"	2008	"Stratford"	3		10199	14626	16524.0	4998		
"CT"	2008	"Suffield"	2		3562	3808	3530.0	2761		
"CT"	2008	"Thomaston"	5		2122	1842	2048.0	1702		
"CT"	2008	"Thompson"	2		2112	2290	2299.0	1453		
"CT"	2008	"Tolland"	2		3611	4752	4914.0	2659		
"CT"	2008	"Torrington"	1	5	7424	8159	7637.0	3014	4282	2717
"CT"	2008	"Trumbull"	4		9927	9757	8115.0	10325		
"CT"	2008	"Union"	2		252	273	281.0	199		
"CT"	2008	"Vernon"	2		5098	8645	8331.0	3487		
"CT"	2008	"Voluntown"	2		664	618	645.0	410		
"CT"	2008	"Wallingford"	3		9372	12833	13170.0	4683		
"CT"	2008	"Warren"	5		384	455	400.0	372		
"CT"	2008	"Washington"	5		818	1384	1203.0	745		
"CT"	2008	"Waterbury"	5	3	12821	22599	15390.0	7412	3427	1195
"CT"	2008	"Waterford"	2		4376	6301	6396.0	3162		
"CT"	2008	"Watertown"	5		6601	4914	4885.0	4972		
"CT"	2008	"West Hartford"	1		10021	23576	20986.0	8212		
"CT"	2008	"West Haven"	3		7005	14186	14007.0	3022		
"CT"	2008	"Westbrook"	2		1680	2104	2080.0	1278		
"CT"	2008	"Weston"	4		2143	3571	2460.0	3021		
"CT"	2008	"Westport"	4		5342	10067	6816.0	7983		
"CT"	2008	"Wethersfield"	1		5890	8642	8497.0	4052		
"CT"	2008	"Willington"	2		1254	1793	1723.0	979		
"CT"	2008	"Wilton"	4		4801	5569	4008.0	5908		
"CT"	2008	"Winchester"	1		2340	2620	2392.0	1648		
"CT"	2008	"Windham"	2		2341	6312	5714.0	1531		
"CT"	2008	"Windsor"	1		4305	11956	10386.0	3247		
"CT"	2008	"Windsor Locks"	1		2554	3661	3602.0	1640		
"CT"	2008	"Wolcott"	5		4930	3545	3470.0	3663		
"CT"	2008	"Woodbridge"	3		2053	3315	3571.0	1207		
"CT"	2008	"Woodbury"	5		3116	2926	2675.0	2687		
"CT"	2008	"Woodstock"	2		2123	2167	2171.0	1672		
