state	year	town	cd	cd2	g2002_GOV_rv	g2002_GOV_dv	g2002_SOS_rv	g2002_SOS_dv	g2002_TRE_rv	g2002_TRE_dv	g2002_COM_rv	g2002_COM_dv	g2002_ATG_rv	g2002_ATG_dv	g2002_USS_rv	g2002_USS_dv	g2002_USH_rv	g2002_USH_dv	g2002_USH_rv2	g2002_USH_dv2
"CT"	2002	"Andover"	2		668	579	325	828	475	587	358	787	374	780	553	848	613	594		
"CT"	2002	"Ansonia"	3		4423	3057	1983	4815	2730	3859	2189	4353	2382	4530	3231	5440	1268	3098		
"CT"	2002	"Ashford"	2		2397	4839	1095	5603	1448	5457	1176	5489	1380	5502	1734	7081	686	832		
"CT"	2002	"Avon"	5		2742	2079	1194	3363	1808	2584	1420	2999	1516	3090	2138	3819	4743	2390		
"CT"	2002	"Barkhamsted"	1		2446	1715	1129	2795	1519	2188	1174	2494	1464	2439	1945	3064	663	690		
"CT"	2002	"Beacon Falls"	3		5600	6965	2504	9061	3622	7734	2761	8493	3032	8648	4645	11285	761	1163		
"CT"	2002	"Berlin"	1		1717	1339	847	1997	1137	1605	937	1888	1026	1894	1460	2169	2661	4117		
"CT"	2002	"Bethany"	3		9620	5136	4424	9337	6639	6976	4980	8412	6270	7824	6840	9447	767	1187		
"CT"	2002	"Bethel"	5		3805	12941	1537	12845	1644	13193	1509	12695	1847	12570	2830	20194	2990	2598		
"CT"	2002	"Bethlehem"	5		2061	1346	1028	2181	1588	1583	1158	1981	1294	2018	1594	2525	973	576		
"CT"	2002	"Bloomfield"	1		9521	8266	4580	12225	6746	9625	4924	11591	5494	11694	7570	13492	1394	5444		
"CT"	2002	"Bolton"	2		1568	1037	781	1653	1089	1266	815	1550	953	1525	1163	1726	1190	911		
"CT"	2002	"Bozrah"	2		5735	5437	2455	7955	3616	6531	2697	7389	3013	7593	4385	9186	576	448		
"CT"	2002	"Branford"	3		1827	1638	768	2530	1211	1922	931	2207	1076	2233	1439	2576	2705	6224		
"CT"	2002	"Bridgeport"	4		3621	2889	1715	4299	2371	3482	1806	3990	2034	4085	2858	4919	6814	10779		
"CT"	2002	"Bridgewater"	5		6155	4070	2764	6862	3962	5535	3052	6450	3276	6572	4333	7292	509	295		
"CT"	2002	"Bristol"	1		12375	12218	6259	17176	8385	14773	6617	16371	7539	16371	8850	21220	5318	9952		
"CT"	2002	"Brookfield"	5		6138	4791	2913	7244	4169	5640	3239	6680	3611	6774	4978	8082	3325	2219		
"CT"	2002	"Brooklyn"	2		4649	5206	2249	6862	2968	6160	2424	6513	2811	6521	3732	8148	1116	919		
"CT"	2002	"Burlington"	5		665	865	366	1074	528	877	374	1088	442	1028	629	1118	2069	1265		
"CT"	2002	"Canaan"	5		528	511	283	684	367	554	291	654	309	686	421	747	225	187		
"CT"	2002	"Canterbury"	2		930	1129	557	1331	717	1106	597	1284	614	1357	885	1598	966	711		
"CT"	2002	"Canton"	5		808	872	518	1055	688	821	561	990	587	1061	844	1124	2311	1307		
"CT"	2002	"Chaplin"	2		328	440	229	474	269	416	236	472	242	487	337	540	367	390		
"CT"	2002	"Cheshire"	5		786	799	399	1102	512	970	421	1042	456	1077	555	1279	5911	4452		
"CT"	2002	"Chester"	2		2558	2215	1269	3253	1824	2558	1401	3007	1460	3148	2049	3905	719	841		
"CT"	2002	"Clinton"	2		1143	1072	555	1557	829	1204	588	1460	683	1474	889	1613	2547	1891		
"CT"	2002	"Colchester"	2		2043	1941	1008	2739	1421	2223	1072	2660	1226	2616	1722	2961	2430	2273		
"CT"	2002	"Colebrook"	1		961	875	476	1271	663	1023	539	1138	540	1227	711	1404	292	334		
"CT"	2002	"Columbia"	2		1770	1459	937	2110	1256	1664	1014	1945	1150	1961	1439	2223	1079	1093		
"CT"	2002	"Cornwall"	5		3537	2753	1851	4110	2375	3410	1954	3909	1867	4300	2738	4965	291	361		
"CT"	2002	"Coventry"	2		401	287	278	370	348	292	279	373	290	378	328	404	1842	2050		
"CT"	2002	"Cromwell"	1		2720	1667	1378	2697	1844	2131	1466	2579	1645	2563	2363	3076	1657	2882		
"CT"	2002	"Danbury"	5		1787	1129	1035	1750	1278	1414	1126	1585	1082	1750	1307	2072	7201	8102		
"CT"	2002	"Darien"	4		342	406	191	513	276	408	208	483	189	537	314	552	5294	1254		
"CT"	2002	"Deep River"	2		1235	1730	660	2027	882	1708	730	1886	750	2038	1129	2357	917	874		
"CT"	2002	"Derby"	3		4986	4490	3023	5609	3579	4790	3119	5331	3110	5895	4416	7324	958	2134		
"CT"	2002	"Durham"	2	3	1716	1287	839	2037	1145	1598	963	1776	1088	1810	1429	2237	1213	892	278	427
"CT"	2002	"East Granby"	1		321	417	201	487	270	397	213	467	230	472	324	484	824	957		
"CT"	2002	"East Haddam"	2		1633	2079	993	2433	1241	2041	1018	2349	1080	2481	1645	3085	1751	1394		
"CT"	2002	"East Hampton"	2		1401	1194	734	1696	1026	1319	803	1577	851	1655	1208	1746	2182	1833		
"CT"	2002	"East Hartford"	1		2745	1915	1513	2812	1926	2213	1664	2492	1509	3026	2370	2907	3127	8943		
"CT"	2002	"East Haven"	3		629	774	310	987	435	788	360	890	364	948	561	1063	2119	4945		
"CT"	2002	"East Lyme"	2		679	415	430	615	515	506	459	560	409	660	532	709	3491	2749		
"CT"	2002	"East Windsor"	1		1647	3084	841	3627	1125	3210	852	3599	1064	3524	1405	3784	1052	1910		
"CT"	2002	"Eastford"	2		5786	7045	2453	9638	3729	7605	2818	8428	3097	8703	4772	11082	424	255		
"CT"	2002	"Easton"	4		2492	2552	1328	3399	1721	2779	1353	3230	1355	3480	2075	3995	1883	747		
"CT"	2002	"Ellington"	2		2124	2718	1003	3353	1157	3122	1055	3183	1106	3550	1546	4793	2392	1895		
"CT"	2002	"Enfield"	2		1012	796	645	999	797	792	695	914	586	1165	866	1346	6490	6071		
"CT"	2002	"Essex"	2		3565	5558	1665	6559	2340	5607	1740	6209	1862	6675	3142	8106	1684	1168		
"CT"	2002	"Fairfield"	4		2058	1396	1137	2152	1515	1692	1266	1968	1181	2194	1599	2468	12191	5563		
"CT"	2002	"Farmington"	5		2643	1704	1566	2541	1921	2051	1669	2290	1652	2525	2083	3039	5943	3618		
"CT"	2002	"Franklin"	2		1657	2325	989	2630	1297	2200	1067	2525	1109	2652	1527	3119	447	301		
"CT"	2002	"Glastonbury"	1	2	844	768	544	959	641	808	539	959	587	984	685	1032	3353	5863	2982	1814
"CT"	2002	"Goshen"	5		769	921	441	1092	633	852	479	993	422	1177	734	1209	799	375		
"CT"	2002	"Granby"	1		1005	1090	596	1299	731	1121	587	1323	631	1360	984	1858	1939	1936		
"CT"	2002	"Greenwich"	4		767	639	406	893	546	714	430	853	452	887	634	1053	11804	5750		
"CT"	2002	"Griswold"	2		259	316	162	377	208	311	165	372	171	387	261	404	1480	1434		
"CT"	2002	"Groton"	2		403	558	235	678	324	550	254	626	256	680	427	720	5273	4122		
"CT"	2002	"Guilford"	3		2343	2030	1072	2900	1535	2250	1140	2821	1292	2796	1704	2921	2555	5027		
"CT"	2002	"Haddam"	2		390	422	228	498	295	401	249	466	271	482	339	550	1594	1332		
"CT"	2002	"Hamden"	3		3649	3023	2354	3742	2612	3274	2283	3672	2235	4076	2629	5200	4196	11317		
"CT"	2002	"Hampton"	2		1341	1240	793	1556	922	1315	784	1514	810	1596	1108	2175	365	363		
"CT"	2002	"Hartford"	1		3176	2144	1624	3399	2205	2659	1606	3485	1925	3219	2518	3602	1949	13189		
"CT"	2002	"Hartland"	1		200	152	115	207	250	157	111	213	109	224	162	193	457	291		
"CT"	2002	"Harwinton"	5		5275	4102	2511	6244	3514	5014	2721	5987	2964	5996	4157	6761	1407	787		
"CT"	2002	"Hebron"	2		353	462	218	516	294	401	232	479	249	516	370	556	1910	1409		
"CT"	2002	"Kent"	5		4029	3258	2110	4592	2637	3852	2239	4312	2287	4696	2994	5630	636	495		
"CT"	2002	"Killingly"	2		1535	1021	796	1684	1079	1314	848	1586	829	1688	1138	1749	1949	1719		
"CT"	2002	"Killingworth"	2		1051	978	533	1366	760	1062	525	1391	596	1352	901	1415	1399	1061		
"CT"	2002	"Lebanon"	2		2056	3290	986	3806	1346	3279	1045	3735	1188	3729	1726	4562	1414	1141		
"CT"	2002	"Ledyard"	2		1566	1188	1086	1488	1252	1229	1062	1492	1061	1559	1490	1798	2958	1680		
"CT"	2002	"Lisbon"	2		4953	4767	2673	5842	3371	5363	2909	5775	2600	6649	4047	8903	744	637		
"CT"	2002	"Litchfield"	5		2790	1839	1438	2819	1849	2321	1538	2657	1428	2945	2033	3674	2363	1268		
"CT"	2002	"Lyme"	2		1785	1176	798	2041	1264	1434	997	1697	995	1862	1337	1945	659	426		
"CT"	2002	"Madison"	2		3832	3761	2303	4476	2655	3956	2363	4229	2147	4776	2802	7231	4657	2605		
"CT"	2002	"Manchester"	1		4534	3670	2533	5125	3199	4348	2798	4699	2606	5301	2599	6917	5987	11292		
"CT"	2002	"Mansfield"	2		7681	9646	4089	11649	4918	10638	4268	11143	3965	12234	6134	16668	1516	3152		
"CT"	2002	"Marlborough"	2		1540	995	793	1602	1066	1242	890	1437	872	1577	1176	1825	1432	1073		
"CT"	2002	"Meriden"	5		5153	2707	3017	3990	3616	3258	3300	3505	3056	4210	3744	5360	6607	8245		
"CT"	2002	"Middlebury"	5		1039	921	450	1451	693	1097	540	1246	595	1285	745	1400	1803	1169		
"CT"	2002	"Middlefield"	3		9655	6761	5630	9285	6311	8322	5783	8934	4961	10612	7173	13998	542	1277		
"CT"	2002	"Middletown"	3	1	5417	16025	2417	15985	2667	15651	2423	15734	2468	16536	3828	26356	2427	6617	678	1520
"CT"	2002	"Milford"	3		2369	1815	1347	2521	1620	2094	1444	2274	1304	2666	1964	3711	5078	10240		
"CT"	2002	"Monroe"	4		5479	3654	3387	5005	3933	4235	3536	4670	3103	5510	4115	6887	4461	1398		
"CT"	2002	"Montville"	2		3431	2009	2188	2811	2480	2461	2357	2564	1909	3319	2766	4419	2650	2377		
"CT"	2002	"Morris"	5		8624	6073	5515	7681	5940	7309	5694	7482	4545	8993	6829	13087	631	331		
"CT"	2002	"Naugatuck"	3		8492	6339	4082	9432	5339	7688	4565	8485	4307	9708	6160	12393	2817	4477		
"CT"	2002	"New Britain"	5		5635	7060	2892	8436	3521	7532	3593	7579	2751	8880	4172	13301	7244	7094		
"CT"	2002	"New Canaan"	4		6094	12452	3888	12624	4004	12479	3930	12207	3946	13081	5622	23006	4876	1376		
"CT"	2002	"New Fairfield"	5		5029	1634	4191	1927	4303	1732	4202	1794	3637	2763	5202	3948	2778	1834		
"CT"	2002	"New Hartford"	1		11344	6745	8054	8629	8558	7725	8249	8018	7067	10251	10082	15662	1198	1302		
"CT"	2002	"New Haven"	3		12284	5463	9688	6015	9424	6177	9342	6086	7785	8862	12319	13115	2494	15504		
"CT"	2002	"New London"	2		4914	1389	4097	1856	4188	1683	4112	1792	3829	2330	5331	4070	1988	2889		
"CT"	2002	"New Milford"	5		10988	9126	8147	10124	7925	10088	8066	10103	6987	11895	9554	18727	5056	2988		
"CT"	2002	"Newington"	1		14988	13012	10123	14273	10267	14105	9887	14014	7510	17356	12378	26551	3280	7262		
"CT"	2002	"Newtown"	5		8537	4142	5520	6147	6124	5259	5842	5560	4779	7225	7019	9745	4908	3464		
"CT"	2002	"Norfolk"	5		5440	3948	3690	4924	3976	4624	3692	4834	3331	5722	4423	8510	366	296		
"CT"	2002	"North Branford"	3		2552	2136	1207	3121	1437	2708	1227	2925	1127	3529	1881	4519	1350	2584		
"CT"	2002	"North Canaan"	5		1460	685	863	1100	900	944	809	1054	716	1253	800	1396	613	353		
"CT"	2002	"North Haven"	3		1306	897	795	1220	878	1108	799	1153	778	1319	1003	1648	3294	5137		
"CT"	2002	"North Stonington"	2		3680	2053	2325	2828	2528	2478	2381	2697	2155	3167	3203	4410	1205	614		
"CT"	2002	"Norwalk"	4		4099	1587	2699	2412	2896	2111	2743	2282	2434	2864	3360	3835	12058	7739		
"CT"	2002	"Norwich"	2		7065	3668	3555	6465	4469	5295	3852	5865	3649	6599	4687	8181	4108	4784		
"CT"	2002	"Old Lyme"	2		9037	6497	5756	8211	6231	7472	5748	8005	5432	8960	7311	12868	2052	1386		
"CT"	2002	"Old Saybrook"	2		1944	1445	989	2045	1147	1761	977	1962	941	2210	1349	2939	2582	1644		
"CT"	2002	"Orange"	3		1869	810	1418	1115	1480	1005	1435	1048	1256	1355	1765	2002	1968	3149		
"CT"	2002	"Oxford"	4		8004	7406	3297	10830	4712	8894	3777	9906	3914	10394	5711	13065	2366	926		
"CT"	2002	"Plainfield"	2		2369	741	1794	1134	1708	1120	1576	1238	1552	1398	1301	1971	2036	1881		
"CT"	2002	"Plainville"	5		5627	2695	4483	3292	3159	3798	2769	4204	2641	4879	3401	6547	2671	2629		
"CT"	2002	"Plymouth"	5		3422	1244	2371	1905	2500	1684	2403	1794	2184	2223	2920	3045	1844	1475		
"CT"	2002	"Pomfret"	2		5810	2757	3875	4054	4239	3490	3941	3839	3592	4638	4565	6245	940	653		
"CT"	2002	"Portland"	1		2524	1006	1860	1451	1724	1404	1560	1569	1419	1909	1825	2308	1083	2225		
"CT"	2002	"Preston"	2		2397	848	1479	1504	1518	1376	1416	1441	1343	1689	1394	2555	1011	667		
"CT"	2002	"Prospect"	3		1914	1372	1455	1622	1547	1479	1497	1495	1301	1877	1781	2369	1412	1571		
"CT"	2002	"Putnam"	2		5534	2762	4293	3341	4477	3021	4201	3396	3874	4068	5875	6337	1128	930		
"CT"	2002	"Redding"	4		2971	1607	1629	2562	1888	2064	1685	2267	1468	2794	2211	3651	1964	1244		
"CT"	2002	"Ridgefield"	4		8816	3920	5235	6507	5987	5393	5645	5691	4747	7329	6618	9278	5270	2857		
"CT"	2002	"Rocky Hill"	1		14761	8738	8662	12320	8246	12376	7649	12696	7618	13676	8249	20022	2150	3875		
"CT"	2002	"Roxbury"	5		2059	1259	1493	1642	1576	1497	1468	1573	1346	1915	1895	2809	630	395		
"CT"	2002	"Salem"	2		4161	2000	3296	2426	3333	2392	3289	2400	2978	2999	4295	4573	851	548		
"CT"	2002	"Salisbury"	5		4345	1762	2365	3221	2558	2847	2291	3086	2193	3484	2263	4355	817	789		
"CT"	2002	"Scotland"	2		4816	2446	2833	4160	3563	3317	3127	3716	3772	3375	3844	4774	307	262		
"CT"	2002	"Seymour"	3		880	572	503	847	651	673	544	753	587	780	724	919	1694	2516		
"CT"	2002	"Sharon"	5		1195	455	767	734	803	642	717	742	723	815	740	1005	609	473		
"CT"	2002	"Shelton"	4	3	563	263	373	390	411	322	378	355	346	446	433	545	6726	2401	1123	1665
"CT"	2002	"Sherman"	5		8993	7341	3853	11316	5554	9304	4225	10595	4402	10996	6738	14081	823	497		
"CT"	2002	"Simsbury"	5		2163	1247	1055	2183	1445	1698	1222	1934	1307	1986	1596	2321	6480	3267		
"CT"	2002	"Somers"	2		226	198	123	256	149	230	123	253	130	272	182	312	2064	1217		
"CT"	2002	"South Windsor"	1		2277	1458	1184	2330	1559	1851	1316	2088	1471	2130	1763	2483	3115	6851		
"CT"	2002	"Southbury"	5		391	286	201	421	253	347	218	385	254	388	327	399	4825	2924		
"CT"	2002	"Southington"	1		328	344	175	448	203	399	172	436	180	462	231	480	5603	8175		
"CT"	2002	"Sprague"	2		1151	711	682	1092	821	883	715	1025	809	998	971	1218	505	447		
"CT"	2002	"Stafford"	2		7464	6026	3357	8783	4629	7031	3728	8088	4073	8283	5853	10265	2166	2010		
"CT"	2002	"Stamford"	4		6045	3860	3075	6130	4110	4893	3401	5579	3784	5664	4498	6498	16274	10910		
"CT"	2002	"Sterling"	2		871	355	495	651	593	504	532	582	520	665	605	681	461	325		
"CT"	2002	"Stonington"	2		2626	1421	1492	2300	1841	1859	1635	2068	1777	2111	2248	2661	4149	2546		
"CT"	2002	"Stratford"	3		529	256	347	384	420	306	366	347	402	357	509	424	4862	9003		
"CT"	2002	"Suffield"	2		1578	729	843	1313	1083	972	870	1208	933	1276	1169	1371	2569	1700		
"CT"	2002	"Thomaston"	5		730	433	475	586	503	551	447	622	428	687	522	841	1644	1018		
"CT"	2002	"Thompson"	2		2609	1156	1438	2008	1701	1631	1486	1873	1517	2073	1617	2386	1395	1122		
"CT"	2002	"Tolland"	2		692	304	141	518	477	437	426	479	429	523	439	605	2807	2421		
"CT"	2002	"Torrington"	5	1	6277	8391	2736	10325	3841	8593	2879	9459	3162	9776	4346	12070	3043	2478	2345	2541
"CT"	2002	"Trumbull"	4		1561	1060	864	1585	1115	1265	937	1476	1061	1473	1334	1639	9043	3208		
"CT"	2002	"Union"	2		5668	2560	3281	4037	3760	3345	3479	3744	3043	4651	4451	5730	227	106		
"CT"	2002	"Vernon"	2		379	307	206	425	259	361	205	408	233	421	323	469	4187	5017		
"CT"	2002	"Voluntown"	2		661	346	383	554	448	462	401	511	380	570	520	680	461	350		
"CT"	2002	"Wallingford"	3		2939	2572	1224	3869	1787	3149	1348	3613	1522	3696	2120	4344	4524	9189		
"CT"	2002	"Warren"	5		2093	1374	1101	2095	1348	1745	1115	1984	1150	2135	1492	2649	326	174		
"CT"	2002	"Washington"	5		669	386	481	500	527	439	501	466	470	546	487	674	876	628		
"CT"	2002	"Waterbury"	5	3	908	731	517	991	607	866	549	938	507	1057	688	1293	7070	10879	1675	2161
"CT"	2002	"Waterford"	2		660	441	458	566	491	519	455	559	560	605	555	698	3894	3315		
"CT"	2002	"Watertown"	5		889	439	676	564	686	528	670	560	624	655	798	856	4788	2786		
"CT"	2002	"West Hartford"	1		6596	3374	3677	5858	4623	4733	4057	5201	4348	5387	5326	6916	7269	16332		
"CT"	2002	"West Haven"	3		2270	1115	1179	1998	1558	1530	1261	1844	1273	1833	1856	1929	2791	8736		
"CT"	2002	"Westbrook"	2		9027	5911	4018	9963	5574	7855	4508	9021	4649	9460	6212	11126	1491	1009		
"CT"	2002	"Weston"	4		2811	1616	1496	2585	1934	2099	1650	2329	1820	2390	1746	2934	2101	1002		
"CT"	2002	"Westport"	4		1984	808	1068	1522	1273	1232	1087	1429	1089	1557	1117	1932	5764	3558		
"CT"	2002	"Wethersfield"	1		7286	3870	3563	6662	4432	5382	3575	6281	3692	6762	5039	7746	3845	6479		
"CT"	2002	"Willington"	2		360	162	229	252	254	217	244	240	234	263	256	328	967	1013		
"CT"	2002	"Wilton"	4		916	623	588	848	668	713	604	801	592	881	573	1117	4308	1779		
"CT"	2002	"Winchester"	1		5980	2122	3651	3746	3853	3335	3496	3650	3293	4200	3411	5434	1417	1684		
"CT"	2002	"Windham"	2		2008	1357	952	2105	1213	1742	995	1993	1089	2090	1509	2360	2076	3070		
"CT"	2002	"Windsor"	1		2278	1663	957	2631	1380	2079	1082	2399	1167	2467	1852	3038	2886	6464		
"CT"	2002	"Windsor Locks"	1		2837	1187	1955	1765	2106	1540	1945	1699	1902	1912	1934	2548	1426	2188		
"CT"	2002	"Wolcott"	5		1318	855	701	1340	1014	995	783	1226	823	1266	1044	1379	3009	2742		
"CT"	2002	"Woodbridge"	3		2011	1597	1206	2092	1353	1884	1246	1972	1028	2416	1390	3315	1099	2209		
"CT"	2002	"Woodbury"	5		4285	1794	2874	2671	3042	2347	2954	2447	2525	3268	3816	4912	2469	1393		
"CT"	2002	"Woodstock"	2		5692	2389	4157	3453	4313	3121	4044	3415	3741	3991	4257	5054	1703	1018		
