state	year	town	cd	cd2	g2006_GOV_rv	g2006_GOV_dv	g2006_SOS_dv	g2006_SOS_lv	g2006_TRE_rv	g2006_TRE_dv	g2006_COM_rv	g2006_COM_dv	g2006_ATG_rv	g2006_ATG_dv	g2006_USS_rv	g2006_USS_dv	g2006_USH_dv	g2006_USH_rv	g2006_USH_rv2	g2006_USH_dv2	g2006_USS_iv
"CT"	2006	"Andover"	2		924	510	1071	33	380	925	333	963	323	1060	170	632	719	700			645
"CT"	2006	"Ansonia"	3		3441	1766	3361	49	1285	3141	1151	3031	864	3760	658	1729	3696	979			2811
"CT"	2006	"Ashford"	2		965	776	1330	22	420	1206	371	1281	335	1367	173	899	1041	737			711
"CT"	2006	"Avon"	5		5647	2532	5163	66	3105	4513	3027	4510	2929	5001	884	2871	4225	3870			4516
"CT"	2006	"Barkhamsted"	1		1442	550	1146	21	512	1000	478	1012	460	1129	229	656	979	547			805
"CT"	2006	"Beacon Falls"	3		1521	521	1316	29	616	1083	608	1077	448	1439	257	567	1284	561			1272
"CT"	2006	"Berlin"	1		5099	2895	5631	63	1978	4980	1865	4894	1722	5618	809	3109	4732	2020			4129
"CT"	2006	"Bethany"	3		1755	795	1600	20	817	1420	807	1409	628	1777	259	919	1706	692			1403
"CT"	2006	"Bethel"	5		4829	1680	3558	92	2463	3150	2330	3256	1795	4186	745	2530	3296	2931			3339
"CT"	2006	"Bethlehem"	5		1251	497	1104	25	636	953	622	951	510	1175	225	583	870	811			943
"CT"	2006	"Bloomfield"	1		3358	4329	6067	60	1038	6182	1061	5772	1071	6083	474	4270	5793	1100			3228
"CT"	2006	"Bolton"	2		1616	784	1741	19	778	1462	674	1545	583	1757	274	1016	1203	1180			1113
"CT"	2006	"Bozrah"	2		669	349	712	15	308	597	327	595	232	744	111	366	464	564			569
"CT"	2006	"Branford"	3		7068	3758	7529	69	2828	6648	2817	6580	2091	8080	927	4151	8047	2291			5908
"CT"	2006	"Bridgeport"	4		8366	11267	14000	321	3277	13830	3113	13625	2702	15084	1476	12038	13351	6400			6935
"CT"	2006	"Bridgewater"	5		785	162	486	8	378	417	362	436	282	582	71	343	439	477			515
"CT"	2006	"Bristol"	1		11129	6741	13279	146	4184	11561	3844	10830	3362	13402	1929	7396	11724	4316			8687
"CT"	2006	"Brookfield"	5		5434	887	2897	57	2904	2535	2817	2608	2249	3530	854	1955	2805	3220			3447
"CT"	2006	"Brooklyn"	2		1634	896	1788	25	735	1554	671	1611	533	1866	236	940	1155	1335			1378
"CT"	2006	"Burlington"	5		2528	1249	2637	26	1145	2290	1119	2317	1030	2594	473	1538	2048	1623			1800
"CT"	2006	"Canaan"	5		274	189	338	4	103	331	96	330	87	359	49	290	310	162			148
"CT"	2006	"Canterbury"	2		1237	708	1354	25	638	1124	652	1134	476	1393	218	737	873	1073			1009
"CT"	2006	"Canton"	5		2873	1539	3038	30	1331	2703	1346	2662	1256	2985	511	1889	2578	1803			2065
"CT"	2006	"Chaplin"	2		494	313	584	10	224	505	210	518	186	584	100	388	429	387			348
"CT"	2006	"Cheshire"	5		8149	3483	7312	80	3714	6662	3691	6585	3054	7888	1199	3780	6241	4992			6772
"CT"	2006	"Chester"	2		972	727	1260	14	404	1183	392	1190	348	1299	140	894	1019	660			695
"CT"	2006	"Clinton"	2		3435	1626	3483	55	1524	3028	1489	3012	1120	3681	524	1704	2299	2641			2897
"CT"	2006	"Colchester"	2		3578	2084	4156	51	1528	3601	1447	3641	1209	4145	644	2258	2729	2845			2783
"CT"	2006	"Colebrook"	1		452	211	459	4	190	396	179	408	162	469	91	274	380	211			311
"CT"	2006	"Columbia"	2		1495	956	1843	21	625	1643	577	1695	537	1835	274	1088	1322	1119			1135
"CT"	2006	"Cornwall"	5		433	330	564	12	164	511	153	528	134	605	60	507	565	201			219
"CT"	2006	"Coventry"	2		2821	1825	3428	44	1196	3047	1117	3112	1013	3409	519	2186	2509	2016			2002
"CT"	2006	"Cromwell"	1		3378	2062	4123	28	1384	3638	1290	3664	1141	4088	570	2268	3661	1386			2603
"CT"	2006	"Danbury"	5		10954	4715	8886	160	5204	8217	5353	8349	4197	10083	1820	6655	8479	6251			7234
"CT"	2006	"Darien"	4		6299	1344	2500	99	4278	2362	4229	2352	3381	3854	858	2225	2522	5272			4723
"CT"	2006	"Deep River"	2		1165	826	1501	18	482	1339	476	1340	397	1528	188	903	1068	888			943
"CT"	2006	"Derby"	3		2450	1184	2267	44	1017	1923	952	1962	713	2514	689	1101	2494	802			1882
"CT"	2006	"Durham"	2	3	2161	1059	2441	18	1021	1977	956	2014	712	2436	327	1212	1104	1265	235	578	1694
"CT"	2006	"East Granby"	1		1444	685	1407	35	691	1265	674	1237	669	1376	271	832	1237	745			1048
"CT"	2006	"East Haddam"	2		2285	1322	2627	31	1038	2239	958	2319	830	2591	372	1562	1807	1767			1715
"CT"	2006	"East Hampton"	2		3332	1779	3675	53	1368	3172	1305	3231	1181	3663	615	1951	2332	2561			2608
"CT"	2006	"East Hartford"	1		6517	5690	9809	85	2388	9071	2153	9127	1841	10055	1012	5858	9787	2262			5400
"CT"	2006	"East Haven"	3		5703	2582	5544	38	2166	4905	2112	4904	1276	6411	753	2664	6255	1571			5026
"CT"	2006	"East Lyme"	2		4878	2620	5356	74	2218	4680	2495	4402	1414	5877	631	2960	3704	3797			3957
"CT"	2006	"East Windsor"	1		2273	1237	2439	55	1421	1893	893	2183	803	2463	451	1430	2347	926			1683
"CT"	2006	"Eastford"	2		519	218	440	7	277	375	262	402	226	468	102	246	274	455			408
"CT"	2006	"Easton"	4		2497	836	1573	44	1537	1463	1498	1483	1146	2034	323	1160	1435	1904			1897
"CT"	2006	"Ellington"	2		3613	1575	3571	81	1726	2931	1451	3144	1287	3606	630	1952	2551	2510			2607
"CT"	2006	"Enfield"	2		8889	4950	10314	123	4032	8487	3278	9084	2839	10240	1584	5961	7059	6421			6532
"CT"	2006	"Essex"	2		2246	1059	2242	27	1096	1936	1064	1952	848	2304	280	1384	1628	1637			1678
"CT"	2006	"Fairfield"	4		15684	5977	11593	257	8379	10579	8422	10365	6234	14174	1731	8041	10063	11694			12158
"CT"	2006	"Farmington"	5		6806	3708	7311	87	3277	6484	3142	6516	3011	7127	1158	4378	5947	4414			5117
"CT"	2006	"Franklin"	2		545	270	621	13	243	490	254	498	155	626	90	295	373	452			458
"CT"	2006	"Glastonbury"	1	2	9728	5048	10145	128	4256	9361	4560	8776	4176	9980	1453	6056	6556	2484	2642	2441	7414
"CT"	2006	"Goshen"	5		989	384	876	9	521	727	473	755	438	880	188	484	681	683			726
"CT"	2006	"Granby"	1		3408	1548	3254	48	1693	2847	1664	2825	1511	3217	572	1947	2837	1794			2470
"CT"	2006	"Greenwich"	4		14552	5693	8755	298	9324	8700	9446	8309	7538	11918	1817	8258	9146	11655			11160
"CT"	2006	"Griswold"	2		2119	1244	2375	49	852	1985	1281	1759	591	2475	330	1342	1564	1713			1731
"CT"	2006	"Groton"	2		6443	3673	6803	173	3021	5772	4962	4598	2151	7327	887	3989	4758	5425			5452
"CT"	2006	"Guilford"	3		6551	3107	6551	85	2857	4728	2771	5809	2750	6952	731	3909	7010	2287			5170
"CT"	2006	"Haddam"	2		2258	1262	2581	34	987	2256	942	2297	816	2562	350	1471	1725	1749			1750
"CT"	2006	"Hamden"	3		10940	8509	13510	181	3835	12451	3715	12227	2867	14582	1276	8294	14616	3468			10170
"CT"	2006	"Hampton"	2		465	351	583	10	233	509	215	544	179	612	89	391	441	392			370
"CT"	2006	"Hartford"	1		4477	10263	11881	178	1116	12557	974	11748	1242	12270	567	10521	12037	1279			4456
"CT"	2006	"Hartland"	1		608	258	515	3	368	440	355	449	341	505	160	300	447	390			439
"CT"	2006	"Harwinton"	5		1693	707	1621	28	830	1354	758	1411	678	1647	390	787	1237	1128			1284
"CT"	2006	"Hebron"	2		2532	1288	2687	63	1180	2337	1130	2345	970	2708	413	1479	1784	1971			1951
"CT"	2006	"Kent"	5		911	446	876	13	442	796	402	842	318	999	127	665	779	556			578
"CT"	2006	"Killingly"	2		2656	1713	3079	52	1151	2658	1101	2731	814	3258	483	1819	2154	2152			2100
"CT"	2006	"Killingworth"	2		1970	935	1941	35	856	1713	851	1676	710	2040	263	1031	1330	1465			1636
"CT"	2006	"Lebanon"	2		1877	1045	2051	43	866	1785	833	1835	693	2093	337	1207	1353	1585			1442
"CT"	2006	"Ledyard"	2		3679	1434	3308	77	1744	2737	2355	2323	1234	3579	501	1650	1959	3146			3059
"CT"	2006	"Lisbon"	2		939	544	1097	15	351	921	522	809	251	1123	127	561	692	765			833
"CT"	2006	"Litchfield"	5		2672	1102	2509	31	1346	2136	1258	2189	1065	2594	435	1350	1888	1796			1991
"CT"	2006	"Lyme"	2		803	443	817	13	408	721	407	720	326	868	104	574	654	591			596
"CT"	2006	"Madison"	2		5643	2270	5156	52	2873	4316	2873	4217	2223	5370	729	2738	3645	4109			4574
"CT"	2006	"Manchester"	1		10839	6685	12872	172	4447	11602	4142	11740	3746	12976	1786	7970	12141	4405			8042
"CT"	2006	"Mansfield"	2		2669	3248	4828	76	954	4567	878	4641	781	4932	319	3806	4397	1753			2017
"CT"	2006	"Marlborough"	2		1792	986	1980	31	831	1730	799	1743	716	1965	315	1140	1340	1413			1383
"CT"	2006	"Meriden"	5		8514	6403	11247	185	1079	9997	2953	10257	2460	11575	1376	6915	9425	5104			7315
"CT"	2006	"Middlebury"	5		2298	855	1768	42	1215	1537	1211	1495	1092	1853	462	929	1397	1657			1817
"CT"	2006	"Middlefield"	3		1245	756	1561	22	495	1285	453	1329	403	1482	206	858	1429	458			955
"CT"	2006	"Middletown"	3	1	7378	6374	11441	95	2847	9933	2607	9990	2098	11182	1149	7067	5582	2052	631	1914	5678
"CT"	2006	"Milford"	3		13171	5586	11504	196	5662	10046	5417	10476	3859	13441	1897	6134	12912	4510			10577
"CT"	2006	"Monroe"	4		5697	1643	3868	1036	3060	3541	2983	3550	2055	5041	677	2223	2968	4247			4336
"CT"	2006	"Montville"	2		3797	2015	4260	51	1594	3570	1864	3412	988	4604	520	2163	2627	3150			3123
"CT"	2006	"Morris"	5		713	307	648	6	367	542	358	556	292	673	178	339	489	533			526
"CT"	2006	"Naugatuck"	3		5833	2430	5366	80	2283	4486	2120	4535	1802	5717	1045	2507	5210	2017			4825
"CT"	2006	"New Britain"	5		6332	6975	10074	182	2243	9154	2125	9164	2028	9689	1126	7344	8610	4506			5224
"CT"	2006	"New Canaan"	4		6145	1601	2630	101	4394	2561	4404	2511	3746	3616	717	2318	2638	4966			4894
"CT"	2006	"New Fairfield"	5		3896	1098	2444	44	2279	2177	2212	2201	1810	2895	618	1728	2169	2685			2718
"CT"	2006	"New Hartford"	1		2015	1011	2068	28	977	1787	923	1802	913	2012	398	1167	1774	1050			1489
"CT"	2006	"New Haven"	3		8274	16589	17414	324	2170	17497	2139	16663	1875	18664	861	14331	20054	1979			9937
"CT"	2006	"New London"	2		2324	2775	3707	86	890	3505	1182	3273	717	4018	390	2787	3226	1943			2228
"CT"	2006	"New Milford"	5		7012	2019	5063	99	3322	4377	3205	4439	2490	5750	1051	3220	4541	4169			4756
"CT"	2006	"Newington"	1		6801	4849	9118	68	2470	8542	2377	8241	2098	9032	1128	4961	8579	2572			5596
"CT"	2006	"Newtown"	5		8133	2382	5833	137	4258	5107	4064	5261	3026	7104	946	3531	5140	5029			6083
"CT"	2006	"Norfolk"	5		477	295	555	7	204	499	187	515	171	580	54	403	472	304			334
"CT"	2006	"North Branford"	3		3740	1579	3476	43	1577	2972	1580	3014	1141	3800	513	1647	3689	1241			3214
"CT"	2006	"North Canaan"	5		705	332	694	12	327	607	287	628	246	721	149	462	531	512			449
"CT"	2006	"North Haven"	3		6861	3029	5983	76	3064	5150	3007	5139	2236	6708	1037	3056	6597	2505			5837
"CT"	2006	"North Stonington"	2		1455	636	1285	28	724	1067	1065	887	499	1455	196	793	885	1231			1144
"CT"	2006	"Norwalk"	4		13967	8442	12475	383	7351	12405	7316	12211	5752	15104	2079	10341	11794	10727			10223
"CT"	2006	"Norwich"	2		5210	3712	6611	131	1790	5765	2286	5074	1314	6870	617	3680	4757	4037			4813
"CT"	2006	"Old Lyme"	2		2537	1252	2687	21	1232	2273	1262	2256	861	2814	323	1613	1927	1873			1847
"CT"	2006	"Old Saybrook"	2		3156	1626	3196	44	1589	2739	1542	2727	1202	3346	454	1778	2206	2457			2575
"CT"	2006	"Orange"	3		4640	1732	3635	55	2383	3225	2355	3184	1744	4189	813	1755	4248	1857			3891
"CT"	2006	"Oxford"	4		3490	1023	2535	44	1705	2171	1645	2226	1271	2920	513	1273	1738	2536			2741
"CT"	2006	"Plainfield"	2		2634	1472	2912	63	1056	2507	1369	2354	761	3076	410	1682	1907	2147			2056
"CT"	2006	"Plainville"	5		3632	2338	4447	54	1333	3962	1210	4032	1090	4498	752	2534	3636	2106			2622
"CT"	2006	"Plymouth"	5		2614	1209	2755	45	1092	2294	982	2359	845	2774	521	1291	2101	1511			2017
"CT"	2006	"Pomfret"	2		1058	585	1086	27	551	951	488	1027	406	1186	149	691	779	867			844
"CT"	2006	"Portland"	1		2534	1522	3071	38	977	2655	942	2658	872	2985	413	1724	2747	1030			1957
"CT"	2006	"Preston"	2		1259	620	1277	36	578	1023	857	861	355	1385	213	659	768	1078			1005
"CT"	2006	"Prospect"	3		2658	928	2225	38	1067	1971	1055	1909	1008	2311	477	1009	2166	1058			2098
"CT"	2006	"Putnam"	2		1559	888	1676	48	694	1422	597	1553	501	1758	246	990	1149	1244			1213
"CT"	2006	"Redding"	4		2801	1196	2131	42	1646	1992	1624	1943	1258	2555	297	1739	2019	2064			2030
"CT"	2006	"Ridgefield"	4		7105	2513	4534	116	4309	4228	4213	4330	3551	5513	859	3666	4654	5003			5320
"CT"	2006	"Rocky Hill"	1		4192	2947	5228	64	1758	4704	1656	4709	1478	5257	772	3066	4738	1674			3326
"CT"	2006	"Roxbury"	5		804	348	660	17	437	600	433	594	373	721	124	494	593	552			542
"CT"	2006	"Salem"	2		1114	587	1167	23	542	990	545	995	407	1225	155	678	749	958			889
"CT"	2006	"Salisbury"	5		1115	731	1357	22	487	1230	441	1249	320	1499	128	1120	1297	600			652
"CT"	2006	"Scotland"	2		405	245	459	9	178	409	171	430	148	479	76	257	318	337			337
"CT"	2006	"Seymour"	3		3800	1409	3268	54	1600	2726	1519	2755	1104	3623	805	1577	3354	1308			2941
"CT"	2006	"Sharon"	5		788	462	793	18	407	733	373	767	355	873	122	672	749	495			495
"CT"	2006	"Shelton"	4	3	10470	3457	7733	161	5331	6626	5184	6588	3558	9362	1808	4105	4208	6057	939	2005	8018
"CT"	2006	"Sherman"	5		1180	432	856	25	678	785	672	790	527	1019	165	639	806	807			839
"CT"	2006	"Simsbury"	5		7112	3949	7271	113	3858	6404	3704	6408	3482	7152	1202	4134	5774	5125			5760
"CT"	2006	"Somers"	2		2708	924	2336	29	1421	1863	1171	2089	1042	2396	472	1255	1484	2075			1936
"CT"	2006	"South Windsor"	1		6752	3739	7915	70	3094	6822	2697	7098	2226	8025	959	4436	7850	2464			5138
"CT"	2006	"Southbury"	5		6434	2157	4642	65	3461	4052	3376	4118	2905	5091	903	2771	4057	4129			5007
"CT"	2006	"Southington"	1		11249	5433	12622	91	4618	10952	4307	11116	3305	12949	1700	6101	10958	4941			8806
"CT"	2006	"Sprague"	2		667	372	750	13	283	646	406	562	210	784	117	395	490	554			544
"CT"	2006	"Stafford"	2		2818	1697	3205	75	1205	2783	978	3012	893	3308	580	2062	2281	2024			1854
"CT"	2006	"Stamford"	4		19524	11081	16537	496	9683	16394	9786	16324	7024	21169	2241	13409	16589	14043			15514
"CT"	2006	"Sterling"	2		597	343	605	21	321	490	389	464	243	636	120	381	417	515			436
"CT"	2006	"Stonington"	2		5099	2683	4999	96	2399	4212	3686	3582	1724	5458	675	3320	3575	4280			3915
"CT"	2006	"Stratford"	3		11053	4555	9228	183	5021	7595	4722	8201	3287	11231	1646	5546	10780	3749			8049
"CT"	2006	"Suffield"	2		3679	1567	3445	56	1784	2991	1697	2904	1489	3423	614	1976	2245	2793			2708
"CT"	2006	"Thomaston"	5		2034	787	1844	31	872	1575	851	1560	721	1895	418	806	1336	1309			1599
"CT"	2006	"Thompson"	2		1821	1035	1861	63	919	1575	812	1693	710	1936	330	1114	1345	1463			1455
"CT"	2006	"Tolland"	2		4223	1979	4535	63	1933	3846	1569	4302	1444	4640	663	2536	3216	2991			3052
"CT"	2006	"Torrington"	5	1	7586	3247	7734	116	3453	6265	3077	6725	2598	8008	1681	3850	3103	2314	1947	3036	5904
"CT"	2006	"Trumbull"	4		10538	3428	7416	153	5771	6575	5552	6642	3884	9362	1449	4349	5775	8055			8265
"CT"	2006	"Union"	2		302	138	284	7	133	236	111	270	100	299	59	159	180	230			214
"CT"	2006	"Vernon"	2		6573	3385	7461	99	2723	6523	2409	6820	2030	7616	1079	4185	5696	4224			4717
"CT"	2006	"Voluntown"	2		574	288	569	12	234	482	366	413	186	593	100	353	373	480			424
"CT"	2006	"Wallingford"	3		10589	5097	10689	160	4238	8959	3936	9128	3078	11428	1463	5577	10869	3583			8769
"CT"	2006	"Warren"	5		466	170	379	16	216	350	218	347	187	408	78	247	322	300			323
"CT"	2006	"Washington"	5		1162	450	1025	16	535	882	510	912	406	1110	163	740	983	627			764
"CT"	2006	"Waterbury"	5	3	12468	8019	12824	270	4632	12361	4620	11695	4429	13280	2682	7354	8797	6603	994	2180	11296
"CT"	2006	"Waterford"	2		4903	2977	5442	86	2149	4846	2533	4529	1589	5838	762	3070	3857	3941			4131
"CT"	2006	"Watertown"	5		5731	2166	4721	77	2690	4101	2592	4108	2330	4950	1252	2269	3602	3934			4408
"CT"	2006	"West Hartford"	1		13535	11650	18606	193	5675	17488	5461	17341	6692	17661	2096	11316	18166	5559			12324
"CT"	2006	"West Haven"	3		8265	5916	9487	141	2788	8807	2725	8593	2107	10345	1242	5136	10667	2303			8033
"CT"	2006	"Westbrook"	2		1994	848	2070	31	861	1732	812	1785	592	2160	296	961	1249	1549			1628
"CT"	2006	"Weston"	4		2732	1426	2205	66	1631	2095	1596	2145	1285	2690	271	1661	2224	1997			2311
"CT"	2006	"Westport"	4		7531	4151	6853	161	4096	6387	4086	6427	3236	7886	694	5081	6356	5626			6229
"CT"	2006	"Wethersfield"	1		6597	4679	8371	70	2962	7639	2719	7646	2501	8450	1147	4689	7910	2874			5484
"CT"	2006	"Willington"	2		1354	863	1591	33	580	1426	521	1522	508	1612	281	1034	1137	1067			944
"CT"	2006	"Wilton"	4		5650	1872	3352	129	3404	3463	3494	3288	2766	4489	568	2594	3283	4264			4452
"CT"	2006	"Winchester"	1		2406	1086	2447	35	937	2073	870	2154	797	2426	448	1352	2056	1014			1746
"CT"	2006	"Windham"	2		2872	2449	3995	74	1018	3586	967	3740	858	4025	475	2839	3183	2090			2258
"CT"	2006	"Windsor"	1		5685	4770	7824	134	2220	7452	2331	7159	1952	7860	1012	5185	7433	2269			4490
"CT"	2006	"Windsor Locks"	1		2679	1585	3101	37	1230	2621	985	2722	950	3028	539	1706	2720	1120			2063
"CT"	2006	"Wolcott"	5		4426	1589	4151	35	1972	3560	1896	3584	1538	4354	808	1587	2817	2885			3635
"CT"	2006	"Woodbridge"	3		2668	1506	2584	36	1238	2344	1196	2333	76	2993	275	1438	3008	947			2560
"CT"	2006	"Woodbury"	5		3138	1160	2349	31	1705	2047	1634	2084	1445	2547	509	1506	2051	2110			2340
"CT"	2006	"Woodstock"	2		2091	970	1838	44	1206	1552	1062	1722	930	1954	377	1168	1323	1686			1561
