state	year	precinct	g2004_USP_dv	g2004_USP_rv	g2004_USP_tv	g2004_DEL_dv	g2004_DEL_rv	g2004_DEL_tv	g2004_SHADR_dv	g2004_SHADR_rv	g2004_SHADR_tv
"DC"	2004	1	1491	90	1581	1477	73	1550	1328	121	1449
"DC"	2004	2	213	62	275	224	45	269	174	54	228
"DC"	2004	3	1008	363	1371	1052	290	1342	830	186	1016
"DC"	2004	4	925	266	1191	904	251	1155	761	178	939
"DC"	2004	5	1771	600	2371	1753	523	2276	1443	288	1731
"DC"	2004	6	1793	693	2486	1796	594	2390	1533	353	1886
"DC"	2004	7	871	347	1218	862	325	1187	752	193	945
"DC"	2004	8	1854	640	2494	1867	555	2422	1413	372	1785
"DC"	2004	9	780	498	1278	825	401	1226	698	129	827
"DC"	2004	10	1521	491	2012	1553	389	1942	1251	210	1461
"DC"	2004	11	2534	646	3180	2505	602	3107	2038	576	2614
"DC"	2004	12	385	176	561	403	145	548	322	68	390
"DC"	2004	13	1030	252	1282	1020	226	1246	753	174	927
"DC"	2004	14	2042	324	2366	1998	330	2328	1558	411	1969
"DC"	2004	15	2392	257	2649	2341	269	2610	1772	485	2257
"DC"	2004	16	1950	217	2167	1892	246	2138	1485	386	1871
"DC"	2004	17	2374	330	2704	2363	310	2673	1933	437	2370
"DC"	2004	18	1959	104	2063	1945	94	2039	1652	239	1891
"DC"	2004	19	1887	89	1976	1904	72	1976	1620	216	1836
"DC"	2004	20	816	27	843	789	18	807	726	52	778
"DC"	2004	21	784	41	825	768	40	808	630	100	730
"DC"	2004	22	1563	130	1693	1523	123	1646	1187	299	1486
"DC"	2004	23	1162	57	1219	1130	68	1198	884	184	1068
"DC"	2004	24	1547	111	1658	1496	140	1636	1067	371	1438
"DC"	2004	25	2862	334	3196	2794	351	3145	1752	1026	2778
"DC"	2004	26	2316	389	2705	2277	382	2659	1605	472	2077
"DC"	2004	27	1954	296	2250	1919	288	2207	1365	352	1717
"DC"	2004	28	2092	580	2672	2051	540	2591	1598	388	1986
"DC"	2004	29	1036	227	1263	1027	204	1231	796	197	993
"DC"	2004	30	942	296	1238	954	251	1205	760	158	918
"DC"	2004	31	1860	404	2264	1834	373	2207	1397	342	1739
"DC"	2004	32	1993	357	2350	1956	310	2266	1471	296	1767
"DC"	2004	33	2164	382	2546	2152	328	2480	1576	399	1975
"DC"	2004	34	2829	533	3362	2818	472	3290	2194	513	2707
"DC"	2004	35	2580	165	2745	2546	180	2726	1683	749	2432
"DC"	2004	36	1935	135	2070	1903	125	2028	1534	316	1850
"DC"	2004	37	1587	64	1651	1566	52	1618	1388	139	1527
"DC"	2004	38	1278	68	1346	1268	52	1320	1067	131	1198
"DC"	2004	39	2017	152	2169	2000	157	2157	1377	570	1947
"DC"	2004	40	2259	180	2439	2273	176	2449	1527	640	2167
"DC"	2004	41	1390	102	1492	1398	61	1459	1111	220	1331
"DC"	2004	42	805	35	840	789	40	829	625	127	752
"DC"	2004	43	770	44	814	777	33	810	686	88	774
"DC"	2004	44	1593	210	1803	1617	144	1761	1429	155	1584
"DC"	2004	45	1172	42	1214	1194	31	1225	1005	116	1121
"DC"	2004	46	1596	56	1652	1593	42	1635	1417	100	1517
"DC"	2004	47	1534	94	1628	1537	63	1600	1266	164	1430
"DC"	2004	48	1710	89	1799	1678	81	1759	1359	191	1550
"DC"	2004	49	374	22	396	387	8	395	329	35	364
"DC"	2004	50	1543	340	1883	1557	279	1836	1187	278	1465
"DC"	2004	51	2686	616	3302	2739	487	3226	2085	381	2466
"DC"	2004	52	1008	185	1193	1017	147	1164	785	128	913
"DC"	2004	53	794	69	863	791	53	844	639	94	733
"DC"	2004	54	1386	73	1459	1405	45	1450	1149	133	1282
"DC"	2004	55	1340	81	1421	1353	55	1408	1221	84	1305
"DC"	2004	56	1755	82	1837	1784	46	1830	1569	127	1696
"DC"	2004	57	1626	73	1699	1653	35	1688	1446	135	1581
"DC"	2004	58	1413	53	1466	1409	28	1437	1234	75	1309
"DC"	2004	59	1721	71	1792	1744	39	1783	1489	132	1621
"DC"	2004	60	1224	71	1295	1214	51	1265	1019	94	1113
"DC"	2004	61	1157	66	1223	1154	43	1197	1018	73	1091
"DC"	2004	62	2439	151	2590	2416	121	2537	2027	215	2242
"DC"	2004	63	2104	122	2226	2119	79	2198	1743	254	1997
"DC"	2004	64	1520	74	1594	1525	44	1569	1359	81	1440
"DC"	2004	65	1782	66	1848	1795	41	1836	1613	91	1704
"DC"	2004	66	2919	130	3049	2938	85	3023	2689	132	2821
"DC"	2004	67	2074	120	2194	2093	85	2178	1870	165	2035
"DC"	2004	68	1242	133	1375	1238	112	1350	1058	178	1236
"DC"	2004	69	1374	75	1449	1393	46	1439	1208	112	1320
"DC"	2004	70	971	58	1029	980	46	1026	842	101	943
"DC"	2004	71	1492	95	1587	1528	39	1567	1357	116	1473
"DC"	2004	72	2135	85	2220	2145	49	2194	1939	131	2070
"DC"	2004	73	1217	84	1301	1207	83	1290	1007	186	1193
"DC"	2004	74	2061	128	2189	2047	109	2156	1859	156	2015
"DC"	2004	75	1459	46	1505	1454	47	1501	1290	104	1394
"DC"	2004	76	410	19	429	406	15	421	375	29	404
"DC"	2004	77	1512	55	1567	1529	30	1559	1334	82	1416
"DC"	2004	78	1372	37	1409	1371	24	1395	1236	62	1298
"DC"	2004	79	900	34	934	901	32	933	827	49	876
"DC"	2004	80	758	36	794	760	28	788	699	31	730
"DC"	2004	81	2553	172	2725	2529	154	2683	2207	255	2462
"DC"	2004	82	1503	121	1624	1506	112	1618	1265	201	1466
"DC"	2004	83	1688	94	1782	1669	94	1763	1480	163	1643
"DC"	2004	84	1414	257	1671	1393	277	1670	1093	307	1400
"DC"	2004	85	1874	397	2271	1854	399	2253	1375	449	1824
"DC"	2004	86	1370	163	1533	1357	145	1502	1114	219	1333
"DC"	2004	87	1616	134	1750	1623	112	1735	1394	208	1602
"DC"	2004	88	1504	221	1725	1519	200	1719	1113	324	1437
"DC"	2004	89	1856	515	2371	1873	478	2351	1359	433	1792
"DC"	2004	90	1077	190	1267	1082	181	1263	814	230	1044
"DC"	2004	91	2113	168	2281	2086	169	2255	1716	328	2044
"DC"	2004	92	845	31	876	853	20	873	790	29	819
"DC"	2004	93	805	44	849	818	20	838	761	38	799
"DC"	2004	94	996	40	1036	1000	21	1021	898	49	947
"DC"	2004	95	740	28	768	731	21	752	699	26	725
"DC"	2004	96	1021	32	1053	1023	18	1041	934	49	983
"DC"	2004	97	614	20	634	613	13	626	570	25	595
"DC"	2004	98	971	39	1010	990	15	1005	884	55	939
"DC"	2004	99	666	23	689	656	17	673	600	42	642
"DC"	2004	100	957	21	978	929	17	946	847	42	889
"DC"	2004	101	943	31	974	952	25	977	874	58	932
"DC"	2004	102	1228	55	1283	1287	29	1316	1139	87	1226
"DC"	2004	103	1746	43	1789	1753	27	1780	1596	81	1677
"DC"	2004	104	1277	41	1318	1277	31	1308	1199	49	1248
"DC"	2004	105	1107	36	1143	1101	24	1125	1019	43	1062
"DC"	2004	106	1608	68	1676	1617	49	1666	1499	70	1569
"DC"	2004	107	836	18	854	853	20	873	788	38	826
"DC"	2004	108	785	53	838	809	19	828	748	34	782
"DC"	2004	109	683	33	716	700	21	721	617	58	675
"DC"	2004	110	2494	112	2606	2519	74	2593	2318	131	2449
"DC"	2004	111	1223	40	1263	1211	30	1241	1126	42	1168
"DC"	2004	112	1238	49	1287	1248	35	1283	1137	75	1212
"DC"	2004	113	1363	91	1454	1382	56	1438	1258	80	1338
"DC"	2004	114	1416	47	1463	1391	32	1423	1223	60	1283
"DC"	2004	115	1154	37	1191	1151	16	1167	1056	41	1097
"DC"	2004	116	1686	51	1737	1659	29	1688	1537	62	1599
"DC"	2004	117	772	16	788	762	22	784	707	31	738
"DC"	2004	118	1235	27	1262	1225	22	1247	1116	62	1178
"DC"	2004	119	1189	40	1229	1207	36	1243	1117	56	1173
"DC"	2004	120	995	31	1026	974	23	997	895	41	936
"DC"	2004	121	1628	49	1677	1612	32	1644	1481	53	1534
"DC"	2004	122	902	26	928	892	16	908	816	38	854
"DC"	2004	123	1128	85	1213	1141	51	1192	1056	61	1117
"DC"	2004	124	1304	45	1349	1294	36	1330	1178	59	1237
"DC"	2004	125	2124	54	2178	2065	48	2113	1955	76	2031
"DC"	2004	126	1639	55	1694	1609	54	1663	1478	74	1552
"DC"	2004	127	2345	231	2576	2328	216	2544	1996	272	2268
"DC"	2004	128	1021	95	1116	1015	89	1104	849	135	984
"DC"	2004	129	723	84	807	701	84	785	605	94	699
"DC"	2004	130	978	337	1315	969	307	1276	784	240	1024
"DC"	2004	131	271	12	283	264	11	275	239	12	251
"DC"	2004	132	1010	22	1032	1006	14	1020	937	35	972
"DC"	2004	133	783	49	832	796	23	819	743	33	776
"DC"	2004	134	987	33	1020	982	18	1000	924	33	957
"DC"	2004	135	1597	73	1670	1618	60	1678	1434	139	1573
"DC"	2004	136	662	124	786	637	130	767	501	142	643
"DC"	2004	137	494	23	517	497	22	519	371	86	457
"DC"	2004	138	1684	351	2035	1661	304	1965	1258	284	1542
"DC"	2004	139	1133	49	1182	1151	18	1169	992	58	1050
"DC"	2004	140	930	44	974	941	20	961	845	30	875
"DC"	2004	141	1727	120	1847	1670	149	1819	1231	350	1581
"DC"	2004	142	980	142	1122	990	120	1110	838	127	965
"DC"	2004	143									
"DC"	2004	301									
