state	year	precinct	g2010_DEL_dv	g2010_DEL_rv	g2010_DEL_tv	g2010_MAY_dv	g2010_MAY_rv	g2010_MAY_tv	g2010_COC_dv	g2010_COC_tv	g2010_SHADR_dv	g2010_SHADR_rv	g2010_SHADR_tv
"DC"	2010	1	702	32	734	650	94	744	682	740	598	37	635
"DC"	2010	2	87	21	108	77	24	101	79	105	77	28	105
"DC"	2010	3	556	95	651	394	221	615	481	607	440	139	579
"DC"	2010	4	509	132	641	365	246	611	479	582	428	159	587
"DC"	2010	5	777	191	968	450	530	980	707	866	594	239	833
"DC"	2010	6	609	169	778	383	382	765	593	729	462	219	681
"DC"	2010	7	486	115	601	280	306	586	452	548	382	157	539
"DC"	2010	8	1023	255	1278	618	693	1311	991	1159	773	340	1113
"DC"	2010	9	525	220	745	344	376	720	508	629	389	269	658
"DC"	2010	10	885	198	1083	575	453	1028	809	965	710	245	955
"DC"	2010	11	1103	231	1334	663	619	1282	988	1259	929	262	1191
"DC"	2010	12	206	80	286	127	142	269	197	236	150	101	251
"DC"	2010	13	488	79	567	306	260	566	447	524	392	95	487
"DC"	2010	14	818	100	918	501	400	901	722	889	675	148	823
"DC"	2010	15	1016	95	1111	636	494	1130	921	1114	856	143	999
"DC"	2010	16	1033	83	1116	596	530	1126	889	1074	862	125	987
"DC"	2010	17	1243	123	1366	892	512	1404	1142	1364	1052	191	1243
"DC"	2010	18	1221	61	1282	985	313	1298	1159	1282	1045	79	1124
"DC"	2010	19	1157	41	1198	997	231	1228	1102	1234	971	58	1029
"DC"	2010	20	268	8	276	244	35	279	262	283	240	11	251
"DC"	2010	21	448	26	474	341	146	487	417	473	394	39	433
"DC"	2010	22	1172	58	1230	718	530	1248	1042	1214	1008	92	1100
"DC"	2010	23	783	42	825	637	211	848	754	841	699	48	747
"DC"	2010	24	808	35	843	540	317	857	710	859	700	65	765
"DC"	2010	25	1445	133	1578	882	735	1617	1275	1590	1184	184	1368
"DC"	2010	26	1050	118	1168	707	454	1161	952	1126	891	160	1051
"DC"	2010	27	972	125	1097	625	475	1100	861	1003	761	141	902
"DC"	2010	28	981	248	1229	685	520	1205	905	1105	816	285	1101
"DC"	2010	29	527	68	595	345	267	612	472	576	411	110	521
"DC"	2010	30	668	114	782	408	382	790	623	747	548	134	682
"DC"	2010	31	1048	185	1233	723	543	1266	979	1157	863	228	1091
"DC"	2010	32	1139	143	1282	735	579	1314	1011	1219	924	203	1127
"DC"	2010	33	1178	124	1302	720	610	1330	1052	1258	939	177	1116
"DC"	2010	34	1330	155	1485	950	532	1482	1199	1433	1120	205	1325
"DC"	2010	35	1172	53	1225	777	437	1214	1012	1225	994	76	1070
"DC"	2010	36	1107	74	1181	904	287	1191	1032	1196	941	107	1048
"DC"	2010	37	788	23	811	655	171	826	763	833	695	39	734
"DC"	2010	38	734	29	763	660	135	795	716	798	640	48	688
"DC"	2010	39	1111	64	1175	733	456	1189	930	1181	935	92	1027
"DC"	2010	40	1249	72	1321	877	452	1329	1072	1335	1053	98	1151
"DC"	2010	41	909	54	963	766	194	960	841	957	788	62	850
"DC"	2010	42	509	13	522	404	135	539	466	532	446	23	469
"DC"	2010	43	540	13	553	478	77	555	512	565	464	30	494
"DC"	2010	44	925	63	988	894	84	978	927	996	808	68	876
"DC"	2010	45	743	15	758	633	134	767	692	775	634	17	651
"DC"	2010	46	877	16	893	785	130	915	855	911	793	25	818
"DC"	2010	47	885	35	920	756	191	947	837	943	747	54	801
"DC"	2010	48	1042	34	1076	868	261	1129	993	1103	882	54	936
"DC"	2010	49	239	5	244	205	55	260	228	257	212	16	228
"DC"	2010	50	969	121	1090	650	475	1125	879	1065	778	148	926
"DC"	2010	51	1556	244	1800	909	928	1837	1377	1664	1260	322	1582
"DC"	2010	52	603	81	684	349	345	694	533	636	486	113	599
"DC"	2010	53	473	25	498	407	109	516	446	492	398	30	428
"DC"	2010	54	896	29	925	789	159	948	858	942	777	35	812
"DC"	2010	55	830	15	845	743	107	850	807	843	737	30	767
"DC"	2010	56	1075	26	1101	988	137	1125	1050	1118	950	41	991
"DC"	2010	57	913	28	941	848	102	950	891	934	788	29	817
"DC"	2010	58	901	11	912	820	93	913	873	924	790	23	813
"DC"	2010	59	1052	15	1067	951	128	1079	1021	1083	901	23	924
"DC"	2010	60	709	15	724	687	56	743	692	732	617	27	644
"DC"	2010	61	734	20	754	668	107	775	716	766	632	29	661
"DC"	2010	62	1591	45	1636	1428	293	1721	1460	1651	1386	62	1448
"DC"	2010	63	1307	35	1342	1111	265	1376	1202	1361	1101	60	1161
"DC"	2010	64	1013	15	1028	931	107	1038	983	1039	896	21	917
"DC"	2010	65	1178	15	1193	1108	89	1197	1143	1197	1033	24	1057
"DC"	2010	66	2056	33	2089	1983	127	2110	1997	2088	1854	47	1901
"DC"	2010	67	1359	24	1383	1317	90	1407	1304	1382	1181	39	1220
"DC"	2010	68	835	41	876	766	123	889	755	871	710	66	776
"DC"	2010	69	981	19	1000	983	58	1041	962	1022	894	33	927
"DC"	2010	70	631	14	645	604	58	662	609	670	537	34	571
"DC"	2010	71	974	18	992	915	83	998	928	991	849	32	881
"DC"	2010	72	1374	21	1395	1349	57	1406	1312	1372	1199	44	1243
"DC"	2010	73	803	44	847	728	131	859	728	839	676	49	725
"DC"	2010	74	1193	48	1241	1123	131	1254	1157	1252	1050	53	1103
"DC"	2010	75	865	14	879	782	110	892	819	894	733	16	749
"DC"	2010	76	220	6	226	230	8	238	216	226	199	9	208
"DC"	2010	77	790	13	803	752	58	810	767	809	650	29	679
"DC"	2010	78	756	9	765	733	38	771	725	755	645	17	662
"DC"	2010	79	401	8	409	400	17	417	395	421	351	18	369
"DC"	2010	80	518	14	532	503	39	542	516	538	462	23	485
"DC"	2010	81	1492	98	1590	1267	331	1598	1410	1570	1309	120	1429
"DC"	2010	82	936	71	1007	747	281	1028	895	1008	823	92	915
"DC"	2010	83	1155	74	1229	981	289	1270	1126	1246	1029	112	1141
"DC"	2010	84	826	134	960	508	474	982	757	917	686	182	868
"DC"	2010	85	1074	191	1265	652	585	1237	974	1171	855	262	1117
"DC"	2010	86	780	95	875	564	325	889	740	841	674	117	791
"DC"	2010	87	1075	69	1144	871	307	1178	1024	1142	949	105	1054
"DC"	2010	88	960	129	1089	555	527	1082	872	1052	785	184	969
"DC"	2010	89	1131	234	1365	663	703	1366	988	1219	859	334	1193
"DC"	2010	90	665	115	780	386	407	793	591	743	536	152	688
"DC"	2010	91	1375	134	1509	1025	515	1540	1318	1511	1189	187	1376
"DC"	2010	92	517	5	522	530	10	540	511	537	476	11	487
"DC"	2010	93	493	6	499	479	19	498	493	507	429	11	440
"DC"	2010	94	560	5	565	551	20	571	547	569	497	12	509
"DC"	2010	95	436	4	440	415	20	435	426	437	387	8	395
"DC"	2010	96	668	4	672	643	28	671	658	679	598	14	612
"DC"	2010	97	377	9	386	374	20	394	379	397	338	8	346
"DC"	2010	98	654	1	655	656	17	673	651	672	586	9	595
"DC"	2010	99	463	5	468	459	18	477	461	487	407	12	419
"DC"	2010	100	491	4	495	479	17	496	477	489	438	5	443
"DC"	2010	101	659	3	662	658	25	683	643	673	593	12	605
"DC"	2010	102	774	5	779	772	25	797	771	797	683	12	695
"DC"	2010	103	1037	8	1045	1032	35	1067	1031	1062	925	18	943
"DC"	2010	104	747	12	759	727	31	758	736	761	678	13	691
"DC"	2010	105	764	4	768	746	35	781	751	764	697	11	708
"DC"	2010	106	1019	14	1033	1013	41	1054	1014	1061	904	24	928
"DC"	2010	107	446	4	450	440	14	454	442	454	406	5	411
"DC"	2010	108	567	7	574	563	32	595	552	585	501	18	519
"DC"	2010	109	501	8	509	496	35	531	493	514	442	11	453
"DC"	2010	110	1639	24	1663	1599	77	1676	1616	1683	1467	29	1496
"DC"	2010	111	763	11	774	755	29	784	755	782	664	16	680
"DC"	2010	112	707	14	721	704	31	735	706	728	625	22	647
"DC"	2010	113	1024	13	1037	1011	47	1058	1014	1050	902	24	926
"DC"	2010	114	734	10	744	739	31	770	716	747	653	10	663
"DC"	2010	115	649	6	655	642	25	667	649	667	574	17	591
"DC"	2010	116	869	12	881	869	33	902	873	890	781	24	805
"DC"	2010	117	389	3	392	373	19	392	388	399	358	10	368
"DC"	2010	118	646	2	648	624	36	660	636	653	571	9	580
"DC"	2010	119	634	9	643	642	15	657	624	652	560	16	576
"DC"	2010	120	476	7	483	479	20	499	476	502	424	11	435
"DC"	2010	121	933	12	945	915	32	947	913	949	825	25	850
"DC"	2010	122	531	7	538	523	17	540	519	535	474	10	484
"DC"	2010	123	667	13	680	662	31	693	667	694	597	20	617
"DC"	2010	124	816	11	827	830	15	845	805	831	716	17	733
"DC"	2010	125	1067	10	1077	1073	28	1101	1071	1100	968	23	991
"DC"	2010	126	901	9	910	893	31	924	889	919	793	24	817
"DC"	2010	127	1404	90	1494	1247	255	1502	1354	1513	1198	129	1327
"DC"	2010	128	674	49	723	573	144	717	650	731	586	70	656
"DC"	2010	129	624	98	722	448	287	735	620	702	570	107	677
"DC"	2010	130	298	127	425	188	230	418	286	381	240	160	400
"DC"	2010	131	512	109	621	375	235	610	487	592	445	144	589
"DC"	2010	132	654	5	659	641	19	660	642	658	584	11	595
"DC"	2010	133	542	7	549	520	33	553	536	556	488	8	496
"DC"	2010	134	615	5	620	587	27	614	596	622	561	8	569
"DC"	2010	135	990	34	1024	856	187	1043	946	1044	851	59	910
"DC"	2010	136	293	32	325	171	141	312	248	306	237	42	279
"DC"	2010	137	344	12	356	239	119	358	306	353	306	19	325
"DC"	2010	138	839	118	957	578	413	991	791	912	688	162	850
"DC"	2010	139	916	17	933	893	53	946	900	938	798	27	825
"DC"	2010	140	617	13	630	594	36	630	607	631	528	11	539
"DC"	2010	141	731	43	774	500	297	797	665	778	623	76	699
"DC"	2010	142	549	58	607	461	125	586	533	597	478	74	552
"DC"	2010	143	654	135	789	473	306	779	621	740	560	168	728
"DC"	2010	301											
