state	year	precinct	g2006_DEL_dv	g2006_DEL_tv	g2006_MAY_dv	g2006_MAY_rv	g2006_MAY_tv	g2006_COC_dv	g2006_COC_tv	g2006_SHADS_dv	g2006_SHADS_rv	g2006_SHADS_tv	g2006_SHADR_dv	g2006_SHADR_rv	g2006_SHADR_tv
"DC"	2006	1	640	654	642	33	675	628	640	547	81	628	486	51	537
"DC"	2006	2	95	104	86	21	107	98	106	79	16	95	67	25	92
"DC"	2006	3	664	701	606	128	734	639	665	469	124	593	407	176	583
"DC"	2006	4	481	515	435	118	553	464	482	392	76	468	339	128	467
"DC"	2006	5	924	986	893	173	1066	879	925	674	113	787	558	238	796
"DC"	2006	6	759	804	693	161	854	736	762	576	121	697	490	195	685
"DC"	2006	7	548	572	505	111	616	532	545	434	85	519	363	148	511
"DC"	2006	8	1280	1354	1252	234	1486	1222	1270	948	183	1131	795	311	1106
"DC"	2006	9	572	604	551	177	728	556	575	427	68	495	328	242	570
"DC"	2006	10	973	1010	942	155	1097	916	938	733	104	837	656	207	863
"DC"	2006	11	1343	1424	1224	188	1412	1258	1312	1012	259	1271	931	229	1160
"DC"	2006	12	260	275	251	80	331	244	255	183	33	216	157	85	242
"DC"	2006	13	558	575	549	81	630	524	540	404	85	489	376	94	470
"DC"	2006	14	922	966	820	116	936	872	900	696	163	859	657	120	777
"DC"	2006	15	1196	1238	1074	99	1173	1105	1142	895	213	1108	831	120	951
"DC"	2006	16	989	1026	922	92	1014	923	959	774	161	935	752	94	846
"DC"	2006	17	1230	1279	1111	141	1252	1172	1215	981	219	1200	893	154	1047
"DC"	2006	18	1103	1123	1059	48	1107	1053	1073	865	183	1048	811	61	872
"DC"	2006	19	1016	1032	978	24	1002	957	977	762	219	981	752	47	799
"DC"	2006	20	250	254	240	9	249	247	250	205	34	239	195	7	202
"DC"	2006	21	425	435	405	11	416	395	405	333	70	403	312	16	328
"DC"	2006	22	839	863	767	52	819	788	814	682	124	806	620	63	683
"DC"	2006	23	625	636	585	18	603	580	589	502	98	600	462	28	490
"DC"	2006	24	725	754	697	46	743	670	684	524	170	694	511	67	578
"DC"	2006	25	1426	1516	1335	119	1454	1362	1415	1016	351	1367	976	149	1125
"DC"	2006	26	1135	1190	1045	161	1206	1086	1125	845	187	1032	786	175	961
"DC"	2006	27	1120	1166	1062	113	1175	1044	1084	785	169	954	723	148	871
"DC"	2006	28	1175	1218	1092	226	1318	1111	1148	871	181	1052	795	257	1052
"DC"	2006	29	506	532	494	67	561	494	509	388	88	476	355	78	433
"DC"	2006	30	706	734	676	116	792	665	684	548	80	628	466	136	602
"DC"	2006	31	1202	1270	1143	171	1314	1150	1191	948	165	1113	814	182	996
"DC"	2006	32	1252	1309	1213	136	1349	1165	1230	926	179	1105	851	182	1033
"DC"	2006	33	1331	1374	1258	132	1390	1227	1275	952	211	1163	884	166	1050
"DC"	2006	34	1451	1512	1316	187	1503	1383	1425	1096	239	1335	1012	216	1228
"DC"	2006	35	1152	1202	1073	46	1119	1073	1104	833	282	1115	800	65	865
"DC"	2006	36	854	873	829	29	858	812	828	667	167	834	606	58	664
"DC"	2006	37	653	666	625	23	648	639	646	558	94	652	504	28	532
"DC"	2006	38	647	663	623	20	643	635	647	557	85	642	502	38	540
"DC"	2006	39	1031	1066	938	53	991	960	996	711	289	1000	685	71	756
"DC"	2006	40	1193	1233	1106	63	1169	1110	1142	836	308	1144	807	66	873
"DC"	2006	41	736	748	707	20	727	717	730	604	123	727	529	35	564
"DC"	2006	42	472	486	454	20	474	451	458	374	92	466	352	18	370
"DC"	2006	43	444	452	421	16	437	432	435	388	52	440	357	16	373
"DC"	2006	44	858	871	822	45	867	821	826	729	111	840	648	63	711
"DC"	2006	45	685	693	666	13	679	664	672	570	88	658	485	21	506
"DC"	2006	46	920	929	908	16	924	901	908	809	100	909	743	29	772
"DC"	2006	47	879	905	862	38	900	856	880	706	124	830	667	61	728
"DC"	2006	48	1067	1088	1058	25	1083	1035	1049	845	170	1015	748	51	799
"DC"	2006	49	220	221	205	5	210	210	213	177	40	217	169	10	179
"DC"	2006	50	1054	1097	1009	125	1134	1016	1055	749	167	916	677	165	842
"DC"	2006	51	1816	1869	1788	161	1949	1747	1791	1297	238	1535	1171	252	1423
"DC"	2006	52	705	726	686	63	749	679	697	527	86	613	478	80	558
"DC"	2006	53	492	497	470	12	482	472	479	356	100	456	336	25	361
"DC"	2006	54	845	855	815	13	828	816	825	667	134	801	625	26	651
"DC"	2006	55	833	841	802	27	829	786	796	715	82	797	665	35	700
"DC"	2006	56	995	1008	979	17	996	949	960	860	97	957	782	30	812
"DC"	2006	57	981	990	945	34	979	932	948	818	107	925	775	37	812
"DC"	2006	58	846	857	830	15	845	827	841	714	102	816	685	19	704
"DC"	2006	59	1092	1100	1068	14	1082	1057	1068	916	134	1050	821	45	866
"DC"	2006	60	705	710	690	14	704	666	679	604	72	676	548	28	576
"DC"	2006	61	725	741	716	20	736	707	714	599	89	688	567	33	600
"DC"	2006	62	1750	1791	1725	50	1775	1735	1758	1343	293	1636	1268	72	1340
"DC"	2006	63	1354	1378	1302	34	1336	1315	1340	1075	208	1283	993	56	1049
"DC"	2006	64	877	887	864	12	876	852	859	709	118	827	646	23	669
"DC"	2006	65	1226	1239	1203	19	1222	1185	1195	1071	115	1186	990	39	1029
"DC"	2006	66	1888	1909	1826	35	1861	1838	1856	1680	153	1833	1535	50	1585
"DC"	2006	67	1268	1283	1208	31	1239	1233	1251	1092	140	1232	1016	42	1058
"DC"	2006	68	806	820	759	35	794	768	792	649	122	771	609	57	666
"DC"	2006	69	920	939	879	33	912	886	903	787	104	891	725	40	765
"DC"	2006	70	621	631	599	14	613	592	607	535	76	611	459	32	491
"DC"	2006	71	886	892	845	18	863	846	859	768	85	853	680	31	711
"DC"	2006	72	1142	1153	1093	20	1113	1102	1111	995	111	1106	909	34	943
"DC"	2006	73	777	798	742	37	779	744	766	607	159	766	568	48	616
"DC"	2006	74	1064	1081	1021	37	1058	1021	1037	923	118	1041	856	46	902
"DC"	2006	75	776	786	721	37	758	741	750	625	127	752	590	29	619
"DC"	2006	76	186	186	183	0	183	172	175	160	18	178	140	9	149
"DC"	2006	77	744	750	719	15	734	702	710	654	64	718	599	22	621
"DC"	2006	78	643	645	640	16	656	629	634	581	52	633	535	17	552
"DC"	2006	79	370	371	362	7	369	365	365	318	35	353	298	11	309
"DC"	2006	80	465	473	467	11	478	461	465	403	51	454	366	22	388
"DC"	2006	81	1347	1395	1292	76	1368	1311	1345	1156	156	1312	1046	102	1148
"DC"	2006	82	836	855	791	47	838	808	823	662	131	793	596	73	669
"DC"	2006	83	885	915	846	49	895	867	894	755	125	880	710	61	771
"DC"	2006	84	944	1007	887	130	1017	884	931	727	152	879	638	176	814
"DC"	2006	85	1183	1248	1103	196	1299	1114	1166	867	199	1066	770	257	1027
"DC"	2006	86	788	828	755	78	833	770	788	618	124	742	563	92	655
"DC"	2006	87	908	933	875	51	926	868	889	753	121	874	687	61	748
"DC"	2006	88	1009	1064	944	122	1066	949	988	721	173	894	642	168	810
"DC"	2006	89	1277	1378	1165	253	1418	1185	1254	858	231	1089	721	345	1066
"DC"	2006	90	688	718	615	98	713	628	650	483	133	616	442	138	580
"DC"	2006	91	1262	1313	1184	90	1274	1192	1231	971	225	1196	911	109	1020
"DC"	2006	92	406	412	411	5	416	411	417	386	28	414	354	10	364
"DC"	2006	93	427	429	402	8	410	419	421	373	34	407	341	13	354
"DC"	2006	94	484	488	465	11	476	463	471	424	47	471	395	17	412
"DC"	2006	95	396	398	386	4	390	388	390	352	30	382	324	4	328
"DC"	2006	96	546	547	525	8	533	540	549	486	49	535	459	7	466
"DC"	2006	97	319	325	310	5	315	316	318	287	28	315	274	8	282
"DC"	2006	98	546	552	530	10	540	540	546	495	42	537	433	14	447
"DC"	2006	99	351	356	346	7	353	344	347	301	37	338	290	8	298
"DC"	2006	100	413	415	412	4	416	405	406	377	24	401	354	14	368
"DC"	2006	101	601	602	598	7	605	587	594	534	50	584	499	16	515
"DC"	2006	102	671	681	653	19	672	667	677	596	58	654	546	19	565
"DC"	2006	103	922	931	914	17	931	898	914	801	69	870	729	20	749
"DC"	2006	104	578	588	564	11	575	561	569	517	43	560	461	18	479
"DC"	2006	105	572	580	569	10	579	555	564	514	47	561	480	12	492
"DC"	2006	106	906	914	870	24	894	884	900	802	79	881	734	27	761
"DC"	2006	107	304	306	306	4	310	300	302	272	28	300	257	4	261
"DC"	2006	108	527	537	503	16	519	523	531	464	51	515	431	20	451
"DC"	2006	109	481	489	458	15	473	474	480	378	67	445	367	18	385
"DC"	2006	110	1508	1525	1475	30	1505	1482	1497	1312	149	1461	1207	38	1245
"DC"	2006	111	642	650	619	12	631	624	629	557	64	621	511	15	526
"DC"	2006	112	605	609	569	8	577	592	599	519	70	589	476	21	497
"DC"	2006	113	901	915	867	28	895	886	897	755	104	859	712	36	748
"DC"	2006	114	616	622	608	17	625	599	605	546	57	603	498	23	521
"DC"	2006	115	502	507	501	5	506	487	494	467	18	485	403	20	423
"DC"	2006	116	624	630	617	2	619	603	606	564	43	607	526	14	540
"DC"	2006	117	326	326	321	1	322	315	317	297	25	322	270	10	280
"DC"	2006	118	544	545	526	12	538	528	530	482	45	527	448	10	458
"DC"	2006	119	472	477	461	7	468	457	461	423	36	459	391	15	406
"DC"	2006	120	356	361	355	4	359	338	341	325	24	349	297	8	305
"DC"	2006	121	682	688	683	12	695	661	664	619	47	666	564	14	578
"DC"	2006	122	478	486	480	6	486	461	467	431	36	467	396	14	410
"DC"	2006	123	512	518	497	8	505	503	505	460	38	498	423	10	433
"DC"	2006	124	676	682	658	11	669	655	659	592	64	656	563	11	574
"DC"	2006	125	836	849	831	10	841	821	830	756	67	823	697	18	715
"DC"	2006	126	728	734	719	11	730	714	720	651	69	720	615	16	631
"DC"	2006	127	1395	1437	1299	116	1415	1361	1386	1123	213	1336	1052	115	1167
"DC"	2006	128	608	631	556	65	621	582	599	497	101	598	452	59	511
"DC"	2006	129	451	464	445	52	497	433	442	365	76	441	336	68	404
"DC"	2006	130	640	690	596	152	748	601	635	519	95	614	431	178	609
"DC"	2006	131	87	88	73	10	83	80	80	65	9	74	55	10	65
"DC"	2006	132	506	510	502	7	509	493	499	464	29	493	431	12	443
"DC"	2006	133	510	518	495	16	511	484	492	463	40	503	426	14	440
"DC"	2006	134	441	444	423	9	432	425	431	400	32	432	372	7	379
"DC"	2006	135	901	926	836	43	879	865	884	758	120	878	711	43	754
"DC"	2006	136	328	341	307	38	345	311	320	242	52	294	228	40	268
"DC"	2006	137	267	276	242	13	255	255	264	210	67	277	212	14	226
"DC"	2006	138	970	1019	945	114	1059	941	970	735	128	863	656	144	800
"DC"	2006	139	759	762	730	18	748	728	732	648	65	713	584	23	607
"DC"	2006	140	498	502	492	8	500	479	481	450	31	481	408	17	425
"DC"	2006	141	759	776	689	65	754	717	736	583	129	712	558	66	624
"DC"	2006	142	627	651	578	82	660	615	633	486	94	580	463	84	547
"DC"	2006	143													
"DC"	2006	301	10		0	0	0	0	0	9	0	9	8	2	10
