state	year	precinct	g2008_USP_tv	g2008_USP_dv	g2008_USP_rv	g2008_STS_tv	g2008_STS_dv	g2008_STS_rv	sd	g2008_USS_tv	g2008_USS_dv	g2008_USS_rv	g2008_USH_tv	g2008_USH_dv	g2008_USH_rv	g2008_GOV_tv	g2008_GOV_dv	g2008_GOV_rv	g2008_LTG_tv	g2008_LTG_dv	g2008_LTG_rv	g2008_INS_tv	g2008_INS_dv	g2008_INS_rv	g2008_STH_tv	g2008_STH_dv	g2008_STH_rv	ld
"DE"	2008	"01-01"	1101	973	122					1058	953	105	971	534	433	1038	952	84	1001	785	216	975	806	151	996	885	111	1
"DE"	2008	"01-02"	31	27	2	19	19		3	28	27	1	23	19	4	24	22	2	24	21	3	26	24	2	25	23		2
"DE"	2008	"01-03"	777	747	27	588	588		3	713	672	41	607	467	133	670	641	26	626	551	75	636	562	56	619	619		3
"DE"	2008	"01-04"	1040	696	330					1005	697	308	1001	241	749	1014	748	259	1006	601	405	975	544	418	990	746	236	4
"DE"	2008	"01-05"	1042	836	198	820	820		11	992	789	203	943	555	385	986	791	194	961	720	241	949	700	240	840	840		5
"DE"	2008	"01-06"	810	497	301					770	492	278	754	241	504	759	485	268	763	429	334	744	384	332	558	558		6
"DE"	2008	"01-07"	680	410	263	645	345	300	4	660	409	251	652	167	479	652	413	235	649	359	290	635	325	297	647	320	327	7
"DE"	2008	"01-08"	1148	560	569	1115	722	393	10	1106	586	520	1097	259	824	1100	621	479	1076	535	540	1062	516	520	1096	508	588	8
"DE"	2008	"01-09"	673	434	234					650	438	212	627	272	350	638	454	181	631	416	215	629	422	197	637	351	286	9
"DE"	2008	"01-10"	1175	703	453	1091	608	483	4	1112	735	377	1083	383	684	1112	731	373	1086	627	458	1061	586	460	1116	577	533	10
"DE"	2008	"01-11"	500	286	207					484	292	192	467	115	350	486	323	159	472	258	214	464	239	217	464	152	312	11
"DE"	2008	"01-12"	849	604	232					816	610	206	796	337	452	815	613	192	795	548	246	788	517	250	473		473	12
"DE"	2008	"01-13"	1051	732	306					1016	740	276	979	389	580	1022	759	258	995	687	308	994	613	353	849	810		13
"DE"	2008	"01-14"	2657	1372	1269	2480	1231	1249	18	2580	1453	1127	2548	833	1700	2588	1507	1075	2527	1391	1136	2511	1150	1324	1938	1938		14
"DE"	2008	"01-15"	2033	1739	280					1932	1658	274	1814	1233	570	1908	1658	245	1851	1540	310	1852	1517	314	1699	1699		15
"DE"	2008	"01-16"	436	332	94					422	346	76	406	214	189	419	349	66	410	312	98	408	294	104	350	350		16
"DE"	2008	"01-17"	106	80	25	77	77		2	100	82	18	98	55	42	95	79	16	93	73	20	93	65	27	95	71	24	17
"DE"	2008	"01-18"	887	598	276					857	600	257	820	326	486	843	633	207	829	565	264	820	536	272	849	392	444	18
"DE"	2008	"01-19"	1192	849	323					1131	850	281	1105	499	592	1132	853	276	1107	765	342	1090	764	310	1109	905	199	19
"DE"	2008	"01-20"	854	454	386					820	471	349	809	192	604	828	509	312	809	376	432	785	397	374	610		606	20
"DE"	2008	"01-21"	1291	788	496					1253	826	427	1238	322	904	1251	830	413	1232	727	505	1211	644	547	1237	530	707	21
"DE"	2008	"01-22"	514	271	240	487	205	282	4	499	298	201	497	119	367	498	303	194	487	209	277	473	222	245	488	142	346	22
"DE"	2008	"01-23"	277	209	60	249	173	76	6	254	203	51	239	129	103	253	197	51	240	177	63	240	160	64	244	183	55	23
"DE"	2008	"01-24"	437	309	124	403	274	129	10	422	296	126	413	175	236	418	323	92	415	298	117	408	263	137	414	167	244	24
"DE"	2008	"01-25"	530	430	92	498	336	162	6	506	422	84	492	231	249	509	428	76	494	385	108	483	330	130	494	410	84	25
"DE"	2008	"01-26"	592	470	115	485	485		11	559	448	111	529	289	236	556	456	99	542	413	129	536	387	134	547	438	109	26
"DE"	2008	"01-27"	1002	711	282	928	666	262	10	970	694	276	943	409	529	964	726	233	934	665	269	924	616	283	955	535	393	27
"DE"	2008	"01-28"	677	526	143					650	502	148	615	336	279	633	503	130	620	472	148	615	435	161	558	558		28
"DE"	2008	"01-29"	3216	1785	1393					3204	1918	1286	3103	1239	1847	3187	2048	1130	3121	1846	1274	3091	1709	1340	3198	1853	1345	29
"DE"	2008	"01-30"	2211	1065	1119					2123	1079	1044	2050	623	1411	2127	1261	857	2087	1171	915	2064	932	1090	1584		1584	30
"DE"	2008	"01-31"	289	126	161					280	146	134	279	68	210	278	174	104	274	141	133	272	123	147	283	116	167	31
"DE"	2008	"01-32"	1653	1131	506	1488	913	575	17	1578	1077	501	1487	683	793	1551	1172	374	1483	1006	477	1465	918	521	1554	1017	537	32
"DE"	2008	"01-33"	316	164	147					305	169	136	299	113	184	309	188	120	296	173	123	296	163	128	296	175	121	33
"DE"	2008	"01-34"	126	57	69	123	47	76	17	123	55	68	119	37	82	124	67	56	118	59	59	120	48	68	119	41	78	34
"DE"	2008	"01-35"	1930	675	1235					1874	697	1177	1840	453	1359	1862	810	1046	1814	772	1041	1806	622	1134	1855	652	1203	35
"DE"	2008	"01-36"	1402	655	732	1351	543	808	18	1374	708	666	1351	347	995	1365	793	568	1339	716	623	1334	538	775	1079		1079	36
"DE"	2008	"01-37"	1824	1064	750	1695	745	950	18	1779	1075	704	1738	532	1186	1772	1138	626	1735	974	760	1706	808	869	1727	732	995	37
"DE"	2008	"01-38"	1982	702	1264					1943	781	1162	1911	401	1483	1942	857	1075	1900	798	1102	1885	646	1199	1954	484	1470	38
"DE"	2008	"01-39"	579	169	401					562	200	362	566	106	456	571	231	340	555	220	335	550	167	374	560	107	451	39
"DE"	2008	"01-40"	1366	556	791	1031	1031		21	1332	645	687	1312	343	955	1333	657	673	1311	664	647	1295	570	692	1327	573	754	40
"DE"	2008	"01-41"	1363	431	921	888	888		21	1336	535	801	1313	266	1035	1331	606	719	1301	585	716	1290	381	890	1344	682	662	41
"DE"	2008	"02-01"	914	881	31					883	837	46	772	536	231	854	821	31	820	685	135	791	703	82	833	791	42	1
"DE"	2008	"02-02"	1077	1064	12	905	905		2	1024	1008	16	870	702	168	971	942	28	926	811	115	902	852	43	963	929		2
"DE"	2008	"02-03"	983	808	162	826	826		3	955	795	160	889	408	475	948	807	137	920	691	229	909	659	230	856	856		3
"DE"	2008	"02-04"	519	291	224	500	268	232	4	503	300	203	494	90	403	503	340	162	497	227	269	487	226	257	491	293	195	4
"DE"	2008	"02-05"	636	527	107	505	505		11	601	509	92	582	368	209	598	504	91	582	454	128	574	439	127	526	526		5
"DE"	2008	"02-06"	1303	846	439					1265	857	408	1241	388	843	1257	874	376	1235	729	506	1218	715	470	979	979		6
"DE"	2008	"02-07"	997	594	395					956	602	354	943	264	667	964	617	344	935	496	439	915	462	432	957	519	438	7
"DE"	2008	"02-08"	2284	1451	808					2204	1457	747	2120	972	1135	2188	1478	707	2143	1396	747	2127	1380	714	2154	1290	864	8
"DE"	2008	"02-09"	1809	979	806	1727	1040	687	10	1760	1043	717	1721	527	1186	1754	1076	674	1708	958	749	1689	900	762	1752	729	1023	9
"DE"	2008	"02-10"	1076	664	399	1029	629	400	4	1053	674	379	1016	334	671	1041	687	350	1020	588	432	995	582	396	1027	463	560	10
"DE"	2008	"02-11"	602	386	204					586	394	192	571	202	363	577	411	162	565	345	220	564	317	233	567	234	333	11
"DE"	2008	"02-12"	179	113	63					171	107	64	171	67	99	172	121	51	165	102	63	170	98	64	111		111	12
"DE"	2008	"02-13"	164	139	23	120	120		3	151	129	22	130	80	50	146	124	21	138	108	30	136	101	33	123	120		13
"DE"	2008	"02-14"	1748	1044	694	1644	939	705	18	1700	1087	613	1675	667	998	1706	1035	670	1664	1021	643	1662	817	809	1384	1384		14
"DE"	2008	"02-15"	1235	1014	211					1183	977	206	1113	669	439	1156	979	173	1123	916	207	1128	870	239	1020	1020		15
"DE"	2008	"02-16"	819	793	25	699	699		2	753	725	28	677	567	109	737	709	28	698	633	65	694	638	50	699	699		16
"DE"	2008	"02-17"	281	213	64					270	224	46	265	153	107	265	221	42	266	217	49	261	209	45	265	223	42	17
"DE"	2008	"02-18"	379	261	110					368	265	103	355	150	204	369	282	84	362	250	112	355	232	114	364	144	212	18
"DE"	2008	"02-19"	843	608	225					810	591	219	795	359	431	805	618	182	790	578	212	782	531	232	789	627	158	19
"DE"	2008	"02-20"	741	455	278					721	472	249	699	215	478	713	498	207	702	444	258	689	390	288	490		488	20
"DE"	2008	"02-21"	586	379	193					565	381	184	562	200	354	566	415	150	555	373	182	551	352	188	564	267	297	21
"DE"	2008	"02-22"	732	389	340	695	297	398	6	716	427	289	703	157	541	714	457	254	701	391	310	689	366	308	700	261	439	22
"DE"	2008	"02-23"	980	615	353	921	436	485	6	940	617	323	924	274	627	941	655	281	910	546	362	895	515	363	914	659	240	23
"DE"	2008	"02-24"	1232	910	298	949	949		11	1164	894	270	1121	551	559	1143	903	235	1111	796	315	1106	767	311	1125	543	564	24
"DE"	2008	"02-25"	1008	673	325	938	604	334	10	980	666	314	957	381	562	967	701	261	949	628	321	935	610	306	976	729	247	25
"DE"	2008	"02-26"	815	642	166	771	614	157	10	786	624	162	756	433	314	777	631	144	769	584	185	758	576	169	768	632	136	26
"DE"	2008	"02-27"	692	481	209	644	442	202	10	658	468	190	647	287	352	663	478	183	650	433	217	636	413	207	661	368	268	27
"DE"	2008	"02-28"	1971	1193	755					1949	1244	705	1891	724	1150	1934	1306	621	1874	1186	688	1847	1109	700	1557	1557		28
"DE"	2008	"02-29"	2862	1769	1063					2867	1800	1067	2763	1196	1545	2854	1904	942	2799	1717	1082	2733	1578	1111	2822	1695	1127	29
"DE"	2008	"02-30"	327	152	174					324	163	161	319	87	232	322	167	154	317	155	162	319	149	164	235		235	30
"DE"	2008	"02-31"	1785	1125	645	1692	995	697	17	1736	1112	624	1680	606	1064	1734	1232	499	1680	1035	645	1660	905	728	1719	896	823	31
"DE"	2008	"02-32"	1245	711	511	1161	615	546	17	1185	711	474	1151	422	722	1192	800	388	1160	714	446	1143	607	517	1186	625	561	32
"DE"	2008	"02-33"	1866	985	860	1764	828	936	16	1794	989	805	1733	596	1132	1791	1082	705	1737	945	792	1710	797	890	1738	941	797	33
"DE"	2008	"02-34"	165	60	101	160	56	104	17	161	62	99	159	36	120	161	85	74	161	76	84	159	60	93	159	44	115	34
"DE"	2008	"02-35"	3098	1382	1678					3011	1467	1544	2943	894	2014	2990	1515	1463	2947	1495	1451	2918	1302	1555	2996	1312	1684	35
"DE"	2008	"02-36"	2274	965	1288	2173	867	1306	18	2210	1039	1171	2180	597	1567	2217	1249	962	2184	1123	1060	2147	835	1276	1740		1740	36
"DE"	2008	"02-37"	2292	1155	1121	2131	911	1220	18	2227	1203	1024	2184	617	1552	2237	1253	980	2183	1185	997	2163	898	1204	2175	918	1257	37
"DE"	2008	"02-38"	1631	695	919					1576	780	796	1560	428	1108	1584	809	771	1537	741	796	1516	624	867	1590	484	1106	38
"DE"	2008	"02-39"	1520	696	806	1019	1019		21	1453	768	685	1433	395	1024	1446	783	660	1423	758	665	1397	598	761	1443	408	1025	39
"DE"	2008	"02-40"	1856	603	1227	1306	1306		21	1825	703	1122	1793	394	1379	1817	779	1036	1786	730	1056	1765	628	1110	1812	626	1186	40
"DE"	2008	"02-41"	1210	492	708					1188	577	611	1159	292	854	1167	609	553	1149	566	582	1143	400	728	1187	570	617	41
"DE"	2008	"03-01"	834	819	12					779	760	19	693	549	142	763	739	21	732	634	98	714	639	64	733	715	18	1
"DE"	2008	"03-02"	256	254	1	197	197		3	235	230	5	203	170	31	233	229	4	220	185	35	218	197	17	221	212		2
"DE"	2008	"03-03"	221	185	34					216	182	34	198	116	80	213	178	35	208	159	49	198	146	50	192	192		3
"DE"	2008	"03-04"	1294	843	438					1265	903	362	1255	309	933	1284	930	346	1273	711	562	1239	667	556	1253	945	296	4
"DE"	2008	"03-05"	454	382	67					425	362	63	402	258	139	418	361	52	402	338	64	400	310	77	372	372		5
"DE"	2008	"03-06"	968	786	168					917	752	165	886	499	378	905	733	170	883	657	226	876	629	231	774	774		6
"DE"	2008	"03-07"	1112	664	429					1067	680	387	1056	265	777	1072	722	347	1047	581	466	1032	538	473	1074	602	472	7
"DE"	2008	"03-08"	1439	945	475					1371	928	443	1315	568	735	1357	952	404	1325	856	469	1320	849	448	1341	790	551	8
"DE"	2008	"03-09"	2556	1594	938					2462	1598	864	2398	960	1421	2443	1668	768	2388	1495	893	2343	1410	904	2447	1225	1222	9
"DE"	2008	"03-10"	1079	636	427					1052	649	403	1036	328	700	1041	667	368	1034	570	463	1002	543	442	1038	494	539	10
"DE"	2008	"03-11"	1105	662	427	1060	531	529	4	1074	669	405	1058	298	745	1066	679	380	1048	540	508	1028	532	476	1039	344	695	11
"DE"	2008	"03-12"	1005	749	241					961	730	231	922	458	452	947	728	213	919	654	265	924	641	260	517		517	12
"DE"	2008	"03-13"	302	266	36	255	255		3	288	255	33	269	195	73	279	243	35	267	231	36	272	231	41	260	254		13
"DE"	2008	"03-14"	1430	796	613					1379	841	538	1364	405	944	1395	803	589	1340	749	591	1334	586	703	1031	1031		14
"DE"	2008	"03-15"	1192	860	319					1147	846	301	1091	594	489	1130	837	290	1113	802	311	1103	759	314	940	940		15
"DE"	2008	"03-16"	1088	1068	20					1020	994	26	940	788	149	994	967	26	956	870	86	939	878	53	942	942		16
"DE"	2008	"03-17"	903	684	210					879	687	192	835	413	418	866	693	169	837	651	186	822	593	216	846	714	132	17
"DE"	2008	"03-18"	1031	824	193					977	777	200	933	502	420	958	774	175	929	710	219	916	662	229	945	598	335	18
"DE"	2008	"03-19"	815	518	289					784	516	268	774	247	522	784	555	222	766	475	291	763	442	302	779	617	157	19
"DE"	2008	"03-20"	784	527	246					760	513	247	726	260	460	750	527	216	743	471	272	729	459	260	480		480	20
"DE"	2008	"03-21"	934	590	327					890	572	318	869	275	581	875	600	269	849	507	342	848	481	342	895	370	525	21
"DE"	2008	"03-22"	513	263	245	490	185	305	6	503	286	217	490	94	394	498	312	186	489	237	252	484	218	259	488	157	331	22
"DE"	2008	"03-23"	1048	693	343	1009	548	461	6	1032	711	321	1011	314	686	1033	754	273	1005	652	351	980	583	369	1001	758	233	23
"DE"	2008	"03-24"	684	549	125					638	511	127	608	346	256	628	508	114	611	469	142	583	423	143	605	379	218	24
"DE"	2008	"03-25"	1016	733	270	771	771		11	971	719	252	922	464	450	955	739	214	934	661	273	925	624	275	956	723	233	25
"DE"	2008	"03-26"	699	524	169	546	546		11	672	494	178	634	284	341	654	504	146	632	446	186	628	426	184	644	479	165	26
"DE"	2008	"03-27"	876	642	228	813	544	269	10	852	641	211	813	394	413	834	634	198	814	572	242	819	568	234	836	453	345	27
"DE"	2008	"03-28"	151	113	37					148	111	37	139	59	80	146	113	33	143	115	28	136	97	34	128	128		28
"DE"	2008	"03-29"	1290	578	687					1292	598	694	1276	391	872	1302	659	635	1262	583	679	1251	518	698	1288	525	763	29
"DE"	2008	"03-30"	1566	598	954					1533	616	917	1499	379	1106	1525	752	768	1505	663	842	1494	551	909	1212		1212	30
"DE"	2008	"03-31"	2132	1272	844	2053	1123	930	17	2062	1281	781	2013	688	1321	2075	1432	639	2028	1221	806	1970	1035	911	2053	1081	972	31
"DE"	2008	"03-32"	1445	805	626	1359	739	620	17	1396	801	595	1343	462	865	1390	908	480	1357	782	575	1342	690	634	1390	723	667	32
"DE"	2008	"03-33"	1274	608	660	1214	513	701	16	1222	615	607	1191	338	834	1224	706	512	1197	622	574	1181	533	631	1217	617	600	33
"DE"	2008	"03-34"	1812	982	808					1760	1000	760	1707	584	1106	1753	1087	657	1726	984	742	1691	837	821	1706	730	976	34
"DE"	2008	"03-35"	424	155	262					418	178	240	412	97	313	415	183	231	401	185	215	403	155	241	409	152	257	35
"DE"	2008	"03-36"	1275	620	644	1199	515	684	18	1244	620	624	1216	374	834	1237	687	548	1213	658	554	1214	511	675	900		900	36
"DE"	2008	"03-37"	1602	764	825	1489	662	827	18	1548	777	771	1517	456	1050	1543	800	734	1508	792	715	1481	560	888	1525	593	932	37
"DE"	2008	"03-38"	2613	1130	1459					2522	1221	1301	2491	681	1790	2528	1249	1270	2458	1157	1301	2438	980	1410	2551	700	1851	38
"DE"	2008	"03-39"	1132	469	655					1099	500	599	1078	280	788	1094	544	547	1070	470	600	1051	413	616	1078	292	782	39
"DE"	2008	"03-40"	992	625	361	794	794		21	955	628	327	940	429	500	948	656	287	932	628	304	932	553	365	938	556	382	40
"DE"	2008	"03-41"	852	460	388					835	508	327	815	292	515	824	495	329	816	489	327	798	369	420	831	473	358	41
"DE"	2008	"04-01"	1230	1200	28	1041	1041		1	1159	1121	38	1023	798	225	1116	1073	41	1072	918	154	1050	921	111	1048	1005	43	1
"DE"	2008	"04-02"	28	16	11	17	17		2	25	17	8	26	6	19	27	11	16	27	9	18	27	8	19	18	16		2
"DE"	2008	"04-03"	424	416	7	343	343		3	382	375	7	344	274	64	372	358	12	351	314	37	361	318	36	335	335		3
"DE"	2008	"04-04"	1021	739	264	687	687		2	947	718	229	877	355	513	925	710	208	886	574	312	877	538	325	890	699	181	4
"DE"	2008	"04-05"	549	472	72					530	449	81	501	342	156	520	450	69	505	420	85	509	419	82	472	472		5
"DE"	2008	"04-06"	994	676	298					974	667	307	955	350	589	964	661	296	949	603	346	947	571	348	757	757		6
"DE"	2008	"04-07"	552	361	187					533	362	171	518	203	309	533	363	170	513	328	185	514	300	203	527	344	183	7
"DE"	2008	"04-08"	1584	1244	327					1512	1195	317	1434	864	559	1475	1182	286	1439	1091	348	1428	1067	334	1451	1025	426	8
"DE"	2008	"04-09"	872	602	258					837	597	240	816	347	464	828	608	216	814	558	256	799	527	257	828	446	382	9
"DE"	2008	"04-10"	799	632	159					752	604	148	711	410	295	746	606	136	721	548	173	727	536	175	729	513	213	10
"DE"	2008	"04-11"	949	601	332	906	510	396	4	913	608	305	897	274	615	915	627	285	897	511	386	887	511	358	895	316	579	11
"DE"	2008	"04-12"	674	354	316	656	301	355	4	652	373	279	651	87	557	657	400	256	655	242	413	627	281	335	505		505	12
"DE"	2008	"04-13"	638	446	180					607	440	167	605	234	366	613	465	144	594	420	173	594	383	199	510	484		13
"DE"	2008	"04-14"	2197	1128	1048	2038	945	1093	18	2132	1194	938	2102	643	1441	2138	1153	979	2091	1116	975	2078	879	1154	1584	1584		14
"DE"	2008	"04-15"	856	566	274					829	565	264	808	330	470	822	577	244	801	528	273	802	507	279	662	662		15
"DE"	2008	"04-16"	551	425	122					528	420	108	502	273	223	516	405	110	502	378	123	500	373	114	442	442		16
"DE"	2008	"04-17"	1225	851	359					1175	834	341	1133	372	750	1169	881	282	1153	767	386	1119	699	394	1144	882	262	17
"DE"	2008	"04-18"	1265	953	298					1210	923	287	1182	605	570	1210	963	245	1198	901	296	1174	834	330	1202	663	534	18
"DE"	2008	"04-19"	895	616	262					860	614	246	833	367	458	853	639	203	837	569	268	827	539	266	842	664	170	19
"DE"	2008	"04-20"	813	479	332					791	481	310	784	204	576	791	531	257	781	406	374	767	402	348	592		589	20
"DE"	2008	"04-21"	728	481	236					707	488	219	687	226	457	699	512	180	683	435	248	680	406	264	703	317	386	21
"DE"	2008	"04-22"	1136	599	529					1119	660	459	1094	206	879	1106	678	423	1099	519	580	1080	493	574	1108	319	789	22
"DE"	2008	"04-23"	1051	705	321	1012	604	408	6	1024	718	306	1010	319	678	1033	789	239	1009	674	335	978	603	343	1006	789	206	23
"DE"	2008	"04-24"	955	621	312	688	688		11	925	616	309	889	329	553	899	645	249	879	602	276	870	527	316	908	297	587	24
"DE"	2008	"04-25"	828	583	237	596	596		11	782	569	213	740	331	394	768	575	189	744	517	227	739	491	224	770	574	196	25
"DE"	2008	"04-26"	1086	796	280	872	872		11	1057	803	254	1011	497	499	1041	798	238	1023	732	290	1001	660	318	1013	770	243	26
"DE"	2008	"04-27"	703	446	243	648	378	270	10	679	458	221	656	248	400	676	467	207	656	408	248	651	388	257	670	311	332	27
"DE"	2008	"04-28"	12	6	6					12	6	6	11	1	10	12	6	6	11	5	6	11	3	7	9	9		28
"DE"	2008	"04-29"	372	229	140					359	219	140	346	137	205	361	234	124	346	207	138	347	188	152	353	191	162	29
"DE"	2008	"04-30"	618	262	351	603	261	342	16	607	293	314	590	162	423	608	334	271	599	297	302	590	247	336	482		482	30
"DE"	2008	"04-31"	1138	728	405	1053	586	467	17	1080	704	376	1019	410	603	1075	745	330	1036	665	371	1008	567	426	1075	542	533	31
"DE"	2008	"04-32"	491	336	152	459	274	185	17	478	323	155	457	202	252	473	334	136	459	304	155	451	272	171	474	281	193	32
"DE"	2008	"04-33"	2090	1046	1025	1973	848	1125	16	2037	1063	974	1956	643	1298	2010	1240	760	1961	1046	915	1926	888	1003	1971	1020	951	33
"DE"	2008	"04-34"	2996	1610	1354	2827	1479	1348	17	2886	1618	1268	2771	987	1760	2878	1816	1051	2805	1627	1178	2744	1408	1289	2786	1136	1650	34
"DE"	2008	"04-35"	1589	863	712					1531	837	694	1502	565	926	1534	868	661	1494	847	647	1472	738	702	1501	628	873	35
"DE"	2008	"04-36"	1615	768	829					1567	805	762	1533	500	1019	1562	890	664	1526	868	658	1516	668	820	1201		1201	36
"DE"	2008	"04-37"	385	169	208					377	173	204	372	120	243	373	183	187	361	176	184	365	142	221	364	135	229	37
"DE"	2008	"04-38"	1609	709	886					1579	775	804	1549	407	1134	1562	801	760	1532	724	808	1502	609	871	1583	438	1145	38
"DE"	2008	"04-39"	1208	647	549	851	851		21	1173	687	486	1146	370	762	1158	676	478	1135	632	503	1111	554	539	1150	416	723	39
"DE"	2008	"04-40"	1336	501	824	937	937		21	1303	587	716	1297	328	957	1305	582	719	1271	596	674	1271	509	739	1309	498	811	40
"DE"	2008	"04-41"	1083	449	627					1055	530	525	1033	270	756	1053	559	489	1034	524	509	1013	392	607	1052	549	503	41
"DE"	2008	"05-01"	1018	848	158					975	820	155	897	414	474	962	812	140	937	682	255	909	670	215	919	759	160	1
"DE"	2008	"05-02"	725	639	79	585	585		3	682	611	71	616	430	182	650	578	69	621	525	96	621	520	91	577	544		2
"DE"	2008	"05-03"	716	687	25	531	531		3	643	612	31	555	421	129	611	583	27	584	485	99	569	499	62	547	547		3
"DE"	2008	"05-04"	570	492	74	434	434		3	551	479	72	490	301	187	527	469	57	517	402	115	504	384	111	520	452	64	4
"DE"	2008	"05-05"	988	875	106					961	858	103	927	671	251	934	837	97	924	812	112	904	776	113	878	878		5
"DE"	2008	"05-06"	751	570	175	586	586		2	717	559	158	690	358	324	703	551	151	690	501	189	692	485	183	584	584		6
"DE"	2008	"05-07"	642	518	111					628	520	108	625	279	333	635	513	115	617	456	161	605	431	155	626	486	140	7
"DE"	2008	"05-08"	2135	1424	693					2065	1412	653	2006	812	1180	2047	1474	571	2002	1327	675	1979	1290	660	2030	1162	868	8
"DE"	2008	"05-09"	1618	792	800					1564	829	735	1538	400	1130	1555	890	663	1525	770	755	1506	746	748	1560	514	1046	9
"DE"	2008	"05-10"	522	304	214					502	315	187	489	170	316	507	331	175	496	281	215	490	268	216	498	214	283	10
"DE"	2008	"05-11"	665	484	175					647	479	168	641	272	365	649	488	160	636	443	193	637	425	198	640	340	300	11
"DE"	2008	"05-12"	857	504	339					837	499	338	810	246	553	819	529	282	804	440	364	801	453	328	560		560	12
"DE"	2008	"05-13"	1027	767	242					988	760	228	958	418	530	973	734	233	955	687	268	941	636	278	821	801		13
"DE"	2008	"05-14"	1903	960	929	1781	868	913	18	1854	986	868	1824	604	1207	1857	1033	820	1811	1007	804	1803	804	971	1410	1410		14
"DE"	2008	"05-15"	1202	817	367					1153	812	341	1120	493	615	1149	822	324	1136	753	383	1125	732	371	932	932		15
"DE"	2008	"05-16"	1204	1152	49	1054	1054		2	1125	1089	36	1044	872	170	1109	1069	39	1072	972	100	1068	994	65	1048	1048		16
"DE"	2008	"05-17"	737	492	234					720	521	199	699	282	414	721	546	173	693	489	204	688	447	225	716	596	120	17
"DE"	2008	"05-18"	593	432	153					565	433	132	548	290	251	561	435	123	551	423	128	544	396	138	568	301	262	18
"DE"	2008	"05-19"	969	657	300					942	680	262	911	365	540	919	688	230	902	614	288	897	576	304	905	689	207	19
"DE"	2008	"05-20"	361	220	137					353	230	123	347	104	242	354	246	108	349	219	130	351	213	134	226		224	20
"DE"	2008	"05-21"	650	388	250					635	403	232	620	174	440	638	433	202	621	369	252	609	350	249	630	244	386	21
"DE"	2008	"05-22"	1209	652	547	1131	463	668	6	1172	682	490	1165	244	912	1166	731	427	1158	589	569	1122	526	579	1152	388	764	22
"DE"	2008	"05-23"	1070	735	314	992	536	456	6	1030	736	294	1009	344	650	1034	801	229	1007	667	340	972	614	333	996	757	220	23
"DE"	2008	"05-24"	869	618	238	668	668		11	845	612	233	804	323	470	835	620	209	816	560	256	807	517	266	820	291	518	24
"DE"	2008	"05-25"	907	555	341	852	514	338	10	884	572	312	860	314	539	878	585	289	862	524	338	851	509	325	863	614	249	25
"DE"	2008	"05-26"	1253	953	280	1007	1007		11	1192	941	251	1166	631	516	1180	942	233	1157	868	288	1147	783	328	1150	901	249	26
"DE"	2008	"05-27"	1361	916	435					1323	920	403	1305	517	775	1318	930	382	1288	850	438	1267	813	428	1317	602	630	27
"DE"	2008	"05-28"	2414	1443	949					2383	1485	898	2315	960	1340	2387	1629	753	2320	1448	872	2281	1319	910	1860	1860		28
"DE"	2008	"05-29"	1125	425	676					1090	498	592	1076	296	771	1110	583	524	1096	502	594	1054	429	603	1115	382	733	29
"DE"	2008	"05-30"	1676	789	867	1615	751	864	16	1631	821	810	1578	477	1090	1632	985	641	1586	878	708	1562	689	851	1228		1228	30
"DE"	2008	"05-31"	1317	857	445	1221	692	529	17	1263	836	427	1200	447	746	1256	901	350	1208	759	445	1184	682	476	1242	632	610	31
"DE"	2008	"05-32"	625	357	263	591	281	310	16	612	367	245	578	209	366	603	392	211	579	349	230	580	301	273	611	329	282	32
"DE"	2008	"05-33"	1133	535	589	1093	398	695	16	1103	547	556	1090	327	755	1107	596	504	1095	560	535	1086	483	585	1118	494	624	33
"DE"	2008	"05-34"	918	360	548	897	346	551	16	899	397	502	881	195	682	901	504	390	883	416	467	878	329	535	887	262	625	34
"DE"	2008	"05-35"	494	179	305	344	344		21	478	208	270	473	120	347	480	218	261	470	227	243	463	181	262	470	179	291	35
"DE"	2008	"05-36"	472	213	255					463	220	243	457	133	322	464	240	221	457	250	207	457	190	255	365		365	36
"DE"	2008	"05-37"	1038	353	680					1025	415	610	1011	199	807	1027	465	562	1015	430	585	1008	296	699	1022	222	800	37
"DE"	2008	"05-38"	1138	453	681					1104	513	591	1092	284	793	1103	523	578	1081	474	606	1072	419	629	1117	303	814	38
"DE"	2008	"05-39"	1142	392	740	789	789		21	1126	483	643	1114	241	861	1115	511	599	1102	479	623	1084	429	634	1118	251	858	39
"DE"	2008	"05-40"	816	337	475	596	596		21	789	393	396	790	191	587	796	387	408	781	389	392	774	325	439	801	330	471	40
"DE"	2008	"05-41"	1564	791	756					1490	822	668	1483	461	1014	1502	879	619	1466	827	638	1465	629	807	1515	827	688	41
"DE"	2008	"06-01"	643	609	29					623	586	37	559	391	165	614	580	32	587	499	88	570	489	76	582	542	40	1
"DE"	2008	"06-02"	571	501	65	471	471		2	549	483	66	512	281	225	538	471	64	521	412	109	516	405	90	487	455		2
"DE"	2008	"06-03"	503	490	13	415	415		3	468	443	25	419	334	83	458	441	17	438	398	40	429	392	32	427	427		3
"DE"	2008	"06-04"	1129	829	281					1087	838	249	1038	366	661	1081	827	238	1043	694	349	1009	575	407	1050	842	197	4
"DE"	2008	"06-05"	1061	970	87	881	881		11	1005	910	95	932	682	243	980	887	90	956	825	131	954	810	121	891	891		5
"DE"	2008	"06-06"	1170	684	476	1141	601	540	4	1149	702	447	1128	320	801	1145	739	402	1127	599	527	1110	611	484	839	839		6
"DE"	2008	"06-07"	1218	764	441					1164	760	404	1127	411	703	1156	793	359	1130	699	431	1109	638	451	1166	779	387	7
"DE"	2008	"06-08"	1958	1169	757					1886	1192	694	1839	767	1049	1876	1203	665	1839	1116	723	1794	1092	668	1859	993	866	8
"DE"	2008	"06-09"	2043	1362	656	1918	1249	669	10	1979	1371	608	1912	777	1114	1958	1370	579	1907	1250	656	1890	1175	667	1929	1108	821	9
"DE"	2008	"06-10"	648	340	304	619	302	317	4	634	377	257	624	114	505	644	431	211	628	263	362	599	252	339	615	220	394	10
"DE"	2008	"06-11"	970	621	338	924	516	408	4	940	622	318	918	273	638	930	634	286	920	535	385	907	496	385	924	311	613	11
"DE"	2008	"06-12"	1458	799	655					1393	810	583	1371	352	1007	1404	879	518	1381	703	678	1353	705	627	984		984	12
"DE"	2008	"06-13"	986	675	289					948	672	276	940	340	590	949	694	243	939	637	302	925	585	315	799	756		13
"DE"	2008	"06-14"	1895	873	999	1797	829	968	18	1846	900	946	1826	538	1273	1856	998	848	1810	921	889	1819	773	1003	1385	1385		14
"DE"	2008	"06-15"	1571	1247	315	1439	1125	314	10	1494	1184	310	1432	800	611	1468	1211	254	1444	1115	329	1420	1014	375	1289	1289		15
"DE"	2008	"06-16"	697	646	47	561	561		2	646	584	62	560	377	178	629	569	59	597	467	130	565	467	88	550	550		16
"DE"	2008	"06-17"	804	659	136					763	628	135	737	470	262	755	633	119	738	596	142	727	586	130	748	640	108	17
"DE"	2008	"06-18"	1005	787	207					959	771	188	911	529	379	945	796	149	927	729	198	896	687	201	950	499	439	18
"DE"	2008	"06-19"	549	360	177					517	364	153	501	216	280	514	371	140	500	342	157	497	316	170	504	393	107	19
"DE"	2008	"06-20"	888	533	347					863	543	320	843	226	605	860	551	300	854	450	404	835	447	377	604		604	20
"DE"	2008	"06-21"	1054	605	442					1028	617	411	1004	271	726	1031	663	360	1010	571	438	990	507	465	1028	376	652	21
"DE"	2008	"06-22"	1523	850	655					1484	877	607	1462	343	1104	1479	931	545	1459	749	709	1429	699	706	1474	421	1053	22
"DE"	2008	"06-23"	553	412	123	507	315	192	6	527	403	124	519	238	267	521	405	109	508	360	146	498	341	126	505	385	109	23
"DE"	2008	"06-24"	936	740	188	736	736		11	889	712	177	841	466	362	866	686	177	839	629	210	849	620	205	863	451	396	24
"DE"	2008	"06-25"	1056	641	396	1015	583	432	10	1037	661	376	1021	338	670	1036	693	341	1018	621	396	1003	587	393	1028	689	339	25
"DE"	2008	"06-26"	858	577	267					835	573	262	803	350	445	829	601	225	810	545	265	803	502	279	815	595	220	26
"DE"	2008	"06-27"	921	701	217					888	701	187	854	455	387	882	702	177	852	643	209	845	614	214	874	540	292	27
"DE"	2008	"06-28"	244	117	125					242	146	96	237	104	132	241	150	90	233	135	98	235	137	98	197	197		28
"DE"	2008	"06-29"	1257	456	773					1227	499	728	1223	313	897	1235	591	637	1221	519	702	1196	442	717	1235	438	797	29
"DE"	2008	"06-30"	1316	595	707	1240	500	740	16	1260	615	645	1209	329	873	1272	729	541	1219	623	596	1222	487	710	912		912	30
"DE"	2008	"06-31"	1263	911	341	1189	772	417	17	1222	878	344	1171	561	608	1210	930	275	1185	842	342	1167	738	413	1204	680	524	31
"DE"	2008	"06-32"	192	177	15	177	141	36	17	185	164	21	168	117	51	186	167	19	181	154	26	177	146	28	188	133	55	32
"DE"	2008	"06-33"	1490	655	818	1405	616	789	16	1448	667	781	1397	430	955	1460	821	636	1402	723	678	1392	597	778	1448	832	616	33
"DE"	2008	"06-34"	1987	1014	959	1908	878	1030	16	1916	1036	880	1863	560	1292	1921	1213	703	1861	1026	835	1835	883	919	1853	712	1141	34
"DE"	2008	"06-35"	819	315	492					811	331	480	795	228	553	800	349	446	791	374	417	789	282	490	803	233	570	35
"DE"	2008	"06-36"	1638	934	691					1600	948	652	1564	542	1006	1601	988	608	1565	965	599	1540	729	788	1133		1133	36
"DE"	2008	"06-37"	1811	899	894					1764	994	770	1746	500	1225	1770	1027	741	1735	967	767	1724	715	977	1755	533	1222	37
"DE"	2008	"06-38"	1928	718	1191					1818	772	1046	1781	539	1236	1811	782	1028	1768	730	1038	1754	675	1048	1848	516	1332	38
"DE"	2008	"06-39"	1300	566	721	920	920		21	1270	647	623	1240	334	889	1266	634	630	1241	606	634	1225	526	672	1273	387	879	39
"DE"	2008	"06-40"	1181	344	819	786	786		21	1145	453	692	1135	230	892	1141	454	684	1129	454	675	1114	362	721	1145	393	752	40
"DE"	2008	"06-41"	800	448	343					784	454	330	766	265	501	777	483	293	760	446	314	760	360	388	777	438	339	41
"DE"	2008	"07-01"	293	272	20	255	255		1	284	258	26	256	154	101	278	249	28	263	217	46	266	214	46	266	232	34	1
"DE"	2008	"07-02"	150	122	26	120	120		3	139	112	27	134	65	69	140	118	18	132	98	34	137	92	40	126	114		2
"DE"	2008	"07-03"	502	479	22	385	385		3	465	440	25	409	284	122	437	408	28	421	365	56	408	332	69	392	392		3
"DE"	2008	"07-04"	977	714	252					936	705	231	916	322	586	932	697	218	908	579	328	887	515	351	901	673	213	4
"DE"	2008	"07-05"	699	559	132					668	525	143	634	352	277	662	538	122	648	491	157	647	476	151	572	572		5
"DE"	2008	"07-06"	1181	739	429	1129	639	490	4	1150	748	402	1123	324	792	1151	774	370	1142	613	529	1107	631	455	871	871		6
"DE"	2008	"07-07"	1015	692	313					961	695	266	930	428	491	949	684	256	926	612	314	926	586	319	966	679	287	7
"DE"	2008	"07-08"	1139	514	609					1093	551	542	1066	322	729	1100	590	504	1080	544	536	1071	560	484	1081	516	565	8
"DE"	2008	"07-09"	1641	918	708					1593	942	651	1545	536	1001	1588	971	616	1564	907	657	1541	865	647	1589	740	849	9
"DE"	2008	"07-10"	1352	797	535	1288	713	575	4	1307	826	481	1295	310	970	1305	847	450	1291	676	612	1254	635	602	1289	496	789	10
"DE"	2008	"07-11"	616	331	279	608	296	312	4	594	346	248	599	102	492	607	384	221	596	249	347	577	251	320	589	142	447	11
"DE"	2008	"07-12"	1119	580	530	1089	522	567	4	1096	639	457	1077	198	874	1096	668	423	1087	449	638	1054	490	552	826		826	12
"DE"	2008	"07-13"	138	104	33					133	101	32	128	52	76	130	96	33	129	95	34	128	87	36	113	110		13
"DE"	2008	"07-14"	2607	1227	1368	2449	1058	1391	18	2533	1304	1229	2497	722	1759	2548	1366	1178	2495	1306	1188	2487	956	1482	1884	1884		14
"DE"	2008	"07-15"	1956	1272	667					1900	1268	632	1843	841	986	1875	1327	538	1854	1228	626	1837	1168	639	1493	1493		15
"DE"	2008	"07-16"	662	529	124					621	511	110	586	347	234	599	509	88	601	459	142	599	466	119	529	529		16
"DE"	2008	"07-17"	896	705	177					843	684	159	827	446	375	841	693	144	826	644	182	825	619	191	825	701	124	17
"DE"	2008	"07-18"	764	519	235					738	522	216	717	311	396	727	522	200	712	483	229	709	452	242	727	407	317	18
"DE"	2008	"07-19"	935	631	288					904	621	283	891	331	554	901	637	261	881	589	291	873	551	300	879	684	190	19
"DE"	2008	"07-20"	1100	674	413					1074	704	370	1055	248	799	1061	719	337	1042	545	497	1013	534	454	800		800	20
"DE"	2008	"07-21"	986	615	354					956	613	343	924	279	640	948	658	287	915	548	367	907	508	382	942	388	554	21
"DE"	2008	"07-22"	774	493	273					750	495	255	742	214	516	751	505	233	743	450	292	731	393	319	751	250	501	22
"DE"	2008	"07-23"	911	650	236	850	514	336	6	882	647	235	868	330	523	885	704	178	826	604	221	834	552	254	856	656	183	23
"DE"	2008	"07-24"	584	459	119	521	396	125	10	554	446	108	529	314	207	544	440	101	525	403	122	528	394	121	522	328	185	24
"DE"	2008	"07-25"	811	502	291	767	456	311	10	788	514	274	778	280	488	783	535	246	771	461	310	765	462	289	774	516	258	25
"DE"	2008	"07-26"	1520	1156	345	1230	1230		11	1459	1133	326	1408	677	715	1442	1139	295	1412	1045	367	1395	984	383	1411	1136	275	26
"DE"	2008	"07-27"	1207	695	493					1166	703	463	1150	327	807	1164	776	386	1137	666	471	1121	638	464	1184	457	668	27
"DE"	2008	"07-28"	161	91	70					152	96	56	152	47	104	157	104	53	155	101	54	151	76	67	126	126		28
"DE"	2008	"07-29"	1233	542	687	1190	478	712	17	1201	574	627	1173	303	865	1196	679	517	1173	562	611	1155	481	663	1187	490	697	29
"DE"	2008	"07-30"	1298	468	814	1244	426	818	16	1266	511	755	1227	314	900	1264	594	664	1237	547	689	1206	438	746	997		997	30
"DE"	2008	"07-31"	768	629	131	713	482	231	17	744	610	134	695	365	323	735	601	129	707	550	157	708	504	189	730	425	305	31
"DE"	2008	"07-32"	94	51	41	90	41	49	17	90	56	34	87	24	63	92	54	38	87	38	49	88	44	43	94	51	43	32
"DE"	2008	"07-33"	707	472	231	670	442	228	16	683	470	213	654	267	379	680	496	183	662	447	215	658	379	268	678	464	214	33
"DE"	2008	"07-34"	1431	734	688	1368	656	712	16	1394	757	637	1364	420	932	1392	865	523	1356	730	626	1336	638	670	1336	565	771	34
"DE"	2008	"07-35"	475	232	236					464	236	228	446	145	289	459	240	218	451	229	222	443	200	233	451	155	296	35
"DE"	2008	"07-36"	2527	1123	1382	2344	960	1384	18	2440	1150	1290	2402	728	1663	2454	1292	1160	2379	1220	1158	2362	948	1377	1828		1828	36
"DE"	2008	"07-37"	861	341	505	597	597		21	843	404	439	828	193	630	835	398	435	823	396	426	829	293	523	831	228	603	37
"DE"	2008	"07-38"	2004	840	1145					1947	935	1012	1912	528	1360	1934	976	944	1907	923	984	1894	745	1102	1961	584	1377	38
"DE"	2008	"07-39"	949	470	474	706	706		21	921	506	415	900	297	595	921	528	392	898	517	380	892	438	441	915	431	467	39
"DE"	2008	"07-40"	1551	628	906	1039	1039		21	1489	745	744	1470	418	1036	1484	738	736	1446	701	745	1426	609	786	1489	654	835	40
"DE"	2008	"07-41"	1857	992	851					1804	1040	764	1765	627	1127	1795	1056	735	1753	1008	745	1737	794	912	1794	963	831	41
"DE"	2008	"08-01"	150	109	40					143	106	37	135	57	74	141	105	36	137	92	45	132	85	44	136	95	41	1
"DE"	2008	"08-02"	281	277	2	217	217		3	253	244	9	219	171	46	242	236	4	230	187	43	234	208	17	233	213		2
"DE"	2008	"08-03"	625	562	59	497	497		3	592	530	62	533	370	158	572	511	57	553	456	97	551	445	97	526	526		3
"DE"	2008	"08-04"	20	18	2	15	15		3	18	16	2	15	9	6	19	14	5	18	14	4	17	9	6	17	13	4	4
"DE"	2008	"08-05"	656	523	130					628	502	126	602	364	232	622	515	105	615	481	134	608	460	130	545	545		5
"DE"	2008	"08-06"	1495	984	481					1455	1008	447	1422	489	917	1446	1006	428	1433	873	560	1424	853	534	1135	1135		6
"DE"	2008	"08-07"	785	475	295					764	468	296	742	250	486	755	494	254	740	426	313	727	393	315	758	439	319	7
"DE"	2008	"08-08"	842	496	333					820	533	287	789	329	451	809	534	269	784	494	290	782	481	284	784	462	322	8
"DE"	2008	"08-09"	1026	586	422	984	617	367	10	990	594	396	983	302	674	999	661	334	971	555	416	961	543	396	990	406	584	9
"DE"	2008	"08-10"	771	427	338	752	355	397	4	755	456	299	747	152	590	756	472	280	752	336	416	726	346	365	750	259	488	10
"DE"	2008	"08-11"	954	585	353	919	459	460	4	926	581	345	913	255	645	926	580	333	915	489	425	903	481	399	910	295	615	11
"DE"	2008	"08-12"	664	373	283	636	201	435	6	652	380	272	643	122	518	644	409	233	639	296	343	619	298	313	502		502	12
"DE"	2008	"08-13"	503	416	77					477	406	71	454	258	191	467	386	75	462	365	97	455	336	104	425	407		13
"DE"	2008	"08-15"	1496	1103	378					1451	1085	366	1394	754	630	1429	1114	312	1409	1037	372	1396	1010	366	1197	1197		15
"DE"	2008	"08-16"	570	441	121	440	440		2	536	422	114	517	266	247	528	428	98	516	388	127	520	392	118	442	442		16
"DE"	2008	"08-17"	873	699	169					838	676	162	795	433	355	834	688	142	802	634	168	789	620	158	816	717	99	17
"DE"	2008	"08-18"	654	474	176	493	493		11	638	469	169	617	273	341	629	472	155	611	435	176	602	402	185	625	310	305	18
"DE"	2008	"08-19"	722	501	213					694	484	210	677	287	385	686	488	194	674	441	233	666	438	207	679	518	155	19
"DE"	2008	"08-20"	950	525	416					934	553	381	920	190	718	920	558	357	910	421	489	893	397	470	693		688	20
"DE"	2008	"08-21"	955	664	275					929	659	270	900	314	574	917	682	232	899	590	309	880	551	308	918	480	438	21
"DE"	2008	"08-22"	668	441	218					640	434	206	623	211	402	637	441	189	616	388	228	608	354	236	621	274	347	22
"DE"	2008	"08-23"	1096	722	349	1036	564	472	6	1063	748	315	1045	302	722	1067	755	307	1037	658	379	1021	579	413	1031	754	255	23
"DE"	2008	"08-24"	1463	1060	395	1180	1180		11	1433	1101	332	1368	600	752	1406	1063	333	1383	978	405	1375	903	440	1378	683	683	24
"DE"	2008	"08-25"	576	364	199					560	379	181	540	199	330	556	402	150	528	354	174	530	320	189	564	444	120	25
"DE"	2008	"08-26"	622	528	84	561	475	86	10	586	496	90	554	326	214	578	501	74	563	458	105	556	443	99	555	497	58	26
"DE"	2008	"08-27"	1319	794	510	1249	702	547	10	1288	800	488	1261	451	792	1277	856	418	1250	772	478	1239	741	478	1297	638	597	27
"DE"	2008	"08-28"	908	493	409					869	512	357	845	367	475	872	570	298	861	510	350	855	472	359	657	657		28
"DE"	2008	"08-30"	310	102	205	296	83	213	16	306	99	207	305	69	233	305	119	186	303	116	187	299	87	207	271		271	30
"DE"	2008	"08-32"	26	11	15	21	13	8	16	22	11	11	22	7	14	21	14	7	20	10	10	21	9	12	26	15	11	32
"DE"	2008	"08-33"	522	270	245	512	265	247	18	528	295	233	516	165	350	521	340	180	515	301	214	501	230	264	516	317	199	33
"DE"	2008	"08-34"	419	188	229	399	187	212	16	402	207	195	394	114	279	399	231	168	401	211	190	394	174	211	392	136	256	34
"DE"	2008	"08-36"	918	455	457					893	471	422	878	249	620	883	511	369	876	512	364	868	373	475	717		717	36
"DE"	2008	"08-37"	334	204	128					328	203	125	314	116	195	320	201	115	324	199	125	311	159	143	323	119	204	37
"DE"	2008	"08-38"	980	401	572					944	462	482	933	262	663	936	498	436	913	450	463	910	360	536	949	275	674	38
"DE"	2008	"08-41"	1861	872	972					1778	897	881	1737	580	1142	1762	964	797	1725	953	772	1705	786	892	1773	936	837	41
"DE"	2008	"09-01"	1478	1438	36	1258	1258		1	1394	1333	61	1219	934	279	1361	1309	51	1288	1081	207	1278	1164	97	1299	1221	78	1
"DE"	2008	"09-02"	419	397	19	342	342		3	402	378	24	353	255	96	389	364	23	379	299	80	369	316	41	368	344		2
"DE"	2008	"09-03"	826	770	50	615	615		3	745	689	56	665	472	188	729	676	50	682	586	96	663	557	92	632	632		3
"DE"	2008	"09-04"	649	514	125					621	503	118	585	264	315	615	508	103	589	445	144	589	411	169	597	496	92	4
"DE"	2008	"09-05"	854	750	97					795	691	104	744	532	202	780	697	80	750	646	104	746	626	103	699	699		5
"DE"	2008	"09-06"	227	117	106					225	118	107	223	52	166	224	132	92	223	109	114	219	103	112	147	147		6
"DE"	2008	"09-07"	378	236	137	363	200	163	4	368	236	132	357	89	266	368	239	127	364	205	159	357	199	154	365	195	170	7
"DE"	2008	"09-08"	609	315	282					596	348	248	591	209	370	591	362	227	579	339	240	575	335	222	575	295	280	8
"DE"	2008	"09-09"	930	479	435					901	503	398	865	288	570	898	525	369	876	488	388	865	469	378	890	455	435	9
"DE"	2008	"09-10"	1031	630	382					991	639	352	966	311	646	981	662	313	958	580	378	949	540	393	977	444	528	10
"DE"	2008	"09-11"	909	576	330	877	472	405	4	884	565	319	863	222	635	877	581	293	863	464	399	842	446	384	858	281	577	11
"DE"	2008	"09-12"	870	581	275					842	577	265	816	286	524	840	604	231	823	531	290	813	483	316	528		528	12
"DE"	2008	"09-13"	1094	801	274					1039	758	281	1016	478	527	1032	795	229	1011	724	286	998	659	316	863	829		13
"DE"	2008	"09-15"	1859	1125	710					1786	1104	682	1746	610	1124	1782	1156	623	1745	1036	709	1723	985	701	1338	1338		15
"DE"	2008	"09-16"	927	799	118					876	780	96	842	591	249	876	771	103	850	720	130	842	717	118	804	804		16
"DE"	2008	"09-17"	838	572	262					813	600	213	785	306	475	804	593	210	780	546	234	779	513	252	797	665	132	17
"DE"	2008	"09-18"	641	414	219					627	434	193	602	247	352	621	451	167	610	414	196	601	371	219	621	241	373	18
"DE"	2008	"09-19"	330	238	87					309	223	86	305	148	153	309	233	69	303	208	95	303	212	86	298	232	61	19
"DE"	2008	"09-20"	1145	586	539					1123	592	531	1108	208	885	1125	640	473	1094	476	618	1069	444	602	858		854	20
"DE"	2008	"09-21"	1013	687	311					972	681	291	952	349	588	965	703	255	956	622	334	938	589	328	962	523	439	21
"DE"	2008	"09-22"	1079	610	461					1047	633	414	1028	235	788	1045	658	384	1004	517	487	999	477	500	1023	301	722	22
"DE"	2008	"09-23"	1091	660	418	1047	457	590	6	1065	670	395	1058	247	797	1071	719	347	1043	604	439	1023	547	462	1043	739	293	23
"DE"	2008	"09-24"	930	638	284	856	575	281	10	905	644	261	867	337	522	885	653	226	862	596	265	854	533	300	877	316	546	24
"DE"	2008	"09-25"	430	302	114	395	290	105	10	412	314	98	400	188	207	400	303	95	397	289	108	395	274	111	399	309	90	25
"DE"	2008	"09-26"	1093	904	177	891	891		11	1033	871	162	975	598	365	1002	856	143	977	796	181	975	758	197	999	868	131	26
"DE"	2008	"09-27"	1052	713	323	974	628	346	10	1010	711	299	985	375	604	1005	737	266	987	652	335	980	602	361	1000	511	461	27
"DE"	2008	"09-28"	49	29	19					46	28	18	45	17	26	46	32	14	46	25	21	43	22	21	34	34		28
"DE"	2008	"09-32"	1033	584	441	930	438	492	16	976	578	398	930	335	584	964	614	347	930	499	430	910	455	433	950	524	426	32
"DE"	2008	"09-33"	1048	408	625	1009	355	654	18	1023	469	554	1008	194	805	1023	553	466	1004	484	519	995	372	609	1016	521	495	33
"DE"	2008	"09-34"	237	93	140	222	63	159	16	226	100	126	221	48	170	226	113	112	222	95	127	220	84	135	209	67	142	34
"DE"	2008	"09-41"	429	197	229	395	198	197	18	410	217	193	402	145	252	417	224	192	402	220	182	409	187	206	417	227	190	41
"DE"	2008	"10-01"	670	584	83	560	560		1	633	543	90	593	375	213	625	538	80	609	472	137	605	481	103	612	526	86	1
"DE"	2008	"10-02"	931	674	242	769	769		3	892	709	183	831	358	466	887	706	173	844	618	226	844	591	220	738	670		2
"DE"	2008	"10-03"	748	730	17	546	546		3	672	660	12	554	441	109	635	613	21	609	470	139	587	521	57	562	562		3
"DE"	2008	"10-04"	756	620	128					727	606	121	673	349	316	708	594	101	691	524	167	690	478	200	700	585	106	4
"DE"	2008	"10-05"	914	818	91					867	777	90	827	599	222	861	764	94	842	705	136	843	698	125	784	784		5
"DE"	2008	"10-06"	1195	867	316					1144	844	300	1099	521	567	1118	839	275	1092	766	326	1080	732	325	895	895		6
"DE"	2008	"10-07"	760	465	286					744	478	266	724	187	527	742	493	242	726	407	319	714	399	296	735	403	332	7
"DE"	2008	"10-08"	678	430	232					654	425	229	642	247	389	657	467	188	642	424	217	645	392	238	638	408	230	8
"DE"	2008	"10-09"	1223	631	576	1163	650	513	10	1198	681	517	1170	337	824	1192	693	494	1169	615	554	1140	580	537	1189	401	788	9
"DE"	2008	"10-10"	770	613	147					712	581	131	684	446	230	707	576	127	674	523	151	674	512	149	696	513	178	10
"DE"	2008	"10-11"	1116	616	488	1097	509	588	4	1098	631	467	1077	183	886	1107	714	390	1085	475	610	1046	487	549	1083	182	901	11
"DE"	2008	"10-12"	1010	548	453	986	443	543	4	999	566	433	988	228	745	996	619	372	993	435	558	963	450	492	768		768	12
"DE"	2008	"10-13"	830	664	156					791	641	150	770	369	396	797	649	141	771	598	173	766	541	209	705	681		13
"DE"	2008	"10-16"	406	334	69					375	317	58	359	226	130	376	319	57	363	302	61	364	292	67	336	336		16
"DE"	2008	"10-17"	790	612	169					759	606	153	723	385	328	752	617	128	734	579	155	727	540	160	733	620	113	17
"DE"	2008	"10-18"	652	459	181					620	463	157	607	260	338	621	479	138	611	428	183	599	395	188	627	313	306	18
"DE"	2008	"10-19"	298	201	93					296	211	85	294	91	201	293	222	71	293	196	97	281	169	109	284	205	77	19
"DE"	2008	"10-20"	771	476	276					748	492	256	731	266	456	745	514	224	734	437	297	732	425	289	465		465	20
"DE"	2008	"10-21"	438	307	125					427	297	130	414	173	232	422	295	125	416	265	151	407	241	146	420	214	206	21
"DE"	2008	"10-22"	783	384	383	751	340	411	6	762	401	361	764	154	600	774	450	322	763	346	417	747	322	408	759	253	506	22
"DE"	2008	"10-23"	568	301	258	536	206	330	6	549	308	241	532	120	408	547	348	198	530	279	251	530	256	264	540	418	119	23
"DE"	2008	"10-27"	899	530	362	838	421	417	10	872	520	352	852	217	621	865	561	301	840	471	368	814	431	363	869	293	558	27
"DE"	2008	"10-28"	116	98	18	106	77	29	17	108	89	19	101	60	41	106	88	17	105	84	21	105	80	25	91	91		28
"DE"	2008	"10-32"	89	29	57	86	38	48	17	90	39	51	86	20	66	90	46	44	89	43	46	85	29	55	89	44	45	32
"DE"	2008	"10-33"	346	123	219	332	101	231	16	341	139	202	341	76	261	341	150	190	334	143	191	334	111	217	338	165	173	33
"DE"	2008	"10-34"	749	294	447					734	322	412	721	180	531	732	358	370	717	318	398	712	292	408	715	240	475	34
"DE"	2008	"11-01"	800	730	65					767	692	75	707	434	266	754	688	62	723	585	138	707	594	102	724	651	73	1
"DE"	2008	"11-02"	1078	1067	8	893	893		2	1009	989	20	847	720	123	943	921	20	903	804	99	904	840	37	948	912		2
"DE"	2008	"11-03"	352	348	3	289	289		2	322	314	8	279	221	57	301	295	5	297	257	40	290	261	21	281	281		3
"DE"	2008	"11-04"	1094	567	520	1047	466	581	4	1071	607	464	1063	180	869	1068	651	409	1059	391	668	1036	390	627	1049	497	532	4
"DE"	2008	"11-05"	752	631	114					728	616	112	687	453	226	717	618	97	690	563	127	690	540	135	633	633		5
"DE"	2008	"11-06"	749	569	162					700	541	159	669	375	285	692	533	157	667	483	184	669	470	175	568	568		6
"DE"	2008	"11-07"	828	469	351					805	487	318	786	204	570	808	500	305	794	409	385	778	405	353	802	426	376	7
"DE"	2008	"11-08"	10	5	5					10	7	3	10	1	9	10	5	5	10	7	3	10	6	2	9	4	5	8
"DE"	2008	"11-10"	1210	967	229					1133	927	206	1058	643	407	1113	888	222	1070	798	272	1073	792	263	1084	797	274	10
"DE"	2008	"11-11"	718	449	263	694	366	328	4	706	465	241	685	201	483	700	464	235	690	410	279	681	386	289	687	269	418	11
"DE"	2008	"11-12"	1097	510	581	1048	417	631	4	1059	528	531	1050	158	887	1071	599	470	1054	328	726	1020	385	627	808		808	12
"DE"	2008	"11-13"	1050	875	156	893	893		3	1003	864	139	946	554	382	989	864	117	969	796	173	971	759	181	893	863		13
"DE"	2008	"11-16"	1154	978	158	931	931		2	1094	947	147	1006	646	349	1056	920	131	1023	837	186	1022	838	164	936	936		16
"DE"	2008	"11-17"	692	503	180					674	492	182	637	287	347	658	496	156	643	453	189	645	438	191	647	531	116	17
"DE"	2008	"11-18"	575	423	146					547	397	150	526	271	251	538	412	122	524	376	148	521	353	157	531	296	233	18
"DE"	2008	"11-19"	1309	972	321					1254	940	314	1220	555	647	1246	981	259	1210	871	338	1207	818	358	1202	948	248	19
"DE"	2008	"11-20"	640	365	267					620	374	246	618	151	458	627	423	197	612	324	288	594	320	256	450		450	20
"DE"	2008	"11-21"	922	570	339					900	586	314	879	266	603	906	600	302	882	524	358	866	495	347	888	417	471	21
"DE"	2008	"11-22"	1021	660	350					988	678	310	969	265	688	981	702	270	967	580	387	939	542	371	967	390	577	22
"DE"	2008	"11-28"	854	652	196	807	581	226	17	818	640	178	787	445	337	823	649	172	796	611	185	787	568	211	688	688		28
"DE"	2008	"12-02"	538	535	2	426	426		2	487	476	11	410	330	79	457	447	8	439	385	54	415	388	26	451	435		2
"DE"	2008	"12-03"	58	53	5					57	52	5	56	35	21	54	51	3	55	45	10	54	48	6	50	50		3
"DE"	2008	"12-04"	182	132	47					170	130	40	162	49	113	165	131	32	163	104	59	155	98	52	159	128	30	4
"DE"	2008	"12-06"	279	203	74	222	222		2	279	213	66	263	116	145	274	210	63	269	187	82	265	176	77	224	224		6
"DE"	2008	"12-07"	1080	587	481					1052	590	462	1040	239	794	1049	644	404	1030	519	511	1028	512	497	1055	525	530	7
"DE"	2008	"12-08"	131	78	52					130	80	50	123	50	73	125	84	41	129	83	46	125	67	57	127	71	56	8
"DE"	2008	"12-10"	178	100	76					173	107	66	168	30	137	167	102	64	170	86	84	163	83	76	170	49	119	10
"DE"	2008	"12-11"	538	365	167					523	360	163	513	202	298	518	357	161	509	317	192	506	310	183	509	261	248	11
"DE"	2008	"12-12"	1327	825	482					1280	835	445	1274	386	878	1286	892	383	1269	739	530	1239	694	526	846		846	12
"DE"	2008	"12-13"	552	395	146	437	437		3	533	392	141	521	238	278	533	417	114	520	382	138	520	358	148	449	432		13
"DE"	2008	"12-17"	783	594	181					753	585	168	721	375	338	749	587	158	726	537	189	723	515	192	737	621	116	17
"DE"	2008	"12-20"	1336	720	602	1274	490	784	6	1308	733	575	1286	262	1010	1304	816	479	1262	618	644	1237	608	615	1008		1006	20
"DE"	2008	"12-21"	230	105	122					219	100	119	218	45	170	224	130	94	218	100	118	208	94	110	219	70	149	21
"DE"	2008	"12-22"	699	469	221					676	466	210	660	217	432	666	480	176	651	421	230	644	372	252	654	280	374	22
"DE"	2008	"12-28"	270	186	84	248	150	98	17	258	179	79	241	109	131	252	182	69	244	163	81	240	152	86	195	195		28
"DE"	2008	"13-02"	535	527	8	451	451		2	503	491	12	425	330	95	467	459	8	449	391	58	436	399	34	454	416		2
"DE"	2008	"13-04"	502	366	127	397	397		3	487	350	137	476	195	272	485	364	110	474	316	158	474	303	157	475	374	92	4
"DE"	2008	"13-07"	993	566	408					967	582	385	960	221	730	976	615	354	966	503	463	949	503	429	978	519	459	7
"DE"	2008	"13-11"	747	492	241					715	502	213	705	271	419	710	500	204	685	440	245	689	407	262	687	347	340	11
"DE"	2008	"13-20"	1139	677	443	1097	532	565	4	1123	706	417	1103	269	830	1117	746	365	1092	554	538	1077	551	506	793		791	20
"DE"	2008	"13-21"	335	194	130					325	202	123	311	99	206	322	213	105	320	196	124	317	172	137	325	165	160	21
"DE"	2008	"13-22"	82	44	34	79	26	53	6	79	42	37	78	18	60	77	46	31	75	39	36	76	41	35	80	23	57	22
"DE"	2008	"13-28"	203	117	83					199	113	86	190	53	135	199	121	77	195	108	87	192	100	87	143	143		28
"DE"	2008	"14-02"	55	55	0	49	49		2	52	50	2	46	42	4	50	50	0	47	39	8	50	49	1	50	49		2
"DE"	2008	"14-04"	224	134	88	136	136		3	221	155	66	213	21	190	218	132	85	212	90	122	203	77	123	211	125	83	4
"DE"	2008	"14-07"	69	47	22	67	39	28	4	69	45	24	67	16	51	69	45	24	64	34	30	65	38	26	68	45	23	7
"DE"	2008	"14-11"	823	608	205					797	599	198	772	357	401	790	590	191	777	542	235	778	500	252	774	421	353	11
"DE"	2008	"14-21"	208	119	84					198	120	78	197	72	124	200	134	65	195	123	72	195	110	84	197	93	104	21
"DE"	2008	"14-22"	327	189	131	313	140	173	6	318	188	130	316	91	222	318	213	104	314	175	139	310	163	135	319	126	193	22
"DE"	2008	"14-28"	1277	820	440					1227	796	431	1181	479	693	1240	861	373	1188	765	423	1182	684	471	955	955		28
"DE"	2008	"15-04"	57	49	6	46	46		3	55	47	8	50	34	15	52	46	6	52	42	10	50	42	6	52	46	5	4
"DE"	2008	"16-02"	511	459	51	419	419		3	484	443	41	440	270	169	462	414	47	449	363	86	447	345	90	419	397		2
"DE"	2008	"16-04"	197	59	136	181	52	129	4	185	69	116	188	21	167	185	69	115	192	33	158	174	44	130	182	56	126	4
"DE"	2008	"16-31"	0	0	0					0	0	0	0	0	0													
"DE"	2008	"16-41"	0	0	0																							
"DE"	2008	"17-02"	331	279	49					299	256	43	295	198	95													
"DE"	2008	"17-04"	163	125	35					159	121	38	156	59	94	156	129	25	156	109	47	155	98	54	156	130	25	4
"DE"	2008	"18-04"	59	49	9	51	51		3	55	47	8	50	29	20	56	46	9	51	42	9	55	36	14	54	45	7	4
"DE"	2008	"19-04"	34	32	1	27	27		3	32	29	3	30	21	9	33	32	1	28	24	4	29	27	2	32	29	3	4
