state	year	precinct	g2010_USS_tv	g2010_USS_dv	g2010_USS_rv	g2010_USH_tv	g2010_USH_dv	g2010_USH_rv	g2010_ATG_tv	g2010_ATG_dv	g2010_TRE_tv	g2010_TRE_dv	g2010_TRE_rv	g2010_AUD_tv	g2010_AUD_dv	g2010_AUD_rv	g2010_STS_tv	g2010_STS_dv	g2010_STS_rv	sd	g2010_STH_tv	g2010_STH_dv	g2010_STH_rv	ld
"DE"	2010	"01-01"	833	753	71	823	738	80	797	751	801	661	140	798	650	148	731	731		1	741	741		1
"DE"	2010	"01-02"	14	11	3	14	11	3	10	10	11	9	2	12	9	3					9	9		2
"DE"	2010	"01-03"	295	279	13	284	274	8	287	283	280	266	14	273	258	15					281	237		3
"DE"	2010	"01-04"	905	677	213	913	635	268	825	688	881	486	395	867	434	433	685	685		1	906	618	288	4
"DE"	2010	"01-05"	738	553	167	727	555	158	674	596	715	522	193	714	501	213					634	634		5
"DE"	2010	"01-06"	575	315	235	574	320	239	478	365	553	274	279	551	256	295	387	387		1	569	255	308	6
"DE"	2010	"01-07"	538	309	211	539	306	227	461	359	528	250	278	528	225	303					537	286	240	7
"DE"	2010	"01-08"	835	380	424	827	364	434	691	474	808	283	525	801	264	537					824	459	365	8
"DE"	2010	"01-09"	504	304	180	503	319	180	445	361	502	287	215	495	273	222	491	314	177	14	500	294	206	9
"DE"	2010	"01-10"	900	505	362	898	493	378	758	591	865	423	442	859	381	478					897	490	407	10
"DE"	2010	"01-11"	371	220	143	369	206	155	314	230	355	152	203	353	136	217	367	101	262	5	364	117	247	11
"DE"	2010	"01-12"	552	379	156	550	370	163	493	409	537	319	218	538	314	224	532	372	160	7	369		301	12
"DE"	2010	"01-13"	725	436	250	715	445	244	635	523	697	404	293	700	390	310	711	485	226	7	602	530		13
"DE"	2010	"01-14"	2200	1093	1026	2207	1053	1119	1802	1342	2151	999	1152	2136	941	1195					2200	1221	979	14
"DE"	2010	"01-15"	1501	1242	235	1483	1243	227	1432	1313	1471	1205	266	1468	1183	285	580		580	12	1470	1270	188	15
"DE"	2010	"01-16"	294	196	89	287	214	67	263	233	286	191	95	280	183	97	242	242		13	239	239		16
"DE"	2010	"01-17"	59	36	18	57	37	18	52	44	59	40	19	54	32	22					44	44		17
"DE"	2010	"01-18"	650	402	230	636	395	227	566	471	626	346	280	624	347	277	630	453	177	9	644	261	369	18
"DE"	2010	"01-19"	896	575	286	890	585	288	775	645	869	500	369	857	492	365	881	698	183	9	887	686	201	19
"DE"	2010	"01-20"	682	346	313	683	330	341	557	399	678	253	425	665	267	398	670	329	341	7	678	226	452	20
"DE"	2010	"01-21"	923	564	335	920	529	373	786	637	895	409	486	894	405	489	907	530	377	8	665		665	21
"DE"	2010	"01-22"	406	211	182	402	195	200	339	240	394	146	248	390	127	263					401	104	297	22
"DE"	2010	"01-23"	194	148	44	191	134	53	176	148	175	127	48	177	122	55					186	141	45	23
"DE"	2010	"01-24"	308	191	104	300	193	97	277	219	302	182	120	299	164	135					306	215	91	24
"DE"	2010	"01-25"	395	312	75	398	315	72	370	318	383	269	114	376	249	127					389	287	102	25
"DE"	2010	"01-26"	354	258	85	351	251	92	321	274	341	239	102	338	242	96					308	300	8	26
"DE"	2010	"01-27"	731	485	217	731	466	237	653	510	713	441	272	700	406	294					716	499	217	27
"DE"	2010	"01-28"	429	301	115	426	304	110	395	348	418	279	139	415	281	134	427	350	77	14	420	335	85	28
"DE"	2010	"01-29"	2667	1293	1273	2628	1380	1190	2102	1672	2612	1231	1381	2592	1159	1433	2660	1538	1122	15	2620	1255	1365	29
"DE"	2010	"01-30"	1529	542	893	1524	607	864	1142	827	1512	500	1012	1492	461	1031	1514	606	908	15	1161		1161	30
"DE"	2010	"01-31"	221	75	135	217	72	141	165	121	217	61	156	214	60	154	218	83	135	15	219	92	127	31
"DE"	2010	"01-32"	1034	571	411	1011	599	382	840	692	1000	543	457	1001	523	478					1015	598	368	32
"DE"	2010	"01-33"	252	98	139	250	108	133	199	154	244	103	141	248	92	156	251	115	136	15	245	112	133	33
"DE"	2010	"01-34"	123	49	68	121	55	63	86	68	121	45	76	121	45	76					122	40	74	34
"DE"	2010	"01-35"	1528	385	1101	1517	446	1041	1128	661	1502	413	1089	1485	405	1080	1161		1161	19	1515	371	1144	35
"DE"	2010	"01-36"	1057	410	611	1055	421	612	870	598	1038	348	690	1029	336	693					1052	402	650	36
"DE"	2010	"01-37"	1562	909	619	1582	858	704	1266	1038	1555	796	759	1528	683	845					1560	721	839	37
"DE"	2010	"01-38"	1611	552	999	1621	532	1051	1206	774	1587	508	1079	1578	504	1074	999	999		20	1360		1360	38
"DE"	2010	"01-39"	477	119	338	476	121	345	344	217	471	107	364	470	131	339	396		396	19	411		411	39
"DE"	2010	"01-40"	979	290	638	979	325	622	748	488	955	311	644	947	342	605					805		805	40
"DE"	2010	"01-41"	1177	288	841	1181	367	783	937	585	1150	324	826	1148	351	797					1179	624	555	41
"DE"	2010	"02-01"	664	632	28	653	620	29	660	640	660	599	61	649	589	60	611	611		1	626	626		1
"DE"	2010	"02-02"	867	836	27	847	818	23	856	850	825	792	33	826	791	35					811	811		2
"DE"	2010	"02-03"	738	592	121	729	595	114	706	630	718	535	183	711	528	183					707	642		3
"DE"	2010	"02-04"	454	245	202	467	240	225	369	273	456	177	279	455	161	294					456	199	257	4
"DE"	2010	"02-05"	382	287	83	381	292	84	356	311	374	279	95	372	280	92					341	341		5
"DE"	2010	"02-06"	1062	697	337	1065	709	342	924	755	1039	558	481	1032	517	515	799	799		1	1063	502	549	6
"DE"	2010	"02-07"	781	445	312	779	448	315	637	520	760	363	397	739	330	409	755	303	448	5	781	392	371	7
"DE"	2010	"02-08"	1748	1012	693	1735	1006	699	1457	1160	1712	938	774	1684	915	769	1693	1082	611	14	1723	1095	628	8
"DE"	2010	"02-09"	1287	613	617	1277	632	627	1062	786	1267	513	754	1247	508	739					1285	582	703	9
"DE"	2010	"02-10"	835	513	283	834	491	322	723	578	811	396	415	805	374	431					827	434	393	10
"DE"	2010	"02-11"	447	282	151	442	279	148	386	311	444	229	215	436	227	209	446	182	258	5	446	184	262	11
"DE"	2010	"02-12"	132	87	40	134	90	42	122	105	130	81	49	128	71	57	129	92	37	8	98		84	12
"DE"	2010	"02-13"	74	53	18	73	57	14	67	59	74	53	21	73	58	15					64	62		13
"DE"	2010	"02-14"	1362	796	524	1358	762	565	1156	920	1333	721	612	1333	702	631					1353	844	509	14
"DE"	2010	"02-15"	855	682	156	848	685	152	806	729	845	675	170	835	640	195	368		368	12	849	689	146	15
"DE"	2010	"02-16"	529	494	29	517	482	28	510	498	519	482	37	509	480	29					498	498		16
"DE"	2010	"02-17"	222	160	51	217	164	48	210	186	216	150	66	214	151	63	183	183		13	183	183		17
"DE"	2010	"02-18"	270	162	93	270	171	92	235	186	267	142	125	262	147	115	267	188	79	9	269	121	144	18
"DE"	2010	"02-19"	570	387	159	566	394	159	502	415	552	345	207	549	330	219	556	439	117	9	564	422	142	19
"DE"	2010	"02-20"	584	346	222	577	337	228	507	390	566	272	294	564	272	292	570	343	227	8	573	247	326	20
"DE"	2010	"02-21"	411	250	138	417	256	150	356	288	405	204	201	406	205	201	404	293	111	9	291		291	21
"DE"	2010	"02-22"	592	345	224	595	313	270	516	394	572	248	324	575	247	328					581	215	366	22
"DE"	2010	"02-23"	773	511	243	774	491	275	664	532	755	408	347	748	375	373					766	502	264	23
"DE"	2010	"02-24"	736	501	211	728	489	225	666	552	720	449	271	711	443	268					724	497	227	24
"DE"	2010	"02-25"	780	497	243	777	491	267	687	568	756	431	325	745	407	338					774	529	245	25
"DE"	2010	"02-26"	577	430	129	570	423	137	526	457	569	413	156	569	407	162					513	500	13	26
"DE"	2010	"02-27"	505	318	169	503	312	177	465	368	495	289	206	491	273	218					507	322	185	27
"DE"	2010	"02-28"	1488	780	640	1489	828	623	1215	990	1475	733	742	1453	638	815	1489	1089	400	14	1480	1036	444	28
"DE"	2010	"02-29"	2265	1197	995	2225	1209	983	1753	1447	2228	1095	1133	2198	1042	1156	2233	1252	981	15	2212	1091	1121	29
"DE"	2010	"02-30"	242	90	140	238	100	133	182	140	236	92	144	234	88	146	238	114	124	15	176		176	30
"DE"	2010	"02-31"	1220	708	468	1219	707	493	999	811	1211	592	619	1204	555	649					1215	701	514	31
"DE"	2010	"02-32"	867	414	398	856	435	396	685	537	839	346	493	840	331	509					857	422	385	32
"DE"	2010	"02-33"	1466	644	763	1453	665	746	1110	826	1444	512	932	1424	537	887					1446	713	733	33
"DE"	2010	"02-34"	127	38	78	123	45	75	101	68	121	32	89	124	31	93					125	29	83	34
"DE"	2010	"02-35"	2423	865	1467	2419	893	1461	1894	1264	2384	920	1464	2365	865	1500	1793		1793	19	2401	783	1618	35
"DE"	2010	"02-36"	1888	725	1100	1866	712	1109	1494	1015	1849	618	1231	1825	635	1190					1864	700	1164	36
"DE"	2010	"02-37"	1969	936	985	1974	902	1038	1568	1154	1935	819	1116	1920	806	1114					1942	859	1083	37
"DE"	2010	"02-38"	1416	540	805	1409	542	824	1041	726	1366	525	841	1360	503	857	895	895		20	1117		1117	38
"DE"	2010	"02-39"	1037	405	588	1035	399	607	801	568	1025	360	665	1023	360	663					836		836	39
"DE"	2010	"02-40"	1380	353	972	1369	421	920	1061	638	1352	370	982	1341	404	937					1157		1157	40
"DE"	2010	"02-41"	1008	348	619	1003	373	607	797	550	981	319	662	970	308	662	687	687		20	1009	479	530	41
"DE"	2010	"03-01"	576	555	19	570	553	10	569	558	562	537	25	556	536	20	541	541		1	544	544		1
"DE"	2010	"03-02"	157	150	6	152	143	7	154	151	154	145	9	156	147	9					147	147		2
"DE"	2010	"03-03"	143	120	20	139	115	22	136	123	140	110	30	136	109	27	120	120		1	130	121		3
"DE"	2010	"03-04"	1116	785	303	1141	752	370	1021	843	1108	563	545	1089	510	579	826	826		1	1137	733	404	4
"DE"	2010	"03-05"	285	227	50	279	230	45	269	242	277	219	58	279	221	58	252	252		13	257	257		5
"DE"	2010	"03-06"	617	468	133	611	467	130	552	500	604	430	174	605	423	182	511	511		1	613	427	179	6
"DE"	2010	"03-07"	868	544	287	871	519	333	734	581	847	421	426	833	374	459	860	339	518	5	873	490	356	7
"DE"	2010	"03-08"	970	558	376	967	569	383	840	665	962	531	431	944	495	449	953	590	363	14	959	592	367	8
"DE"	2010	"03-09"	1991	1185	740	1994	1171	776	1786	1372	1981	1053	928	1950	1011	939	1974	1235	739	14	2000	1099	901	9
"DE"	2010	"03-10"	810	473	311	809	441	346	691	507	794	371	423	788	350	438	800	285	507	5	801	372	429	10
"DE"	2010	"03-11"	841	521	285	851	509	322	729	582	820	391	429	813	344	469					833	290	543	11
"DE"	2010	"03-12"	664	441	204	650	440	191	582	481	649	405	244	642	395	247	645	456	189	7	414		316	12
"DE"	2010	"03-13"	194	167	25	195	174	18	186	175	189	159	30	183	152	31					177	169		13
"DE"	2010	"03-14"	1182	705	448	1184	665	502	958	770	1172	607	565	1153	521	632	806	806		20	1192	685	507	14
"DE"	2010	"03-15"	819	554	251	813	549	246	721	593	796	525	271	792	507	285	424		424	12	802	559	232	15
"DE"	2010	"03-16"	801	764	34	775	757	17	776	768	771	745	26	769	738	31	747	747		13	757	757		16
"DE"	2010	"03-17"	605	412	178	588	430	148	538	465	576	394	182	574	375	199	327		327	12	503	503		17
"DE"	2010	"03-18"	624	439	161	615	440	162	571	485	606	426	180	603	418	185	612	492	120	9	618	395	210	18
"DE"	2010	"03-19"	638	347	260	631	360	261	544	415	610	305	305	611	283	328	615	382	233	8	632	476	156	19
"DE"	2010	"03-20"	563	342	198	558	341	198	478	368	547	271	276	544	279	265	548	368	180	8	546	246	300	20
"DE"	2010	"03-21"	657	367	258	649	373	260	550	420	632	301	331	625	288	337	633	397	236	9	498		498	21
"DE"	2010	"03-22"	395	217	175	393	199	194	321	238	391	147	244	388	139	249					392	131	261	22
"DE"	2010	"03-23"	872	576	271	865	554	295	773	599	845	471	374	840	426	414					867	579	288	23
"DE"	2010	"03-24"	401	279	107	401	290	100	364	310	394	252	142	395	257	138	392	299	93	9	397	289	108	24
"DE"	2010	"03-25"	626	399	202	622	410	199	563	464	608	379	229	607	374	233					619	429	190	25
"DE"	2010	"03-26"	552	398	139	549	390	152	494	423	539	358	181	537	351	186					474	455	19	26
"DE"	2010	"03-27"	562	380	156	559	371	167	511	413	555	339	216	545	339	206					565	399	166	27
"DE"	2010	"03-28"	89	57	29	89	59	23	81	77	85	54	31	87	52	35	89	63	26	15	86	70	16	28
"DE"	2010	"03-29"	1004	373	592	997	400	567	705	499	980	321	659	964	314	650	995	406	589	15	980	369	611	29
"DE"	2010	"03-30"	1193	309	817	1178	347	800	814	516	1170	278	892	1167	262	905	1182	364	818	15	996		996	30
"DE"	2010	"03-31"	1585	835	699	1589	844	718	1251	999	1564	699	865	1568	617	951					1586	857	729	31
"DE"	2010	"03-32"	1072	494	526	1064	515	526	836	635	1052	433	619	1048	404	644					1067	458	546	32
"DE"	2010	"03-33"	1010	401	561	996	414	549	774	570	992	327	665	974	319	655					996	472	524	33
"DE"	2010	"03-34"	1259	547	651	1261	550	662	963	720	1239	467	772	1222	425	797	1246	593	653	15	1247	392	758	34
"DE"	2010	"03-35"	291	82	196	287	95	182	231	137	288	98	190	286	83	203	206		206	19	291	74	217	35
"DE"	2010	"03-36"	1011	425	551	1009	439	551	818	591	989	408	581	982	389	593					1005	527	478	36
"DE"	2010	"03-37"	1304	539	718	1296	556	711	1062	750	1271	512	759	1256	512	744					1271	507	764	37
"DE"	2010	"03-38"	2224	943	1206	2217	906	1271	1655	1190	2166	845	1321	2141	821	1320	1443	1443		20	1798		1798	38
"DE"	2010	"03-39"	884	307	554	883	293	574	662	426	868	266	602	863	252	611	701		701	19	734		734	39
"DE"	2010	"03-40"	635	344	264	634	363	256	548	428	619	341	278	614	347	267					423		423	40
"DE"	2010	"03-41"	651	286	343	653	322	315	555	420	636	315	321	630	290	340	506	506		20	649	395	254	41
"DE"	2010	"04-01"	818	775	33	797	759	32	797	774	787	739	48	783	736	47					771	771		1
"DE"	2010	"04-02"	15	13	2	16	12	3	14	12	15	7	8	15	5	10					12	12		2
"DE"	2010	"04-03"	245	226	14	235	227	5	241	233	234	219	15	231	217	14					235	200		3
"DE"	2010	"04-04"	779	594	166	769	566	184	694	600	733	489	244	736	486	250					755	561	194	4
"DE"	2010	"04-05"	344	281	56	339	286	48	326	302	333	278	55	331	268	63	131		131	12	308	308		5
"DE"	2010	"04-06"	772	506	243	781	499	267	689	561	763	435	328	758	395	363	589	589		1	779	444	327	6
"DE"	2010	"04-07"	438	273	154	439	279	152	379	307	427	235	192	424	246	178	428	202	214	5	435	283	146	7
"DE"	2010	"04-08"	1040	786	231	1021	772	229	953	845	1018	746	272	1010	718	292	1006	794	212	14	1021	795	226	8
"DE"	2010	"04-09"	616	353	239	612	372	212	537	435	594	335	259	590	290	300	595	383	212	14	605	355	250	9
"DE"	2010	"04-10"	521	413	95	518	412	97	486	433	511	375	136	505	368	137	517	350	157	5	516	384	132	10
"DE"	2010	"04-11"	738	470	232	737	466	256	641	533	717	384	333	714	344	370					723	276	447	11
"DE"	2010	"04-12"	571	309	248	580	291	286	452	323	557	200	357	566	180	386					497		468	12
"DE"	2010	"04-13"	470	296	157	466	299	148	417	338	453	277	176	451	250	201	455	293	162	7	386	348		13
"DE"	2010	"04-14"	1860	907	899	1848	875	939	1414	1084	1806	811	995	1788	768	1020					1843	1009	834	14
"DE"	2010	"04-15"	641	383	238	643	391	238	569	457	631	347	284	630	336	294	426		426	12	639	417	210	15
"DE"	2010	"04-16"	389	260	108	384	279	89	342	300	367	261	106	373	256	117	314	314		13	313	313		16
"DE"	2010	"04-17"	1003	661	303	997	676	289	871	712	969	549	420	964	493	471	671		671	12	782	782		17
"DE"	2010	"04-18"	919	663	232	914	662	246	835	733	902	613	289	894	606	288	749	749		13	922	534	380	18
"DE"	2010	"04-19"	652	401	226	638	410	211	571	459	633	354	279	631	358	273	628	435	193	8	647	470	177	19
"DE"	2010	"04-20"	660	394	250	664	375	276	577	443	655	274	381	652	281	371	659	369	290	8	657	223	434	20
"DE"	2010	"04-21"	521	331	173	521	323	190	459	368	502	267	235	488	254	234	509	329	180	8	361		361	21
"DE"	2010	"04-22"	949	500	421	947	468	470	795	581	929	345	584	929	312	617	950	516	434	8	942	278	664	22
"DE"	2010	"04-23"	848	602	212	849	575	248	747	610	830	498	332	823	465	358					848	619	229	23
"DE"	2010	"04-24"	654	402	228	650	416	218	591	481	639	379	260	636	373	263					645	424	221	24
"DE"	2010	"04-25"	595	369	205	586	363	203	519	421	576	341	235	571	337	234					584	396	188	25
"DE"	2010	"04-26"	767	533	222	765	518	234	690	592	754	477	277	743	476	267					685	653	32	26
"DE"	2010	"04-27"	492	287	189	492	276	205	433	326	482	266	216	478	252	226					489	301	188	27
"DE"	2010	"04-28"	7	3	4	7	3	4	6	3	7	3	4	7	0	7	7	3	4	15	7	5	2	28
"DE"	2010	"04-29"	261	125	121	257	129	120	216	164	258	119	139	257	116	141	260	140	120	15	258	130	128	29
"DE"	2010	"04-30"	463	148	292	458	167	277	339	248	455	123	332	448	133	315					377		377	30
"DE"	2010	"04-31"	710	392	293	699	389	294	549	458	689	347	342	690	307	383					699	396	303	31
"DE"	2010	"04-32"	341	199	124	331	203	121	278	239	326	178	148	324	171	153					333	194	126	32
"DE"	2010	"04-33"	1484	609	808	1458	616	799	1126	828	1461	515	946	1447	499	948					1480	668	812	33
"DE"	2010	"04-34"	2255	1048	1126	2238	1083	1100	1725	1329	2195	883	1312	2204	834	1370					2252	801	1261	34
"DE"	2010	"04-35"	1167	495	632	1166	519	616	944	682	1140	511	629	1118	479	639	759		759	19	1162	430	732	35
"DE"	2010	"04-36"	1262	464	748	1246	468	733	1028	703	1239	461	778	1233	460	773	929		929	19	1244	455	789	36
"DE"	2010	"04-37"	328	108	214	328	119	197	244	154	322	111	211	324	121	203	235		235	19	326	109	217	37
"DE"	2010	"04-38"	1350	612	704	1340	577	748	1022	725	1326	538	788	1302	518	784	878	878		20	1081		1081	38
"DE"	2010	"04-39"	766	344	390	765	346	409	565	418	748	317	431	740	296	444					587		587	39
"DE"	2010	"04-40"	1013	305	673	1014	341	647	772	472	1003	306	697	999	351	648					830		830	40
"DE"	2010	"04-41"	872	308	543	873	339	523	701	506	857	306	551	850	297	553	595	595		20	880	490	390	41
"DE"	2010	"05-01"	858	701	144	846	697	135	821	739	813	579	234	816	573	243	718	718		1	706	706		1
"DE"	2010	"05-02"	503	419	75	499	420	67	486	454	492	408	84	485	403	82					459	459		2
"DE"	2010	"05-03"	441	397	32	433	396	24	424	407	419	381	38	416	378	38					417	312		3
"DE"	2010	"05-04"	378	321	50	373	321	46	360	333	366	296	70	366	304	62					375	329	46	4
"DE"	2010	"05-05"	690	612	70	687	608	75	657	629	681	590	91	674	584	90	252		252	12	632	632		5
"DE"	2010	"05-06"	501	381	112	498	370	121	459	402	484	332	152	488	332	156					495	325	163	6
"DE"	2010	"05-07"	528	432	83	527	421	92	499	452	516	393	123	511	363	148	520	310	206	5	520	425	88	7
"DE"	2010	"05-08"	1700	1097	545	1701	1080	595	1527	1259	1675	984	691	1649	898	751	1664	1127	537	14	1683	1101	582	8
"DE"	2010	"05-09"	1261	595	621	1263	597	639	1044	736	1250	491	759	1236	456	780	1243	646	597	14	1262	545	717	9
"DE"	2010	"05-10"	413	234	169	412	232	170	318	265	403	181	222	401	187	214	406	160	237	5	405	208	197	10
"DE"	2010	"05-11"	549	397	130	550	386	155	492	423	535	347	188	533	341	192	537	311	219	5	537	313	224	11
"DE"	2010	"05-12"	633	328	287	635	326	295	545	384	626	253	373	620	260	360	633	328	305	7	516		443	12
"DE"	2010	"05-13"	653	415	208	646	428	208	575	470	632	387	245	627	371	256	637	445	192	7	549	495		13
"DE"	2010	"05-14"	1609	741	804	1612	745	838	1312	934	1581	695	886	1560	670	890					1604	827	777	14
"DE"	2010	"05-15"	900	524	341	891	531	337	752	608	881	497	384	874	501	373	548		548	12	878	552	303	15
"DE"	2010	"05-16"	849	806	35	834	794	34	829	813	823	782	41	822	782	40					815	815		16
"DE"	2010	"05-17"	533	328	183	526	352	164	470	392	518	304	214	517	278	239	349		349	12	459	459		17
"DE"	2010	"05-18"	386	259	111	387	270	108	350	294	380	249	131	377	241	136	307	307		13	393	208	176	18
"DE"	2010	"05-19"	668	420	227	664	421	228	582	466	648	377	271	639	337	302	656	478	178	9	655	463	192	19
"DE"	2010	"05-20"	277	145	119	276	145	125	235	188	270	130	140	267	118	149	268	170	98	8	269	113	156	20
"DE"	2010	"05-21"	490	301	175	494	285	202	415	328	480	227	253	481	233	248	483	355	128	9	364		364	21
"DE"	2010	"05-22"	991	550	417	988	516	459	830	612	975	399	576	959	376	583					978	328	650	22
"DE"	2010	"05-23"	835	593	223	832	569	242	731	611	807	494	313	797	455	342					830	559	271	23
"DE"	2010	"05-24"	580	351	205	576	356	202	522	413	570	320	250	555	285	270					570	389	181	24
"DE"	2010	"05-25"	701	445	230	699	416	261	629	485	688	359	329	679	350	329					697	402	295	25
"DE"	2010	"05-26"	774	573	181	774	574	181	715	623	756	544	212	758	510	248					685	666	19	26
"DE"	2010	"05-27"	997	617	353	979	580	368	875	697	978	541	437	966	502	464	629		629	12	991	653	338	27
"DE"	2010	"05-28"	1995	1081	853	1964	1111	808	1609	1316	1940	1031	909	1936	984	952	1975	1159	816	15	1955	1294	661	28
"DE"	2010	"05-29"	900	255	603	889	289	565	622	416	877	220	657	869	205	664	890	324	566	15	863	230	633	29
"DE"	2010	"05-30"	1179	430	692	1171	456	691	901	654	1159	342	817	1155	367	788					951		951	30
"DE"	2010	"05-31"	951	531	387	939	529	388	758	628	932	463	469	931	412	519					946	555	391	31
"DE"	2010	"05-32"	430	212	191	427	219	193	349	271	420	171	249	419	175	244					427	199	179	32
"DE"	2010	"05-33"	849	268	547	835	306	497	599	423	843	218	625	813	226	587					851	324	527	33
"DE"	2010	"05-34"	729	268	438	722	263	444	510	352	726	195	531	693	170	523					721	142	519	34
"DE"	2010	"05-35"	375	110	252	375	126	239	295	182	372	98	274	370	114	256					371	88	283	35
"DE"	2010	"05-36"	399	147	242	400	163	228	321	220	384	151	233	382	158	224	274		274	19	388	196	192	36
"DE"	2010	"05-37"	906	291	583	906	302	591	729	481	897	273	624	904	260	644	725		725	19	902	223	679	37
"DE"	2010	"05-38"	942	368	542	941	373	558	665	455	925	322	603	909	314	595	565	565		20	764		764	38
"DE"	2010	"05-39"	857	264	556	861	298	538	656	442	844	262	582	842	261	581					727		727	39
"DE"	2010	"05-40"	642	195	417	632	239	380	495	351	625	210	415	626	241	385					530		530	40
"DE"	2010	"05-41"	1217	461	697	1219	514	666	1015	746	1204	475	729	1185	470	715	866	866		20	1227	676	551	41
"DE"	2010	"06-01"	488	448	36	472	435	28	471	453	473	427	46	466	416	50	444	444		1	440	440		1
"DE"	2010	"06-02"	401	347	48	398	337	53	382	353	382	302	80	388	311	77					360	360		2
"DE"	2010	"06-03"	481	440	34	459	430	22	461	447	448	419	29	446	417	29					451	383		3
"DE"	2010	"06-04"	754	559	176	754	533	195	697	595	726	431	295	716	412	304	590	590		1	746	546	200	4
"DE"	2010	"06-05"	707	610	88	694	609	78	662	628	689	594	95	686	584	102					632	632		5
"DE"	2010	"06-06"	921	543	349	933	511	408	780	604	901	393	508	912	396	516					934	395	534	6
"DE"	2010	"06-07"	939	578	338	939	568	360	814	642	918	466	452	904	452	452	929	401	523	5	943	600	325	7
"DE"	2010	"06-08"	1517	830	629	1506	871	595	1330	1023	1471	782	689	1451	736	715	1485	974	511	14	1479	953	526	8
"DE"	2010	"06-09"	1531	972	507	1526	956	542	1387	1117	1506	874	632	1478	821	657					1520	962	558	9
"DE"	2010	"06-10"	517	276	229	533	256	268	416	317	523	202	321	517	172	345					526	224	302	10
"DE"	2010	"06-11"	746	504	227	754	473	261	657	529	738	385	353	725	345	380					745	307	438	11
"DE"	2010	"06-12"	1240	777	435	1234	686	526	981	780	1190	552	638	1190	489	701	1202	673	529	7	949		864	12
"DE"	2010	"06-13"	682	437	216	685	428	222	598	481	675	369	306	676	372	304	677	443	234	7	571	490		13
"DE"	2010	"06-14"	1581	656	881	1580	639	897	1195	816	1553	598	955	1528	582	946					1581	771	810	14
"DE"	2010	"06-15"	992	749	216	988	746	217	923	786	974	711	263	966	690	276					974	735	209	15
"DE"	2010	"06-16"	479	429	46	467	421	41	457	433	458	404	54	452	384	68					437	437		16
"DE"	2010	"06-17"	546	435	101	536	427	100	499	451	535	425	110	528	401	127	219		219	12	483	483		17
"DE"	2010	"06-18"	691	497	173	688	499	171	646	577	678	475	203	666	456	210	569	569		13	704	327	366	18
"DE"	2010	"06-19"	372	201	162	367	211	145	285	234	358	205	153	356	185	171	363	262	101	9	357	265	92	19
"DE"	2010	"06-20"	710	426	263	715	399	302	608	475	692	321	371	693	293	400	702	359	343	7	711	312	399	20
"DE"	2010	"06-21"	834	460	347	831	454	367	694	529	811	368	443	805	365	440	818	502	316	9	628		628	21
"DE"	2010	"06-22"	1179	664	482	1181	617	534	1016	747	1150	463	687	1135	462	673	1155	604	551	8	1164	322	842	22
"DE"	2010	"06-23"	373	270	90	364	254	94	342	277	355	234	121	352	238	114					356	258	98	23
"DE"	2010	"06-24"	570	383	161	558	381	161	529	432	551	368	183	551	357	194					559	400	159	24
"DE"	2010	"06-25"	839	519	290	844	497	327	738	591	822	440	382	816	397	419					840	528	312	25
"DE"	2010	"06-26"	589	352	212	584	348	225	502	397	585	335	250	574	326	248	577	400	177	9	505	482	23	26
"DE"	2010	"06-27"	546	392	139	538	378	143	481	428	530	357	173	527	346	181	283		283	12	544	416	128	27
"DE"	2010	"06-28"	185	77	102	186	99	83	153	126	182	84	98	181	78	103	184	150	34	14	184	140	44	28
"DE"	2010	"06-29"	981	271	667	969	300	645	695	443	958	232	726	958	237	721	973	308	665	15	957	276	681	29
"DE"	2010	"06-30"	988	322	609	982	339	616	710	509	984	266	718	972	297	675					798		798	30
"DE"	2010	"06-31"	753	489	243	758	501	244	649	545	752	455	297	742	435	307					752	506	246	31
"DE"	2010	"06-32"	105	82	18	100	84	14	96	92	97	82	15	98	78	20					103	86	14	32
"DE"	2010	"06-33"	1224	432	746	1211	448	735	835	600	1193	347	846	1175	346	829					1216	597	619	33
"DE"	2010	"06-34"	1558	650	842	1536	639	860	1136	871	1538	525	1013	1510	480	1030					1545	399	1011	34
"DE"	2010	"06-35"	623	168	438	624	192	422	486	291	611	176	435	605	185	420	456		456	19	615	147	468	35
"DE"	2010	"06-36"	1431	720	657	1422	718	678	1193	932	1395	654	741	1390	635	755	927		927	19	1418	841	577	36
"DE"	2010	"06-37"	1399	574	785	1407	616	758	1137	828	1388	538	850	1388	523	865	1052		1052	19	1399	465	934	37
"DE"	2010	"06-38"	1648	559	1035	1634	535	1068	1125	724	1601	526	1075	1581	525	1056	914	914		20	1306		1306	38
"DE"	2010	"06-39"	951	329	584	942	346	568	718	480	933	325	608	930	332	598					771		771	39
"DE"	2010	"06-40"	838	195	609	833	213	595	623	345	824	203	621	814	225	589					736		736	40
"DE"	2010	"06-41"	681	315	346	674	323	334	553	413	672	317	355	658	312	346	480	480		20	680	396	284	41
"DE"	2010	"07-01"	212	189	23	205	184	20	196	191	203	176	27	204	165	39					189	189		1
"DE"	2010	"07-02"	115	91	21	112	84	23	107	93	109	77	32	106	74	32					97	97		2
"DE"	2010	"07-03"	298	270	22	301	274	20	293	280	294	269	25	289	254	35					290	240		3
"DE"	2010	"07-04"	750	559	166	746	537	194	679	588	715	444	271	706	406	300	581	581		1	731	519	212	4
"DE"	2010	"07-05"	458	334	108	457	345	104	415	372	450	331	119	443	316	127	230		230	12	384	384		5
"DE"	2010	"07-06"	959	616	317	956	589	354	821	657	935	436	499	926	413	513					962	412	538	6
"DE"	2010	"07-07"	697	460	207	691	479	200	617	528	679	407	272	669	387	282	687	329	350	5	695	470	209	7
"DE"	2010	"07-08"	869	304	524	865	348	486	692	435	853	322	531	842	274	568	861	504	357	14	847	416	431	8
"DE"	2010	"07-09"	1190	585	564	1173	590	557	969	713	1167	525	642	1159	474	685	1163	654	509	14	1190	576	614	9
"DE"	2010	"07-10"	1093	675	382	1096	642	441	952	751	1059	500	559	1062	465	597					1091	490	601	10
"DE"	2010	"07-11"	545	324	208	557	304	247	454	348	546	208	338	544	197	347					552	164	388	11
"DE"	2010	"07-12"	932	517	401	945	468	467	760	575	922	339	583	915	303	612					800		741	12
"DE"	2010	"07-13"	90	58	30	88	61	25	78	68	87	50	37	87	47	40	71	71		13	74	67		13
"DE"	2010	"07-14"	2211	989	1152	2211	965	1203	1757	1262	2168	905	1263	2152	902	1250					2198	1068	1130	14
"DE"	2010	"07-15"	1519	976	502	1515	982	510	1339	1102	1506	914	592	1498	890	608	875		875	12	1508	1012	484	15
"DE"	2010	"07-16"	466	349	100	463	347	108	420	389	447	327	120	453	332	121	387	387		13	385	385		16
"DE"	2010	"07-17"	511	351	144	506	373	119	470	414	494	348	146	492	329	163	432	432		13	435	435		17
"DE"	2010	"07-18"	488	290	182	487	296	178	439	346	487	278	209	484	275	209	484	342	142	9	494	251	237	18
"DE"	2010	"07-19"	653	397	241	648	410	215	573	461	640	347	293	631	367	264	638	426	212	8	643	441	202	19
"DE"	2010	"07-20"	781	479	280	781	445	321	679	533	759	341	418	756	326	430	769	456	313	8	769	278	491	20
"DE"	2010	"07-21"	724	401	304	723	404	301	600	478	707	311	396	692	298	394	712	437	275	8	550		550	21
"DE"	2010	"07-22"	584	365	196	581	348	221	502	395	576	285	291	568	263	305	578	366	212	8	585	179	406	22
"DE"	2010	"07-23"	746	517	206	739	502	218	660	547	717	462	255	711	420	291					733	533	200	23
"DE"	2010	"07-24"	317	216	90	310	207	89	292	241	310	215	95	303	196	107					314	206	108	24
"DE"	2010	"07-25"	617	372	219	619	365	240	532	425	605	308	297	598	307	291					612	361	251	25
"DE"	2010	"07-26"	1016	730	248	1012	730	257	940	807	994	679	315	993	635	358					902	879	23	26
"DE"	2010	"07-27"	890	475	389	886	474	387	750	563	873	419	454	865	380	485	623		623	12	882	538	344	27
"DE"	2010	"07-28"	131	49	77	128	52	70	92	73	129	47	82	127	43	84	129	57	72	15	124	76	48	28
"DE"	2010	"07-29"	968	368	567	967	376	578	685	500	965	295	670	965	281	684					959	322	637	29
"DE"	2010	"07-30"	1012	274	705	1006	305	674	667	437	999	223	776	983	254	729					841		841	30
"DE"	2010	"07-31"	490	367	106	474	368	92	441	403	479	350	129	474	314	160					481	380	101	31
"DE"	2010	"07-32"	58	18	37	59	25	33	39	30	56	22	34	58	22	36					59	29	29	32
"DE"	2010	"07-33"	504	296	197	503	291	200	422	350	491	269	222	495	260	235					506	320	186	33
"DE"	2010	"07-34"	1103	515	540	1091	505	557	863	651	1084	405	679	1082	405	677					1085	347	615	34
"DE"	2010	"07-35"	358	122	217	357	136	207	282	178	353	117	236	353	109	244	274		274	19	359	102	257	35
"DE"	2010	"07-36"	2037	794	1161	2031	784	1209	1595	1104	2002	758	1244	1992	760	1232					2007	955	1052	36
"DE"	2010	"07-37"	670	227	413	672	267	394	561	384	667	220	447	666	229	437					676	192	484	37
"DE"	2010	"07-38"	1599	526	1004	1579	546	987	1186	786	1544	533	1011	1537	540	997	1026	1026		20	1301		1301	38
"DE"	2010	"07-39"	657	239	397	654	249	393	507	339	643	252	391	636	264	372					496		496	39
"DE"	2010	"07-40"	1083	381	655	1073	429	617	837	575	1056	383	673	1053	401	652					861		861	40
"DE"	2010	"07-41"	1486	672	758	1464	673	746	1178	881	1442	653	789	1429	652	777	1019	1019		20	1474	850	624	41
"DE"	2010	"08-01"	113	86	23	111	81	27	99	83	110	75	35	110	78	32	90	90		1	87	87		1
"DE"	2010	"08-02"	177	165	7	171	163	5	172	163	167	162	5	167	162	5					150	150		2
"DE"	2010	"08-03"	397	326	58	391	342	43	384	360	380	315	65	378	320	58					374	308		3
"DE"	2010	"08-04"	17	14	3	17	14	3	17	15	17	12	5	16	12	4					17	14	3	4
"DE"	2010	"08-05"	421	299	113	414	300	105	379	334	410	283	127	404	275	129	336	336		13	342	342		5
"DE"	2010	"08-06"	1176	743	385	1164	743	395	1014	826	1137	604	533	1124	570	554	863	863		1	1157	531	604	6
"DE"	2010	"08-07"	638	394	222	639	372	255	539	429	618	327	291	606	292	314	628	275	346	5	638	371	253	7
"DE"	2010	"08-08"	641	305	309	646	343	286	542	395	633	302	331	625	292	333	640	440	200	14	635	376	259	8
"DE"	2010	"08-09"	811	399	375	809	405	377	681	491	793	341	452	781	335	446					811	372	439	9
"DE"	2010	"08-10"	666	396	253	680	368	301	549	412	659	249	410	652	248	404					669	321	348	10
"DE"	2010	"08-11"	730	438	260	732	416	299	608	460	718	323	395	702	304	398					721	243	478	11
"DE"	2010	"08-12"	551	310	229	557	288	258	462	365	543	209	334	533	194	339					471		427	12
"DE"	2010	"08-13"	300	220	69	297	226	59	270	231	288	220	68	284	208	76	292	241	51	7	267	254		13
"DE"	2010	"08-15"	1102	786	287	1092	781	297	986	853	1083	738	345	1080	718	362	554		554	12	1083	798	268	15
"DE"	2010	"08-16"	389	265	108	385	287	88	364	317	375	278	97	377	262	115					325	325		16
"DE"	2010	"08-17"	577	414	146	577	420	148	527	457	565	398	167	564	364	200	274		274	12	496	496		17
"DE"	2010	"08-18"	472	324	136	470	305	160	437	352	464	278	186	462	266	196					473	246	220	18
"DE"	2010	"08-19"	514	307	183	509	320	173	461	361	496	274	222	497	270	227	495	329	166	8	505	369	136	19
"DE"	2010	"08-20"	723	401	295	716	369	336	611	480	704	274	430	705	298	407	703	322	381	7	697	247	450	20
"DE"	2010	"08-21"	648	411	210	641	418	207	575	471	637	368	269	627	350	277	641	465	176	9	425		425	21
"DE"	2010	"08-22"	477	293	166	471	281	182	420	320	458	236	222	459	233	226	465	296	169	8	470	196	274	22
"DE"	2010	"08-23"	855	558	269	855	509	318	763	597	822	418	404	822	390	432					848	543	305	23
"DE"	2010	"08-24"	1041	717	301	1039	689	328	940	776	1026	636	390	1027	586	441					1031	716	315	24
"DE"	2010	"08-25"	404	255	130	399	234	152	360	281	395	221	174	392	204	188	394	269	125	9	406	298	108	25
"DE"	2010	"08-26"	358	267	84	354	275	71	328	293	354	264	90	348	254	94					320	309	11	26
"DE"	2010	"08-27"	1049	593	422	1048	586	439	884	671	1033	525	508	1026	509	517					1038	650	388	27
"DE"	2010	"08-28"	671	297	356	660	312	334	500	371	656	306	350	649	274	375	664	467	197	14	650	399	251	28
"DE"	2010	"08-30"	234	54	175	232	53	173	179	83	233	39	194	230	43	187					214		214	30
"DE"	2010	"08-32"	17	7	9	17	7	8	13	8	16	5	11	17	3	14					17	6	8	32
"DE"	2010	"08-33"	387	173	192	388	182	202	291	236	382	142	240	383	145	238					390	225	165	33
"DE"	2010	"08-34"	309	107	192	311	127	179	233	167	311	99	212	306	92	214					305	86	174	34
"DE"	2010	"08-36"	660	244	388	663	284	363	546	381	649	260	389	651	254	397	477		477	19	651	324	327	36
"DE"	2010	"08-37"	264	132	125	263	134	123	222	174	263	142	121	260	122	138	189		189	19	262	113	149	37
"DE"	2010	"08-38"	793	301	457	794	301	475	602	429	776	283	493	774	284	490	549	549		20	644		644	38
"DE"	2010	"08-41"	1414	574	795	1412	594	782	1075	753	1370	578	792	1363	572	791	891	891		20	1410	775	635	41
"DE"	2010	"09-01"	1056	1003	40	1045	999	39	1025	999	1029	954	75	1021	952	69					993	993		1
"DE"	2010	"09-02"	290	271	15	289	271	11	287	273	277	242	35	277	246	31					270	270		2
"DE"	2010	"09-03"	501	450	45	491	436	39	479	457	486	428	58	474	420	54					488	371		3
"DE"	2010	"09-04"	476	368	92	476	352	102	445	391	466	314	152	461	308	153	386	386		1	468	367	101	4
"DE"	2010	"09-05"	536	441	84	518	444	69	507	468	514	424	90	513	429	84	474	474		13	474	474		5
"DE"	2010	"09-06"	201	104	83	199	101	94	174	119	199	90	109	196	71	125	200	76	120	5	202	85	114	6
"DE"	2010	"09-07"	303	192	109	297	176	119	249	197	290	152	138	291	134	157					298	162	131	7
"DE"	2010	"09-08"	402	162	226	398	180	207	304	215	389	154	235	392	147	245	397	203	194	15	393	205	188	8
"DE"	2010	"09-09"	704	290	385	701	320	346	589	394	690	278	412	683	244	439	701	428	273	14	699	357	342	9
"DE"	2010	"09-10"	769	453	287	760	461	283	657	513	749	387	362	735	359	376	759	337	414	5	758	389	369	10
"DE"	2010	"09-11"	673	426	228	677	412	262	574	450	654	325	329	643	302	341					673	269	404	11
"DE"	2010	"09-12"	615	361	231	610	359	239	538	423	596	324	272	588	305	283	602	367	235	7	457		392	12
"DE"	2010	"09-13"	739	498	205	731	506	205	666	560	727	457	270	713	428	285	730	501	229	7	622	558		13
"DE"	2010	"09-15"	1388	729	604	1379	724	632	1199	874	1359	639	720	1344	594	750	967		967	12	1370	732	619	15
"DE"	2010	"09-16"	711	606	94	695	608	83	679	638	682	581	101	683	566	117	639	639		13	643	643		16
"DE"	2010	"09-17"	595	372	200	594	390	198	516	431	582	335	247	579	312	267	380		380	12	498	498		17
"DE"	2010	"09-18"	514	324	177	505	325	176	448	373	501	284	217	496	285	211	413	413		13	514	249	257	18
"DE"	2010	"09-19"	188	126	55	184	124	53	168	139	186	125	61	185	117	68	188	137	51	9	184	138	46	19
"DE"	2010	"09-20"	891	439	417	892	410	463	724	514	874	305	569	876	307	569	881	381	500	7	883	264	619	20
"DE"	2010	"09-21"	727	467	237	731	465	242	657	521	718	405	313	707	386	321	720	541	179	9	508		508	21
"DE"	2010	"09-22"	859	506	322	851	464	375	713	535	842	356	486	830	323	507	849	480	369	8	855	264	591	22
"DE"	2010	"09-23"	928	579	328	934	544	379	797	622	904	417	487	900	377	523					931	615	316	23
"DE"	2010	"09-24"	630	386	223	627	375	238	550	444	615	344	271	613	326	287					620	395	225	24
"DE"	2010	"09-25"	275	166	94	269	161	95	232	186	266	152	114	260	136	124					270	172	98	25
"DE"	2010	"09-26"	642	503	121	632	509	107	602	543	621	503	118	613	482	131					593	575	18	26
"DE"	2010	"09-27"	747	491	228	714	436	263	670	543	727	419	308	722	397	325					735	485	250	27
"DE"	2010	"09-28"	40	19	21	40	20	20	25	25	39	17	22	39	19	20	40	19	21	15	40	22	18	28
"DE"	2010	"09-32"	620	323	274	619	299	306	465	362	620	237	383	601	224	377					612	269	298	32
"DE"	2010	"09-33"	847	286	527	854	288	544	684	455	843	209	634	837	214	623					854	409	445	33
"DE"	2010	"09-34"	164	52	105	163	53	105	120	80	166	38	128	163	38	125					160	35	105	34
"DE"	2010	"09-41"	288	110	162	283	116	160	227	155	273	113	160	273	118	155					283	180	103	41
"DE"	2010	"10-01"	438	358	71	439	361	70	411	368	432	345	87	431	343	88					389	389		1
"DE"	2010	"10-02"	676	497	160	676	513	147	625	542	657	436	221	657	446	211					555	555		2
"DE"	2010	"10-03"	428	414	11	418	405	8	418	414	404	390	14	403	386	17					408	335		3
"DE"	2010	"10-04"	535	420	97	540	424	103	512	448	530	367	163	523	364	159	449	449		1	527	411	116	4
"DE"	2010	"10-05"	564	491	64	558	490	63	535	493	552	465	87	543	463	80	513	513		13	518	518		5
"DE"	2010	"10-06"	800	542	239	794	534	247	707	608	789	493	296	784	473	311	609	609		1	794	476	310	6
"DE"	2010	"10-07"	618	386	214	612	367	233	520	433	605	285	320	595	264	331	609	218	385	5	615	309	299	7
"DE"	2010	"10-08"	459	256	170	449	271	154	397	332	448	245	203	440	213	227	455	352	103	14	451	333	118	8
"DE"	2010	"10-09"	1009	468	497	1007	491	505	849	615	999	398	601	987	398	589					1012	441	571	9
"DE"	2010	"10-10"	501	370	121	493	384	102	452	410	474	357	117	475	360	115	495	304	176	5	477	361	116	10
"DE"	2010	"10-11"	957	558	380	956	521	427	790	605	927	364	563	916	308	608					948	191	757	11
"DE"	2010	"10-12"	813	461	324	824	422	389	664	501	811	333	478	798	315	483					672		604	12
"DE"	2010	"10-13"	580	402	151	581	411	149	528	450	557	370	187	552	372	180	564	422	142	7	507	461		13
"DE"	2010	"10-16"	262	198	57	252	196	50	239	210	245	189	56	247	180	67	223	223		13	221	221		16
"DE"	2010	"10-17"	501	354	135	493	349	131	463	394	486	342	144	486	328	158	419	419		13	422	422		17
"DE"	2010	"10-18"	481	340	122	473	336	126	432	378	463	286	177	456	280	176	463	325	138	9	477	292	180	18
"DE"	2010	"10-19"	223	133	80	217	117	89	206	160	222	103	119	221	99	122	218	116	102	7	220	143	77	19
"DE"	2010	"10-20"	543	310	204	543	322	212	457	359	531	259	272	531	251	280	532	337	195	8	529	229	300	20
"DE"	2010	"10-21"	277	174	96	276	162	109	236	182	269	145	124	266	135	131	273	171	102	8	183		183	21
"DE"	2010	"10-22"	632	319	290	626	296	320	518	383	619	227	392	612	227	385					625	206	419	22
"DE"	2010	"10-23"	447	246	187	441	232	199	375	279	436	192	244	425	164	261					434	300	134	23
"DE"	2010	"10-27"	707	373	294	705	353	334	622	451	686	300	386	679	273	406					700	391	309	27
"DE"	2010	"10-28"	49	35	10	49	36	12	45	38	45	33	12	48	33	15					47	37	10	28
"DE"	2010	"10-32"	77	14	54	78	27	48	54	31	75	10	65	74	10	64					76	30	42	32
"DE"	2010	"10-33"	288	67	213	288	76	203	226	130	286	72	214	286	71	215					285	115	170	33
"DE"	2010	"10-34"	586	170	379	575	195	362	450	291	574	158	416	574	144	430	577	216	361	15	571	122	415	34
"DE"	2010	"11-01"	615	551	52	610	550	49	595	566	591	511	80	594	497	97	556	556		1	558	558		1
"DE"	2010	"11-02"	712	689	11	688	676	5	695	686	680	661	19	677	660	17					657	657		2
"DE"	2010	"11-03"	251	248	2	246	244	0	244	242	240	234	6	239	229	10					246	201		3
"DE"	2010	"11-04"	888	477	386	906	433	461	724	545	875	303	572	861	266	595					896	346	550	4
"DE"	2010	"11-05"	460	359	91	449	350	89	429	385	448	344	104	444	333	111	388	388		13	399	399		5
"DE"	2010	"11-06"	472	341	114	462	357	96	436	376	462	320	142	459	318	141	461	280	174	5	464	291	168	6
"DE"	2010	"11-07"	628	359	251	630	338	278	507	390	623	272	351	610	239	371	623	212	406	5	630	306	316	7
"DE"	2010	"11-08"	11	3	6	11	4	5	9	6	10	3	7	9	3	6	10	5	5	15	10	4	6	8
"DE"	2010	"11-10"	804	593	186	796	613	167	732	658	789	561	228	775	558	217	790	496	284	5	785	584	201	10
"DE"	2010	"11-11"	574	364	191	578	352	218	492	397	559	292	267	551	258	293					566	248	318	11
"DE"	2010	"11-12"	894	431	441	902	405	487	677	497	879	281	598	877	270	607					759		684	12
"DE"	2010	"11-13"	698	556	127	692	558	123	661	597	683	537	146	674	520	154					631	602		13
"DE"	2010	"11-16"	776	627	129	770	643	112	740	674	751	620	131	750	612	138					695	695		16
"DE"	2010	"11-17"	476	296	160	474	316	143	431	344	464	299	165	466	300	166	387	387		13	393	393		17
"DE"	2010	"11-18"	375	262	98	373	265	99	342	272	368	241	127	365	240	125	282	282		13	373	231	138	18
"DE"	2010	"11-19"	900	613	256	871	603	249	808	689	866	557	309	855	533	322	873	631	242	7	876	654	222	19
"DE"	2010	"11-20"	505	289	196	504	273	229	429	322	492	209	283	487	205	282	483	280	203	8	500	145	355	20
"DE"	2010	"11-21"	676	375	279	670	373	279	571	437	661	317	344	655	316	339	663	432	231	9	461		461	21
"DE"	2010	"11-22"	754	476	245	753	457	284	667	527	738	353	385	732	342	390	743	466	277	8	743	281	462	22
"DE"	2010	"11-28"	568	366	191	563	379	166	490	436	554	354	200	550	346	204					545	397	148	28
"DE"	2010	"12-02"	364	345	12	348	340	6	355	351	346	333	13	344	332	12					341	341		2
"DE"	2010	"12-03"	35	32	1	34	31	2	33	31	33	30	3	33	29	4	29	29		1	32	25		3
"DE"	2010	"12-04"	140	110	27	139	105	30	130	121	131	86	45	133	92	41	111	111		1	134	99	35	4
"DE"	2010	"12-06"	187	132	53	189	129	55	164	132	186	118	68	185	110	75					184	120	62	6
"DE"	2010	"12-07"	880	521	325	884	466	406	733	551	876	371	505	865	347	518	877	291	585	5	887	415	459	7
"DE"	2010	"12-08"	110	54	53	110	60	48	93	72	110	47	63	112	44	68	109	55	54	15	108	73	35	8
"DE"	2010	"12-10"	141	78	61	143	68	74	113	83	141	60	81	139	48	91	140	49	89	5	142	57	85	10
"DE"	2010	"12-11"	379	236	133	373	238	131	322	267	362	211	151	368	197	171	267	267		1	367	186	181	11
"DE"	2010	"12-12"	1101	665	400	1099	654	423	902	725	1072	506	566	1064	509	555	1075	627	448	7	832		743	12
"DE"	2010	"12-13"	413	264	138	402	264	129	360	303	397	229	168	398	238	160					335	309		13
"DE"	2010	"12-17"	472	316	135	471	328	130	433	360	462	308	154	461	303	158	409	409		13	410	410		17
"DE"	2010	"12-20"	1079	587	453	1080	535	518	911	670	1056	400	656	1042	408	634					1066	400	666	20
"DE"	2010	"12-21"	193	94	95	192	77	109	155	109	185	70	115	187	66	121	189	86	103	8	152		152	21
"DE"	2010	"12-22"	507	315	171	499	294	186	439	354	482	247	235	481	258	223	491	304	187	8	498	184	314	22
"DE"	2010	"12-28"	203	135	61	201	132	64	176	151	199	122	77	192	118	74					195	130	65	28
"DE"	2010	"13-02"	354	341	12	345	337	6	345	340	341	329	12	331	316	15					312	312		2
"DE"	2010	"13-04"	334	233	93	337	239	87	315	266	330	205	125	325	200	125					326	250	76	4
"DE"	2010	"13-07"	847	528	295	858	493	351	711	547	839	389	450	827	333	494	840	295	539	5	849	437	400	7
"DE"	2010	"13-11"	510	306	175	512	320	179	433	350	499	251	248	498	258	240	369	369		1	494	208	286	11
"DE"	2010	"13-20"	889	519	338	896	487	393	774	584	872	395	477	867	394	473					879	358	521	20
"DE"	2010	"13-21"	252	142	101	250	142	98	207	163	246	114	132	240	121	119	244	150	94	9	160		160	21
"DE"	2010	"13-22"	70	47	21	69	42	27	64	48	68	32	36	69	29	40					69	21	48	22
"DE"	2010	"13-28"	137	67	65	137	70	61	110	86	132	62	70	136	59	77	136	88	48	14	136	80	56	28
"DE"	2010	"14-02"	24	24	0	24	24	0	24	24	24	24	0	24	23	1					24	24		2
"DE"	2010	"14-04"	193	129	57	196	118	73	164	134	184	79	105	181	60	121					192	89	103	4
"DE"	2010	"14-07"	66	41	25	64	38	26	55	42	62	32	30	62	30	32					63	37	26	7
"DE"	2010	"14-11"	561	385	160	552	401	133	499	428	540	356	184	544	352	192	551	305	232	5	547	322	225	11
"DE"	2010	"14-21"	135	70	61	137	69	63	110	82	134	61	73	135	61	74	135	91	44	9	110		110	21
"DE"	2010	"14-22"	267	158	97	269	152	112	221	156	257	118	139	257	107	150					262	89	173	22
"DE"	2010	"14-28"	861	470	367	852	469	356	683	556	845	426	419	835	406	429	841	571	270	14	826	513	313	28
"DE"	2010	"15-04"	39	32	5	40	33	5	36	31	37	32	5	38	30	8					37	33	4	4
"DE"	2010	"16-02"	317	269	43	304	269	31	295	281	295	258	37	297	257	40					281	281		2
"DE"	2010	"16-04"	157	60	93	172	54	117	93	65	171	47	124	167	31	136					172	43	129	4
"DE"	2010	"16-31"	13	10	2	13	12	1																
"DE"	2010	"16-41"	22	20	2	22	19	2																
"DE"	2010	"17-02"	192	159	31	190	153	35																
"DE"	2010	"17-04"	118	85	31	118	88	25	111	92	118	70	48	113	64	49	119	86	33	7	120	93	27	4
"DE"	2010	"18-04"	42	29	9	40	28	9	38	33	41	27	14	41	29	12					41	31	10	4
"DE"	2010	"19-04"	20	17	2	19	18	1	18	18	19	17	2	19	17	2					19	17	2	4
