state	year	precinct	g2006_USS_tv	g2006_USS_dv	g2006_USS_rv	g2006_USH_tv	g2006_USH_dv	g2006_USH_rv	g2006_ATG_tv	g2006_ATG_dv	g2006_ATG_rv	g2006_TRE_tv	g2006_TRE_dv	g2006_TRE_rv	g2006_AUD_tv	g2006_AUD_dv	g2006_AUD_rv	g2006_STS_tv	g2006_STS_dv	g2006_STS_rv	sd	g2006_STH_tv	g2006_STH_dv	g2006_STH_rv	ld
"DE"	2006	"01-01"	734	661	65	728	446	253	726	548	178	717	624	93	688	506	182	727	440	265	1	649	649		1
"DE"	2006	"01-02"	13	10	2	12	9	2	12	9	3	12	10	2	11	9	2					12	12		2
"DE"	2006	"01-03"	348	322	22	346	263	71	347	304	43	339	304	35	322	276	46					324	324		3
"DE"	2006	"01-04"	843	580	255	850	260	559	853	359	494	824	672	152	801	339	462	817	485	300	1	849	329	520	4
"DE"	2006	"01-05"	540	426	111	538	303	216	539	377	162	528	406	122	532	352	180					461	461		5
"DE"	2006	"01-06"	492	331	151	498	178	283	501	243	258	493	338	155	489	233	256	497	299	171	1	501	262	216	6
"DE"	2006	"01-07"	491	341	144	493	151	328	501	227	274	485	336	149	479	196	283					490	175	315	7
"DE"	2006	"01-08"	723	430	284	733	191	517	731	270	461	715	428	287	713	235	478					731	509	222	8
"DE"	2006	"01-09"	367	272	92	372	157	206	372	208	164	367	274	93	363	204	159	367	227	121	14	370	194	176	9
"DE"	2006	"01-10"	713	497	197	722	287	408	729	376	353	698	481	217	688	344	344					730	299	431	10
"DE"	2006	"01-11"	367	239	123	376	109	247	378	135	243	365	248	117	361	123	238	375	101	274	5	374	137	237	11
"DE"	2006	"01-12"	546	423	118	559	249	289	563	327	236	541	410	131	542	308	234	558	452	106	7	543	273	270	12
"DE"	2006	"01-13"	654	499	151	673	266	382	669	391	278	655	500	155	654	355	299	665	506	159	7	669	373	296	13
"DE"	2006	"01-14"	1501	975	510	1688	654	975	1692	833	859	1670	1074	596	1633	709	924					1687	1153	517	14
"DE"	2006	"01-15"	1039	884	144	1041	662	340	1045	794	251	1023	852	171	1021	756	265	521		521	12	1044	821	223	15
"DE"	2006	"01-16"	258	206	48	255	157	90	256	199	57	255	217	38	252	182	70	230	230		13	230	230		16
"DE"	2006	"01-17"	58	46	11	56	33	22	57	45	12	56	47	9	55	42	13					58	47	11	17
"DE"	2006	"01-18"	577	431	140	569	251	294	576	328	248	562	426	136	559	310	249	484	484		9	577	213	364	18
"DE"	2006	"01-19"	811	629	179	806	414	359	826	472	354	802	651	151	794	451	343	699	699		9	696	696		19
"DE"	2006	"01-20"	655	395	254	669	160	475	670	224	446	653	435	218	650	218	432	651	404	247	7	663	261	402	20
"DE"	2006	"01-21"	789	548	232	801	275	501	802	379	423	775	560	215	763	343	420	794	448	346	8	582		582	21
"DE"	2006	"01-22"	333	216	116	340	78	253	342	139	203	332	235	97	332	104	228					278		258	22
"DE"	2006	"01-23"	191	151	34	194	108	65	197	139	58	192	158	34	191	133	58					158	158		23
"DE"	2006	"01-24"	235	174	59	237	95	134	238	134	104	233	170	63	229	132	97					166		166	24
"DE"	2006	"01-25"	365	295	62	374	197	144	375	254	121	370	314	56	359	231	128					379	246	133	25
"DE"	2006	"01-26"	307	252	52	305	159	137	311	208	103	302	232	70	303	193	110					273	273		26
"DE"	2006	"01-27"	587	439	145	599	277	303	588	339	249	597	432	165	590	323	267					605	329	276	27
"DE"	2006	"01-28"	294	221	70	285	136	129	297	188	109	285	214	71	284	154	130	299	211	68	14	273	273		28
"DE"	2006	"01-29"	1539	985	534	1553	553	937	1567	768	799	1526	1048	478	1534	567	967	1229	1229		15	1171		1171	29
"DE"	2006	"01-30"	1142	692	432	1174	370	739	1171	573	598	1155	740	415	1151	367	784	899	899		15	1179	475	704	30
"DE"	2006	"01-31"	188	114	73	188	53	131	191	86	105	188	123	65	185	58	127	146	146		15	191	59	132	31
"DE"	2006	"01-32"	730	496	225	751	284	428	759	407	352	745	498	247	753	318	435					525		525	32
"DE"	2006	"01-33"	143	95	45	144	50	86	146	79	67	144	94	50	146	53	93	118	118		15	148	71	77	33
"DE"	2006	"01-34"	61	24	37	64	11	51	63	17	46	63	34	29	63	13	50					64	16	48	34
"DE"	2006	"01-35"	891	507	374	1121	292	761	1129	457	672	1101	570	531	1103	285	818	982	763	219	19	942		942	35
"DE"	2006	"01-36"	797	483	298	882	223	614	879	377	502	870	568	302	867	225	642					865	324	541	36
"DE"	2006	"01-37"	1332	839	477	1426	469	897	1433	646	787	1400	905	495	1388	559	829					941		941	37
"DE"	2006	"01-38"	1114	659	437	1390	384	950	1395	564	831	1333	729	604	1348	438	910	1027	1027		20	1415	365	1050	38
"DE"	2006	"01-39"	351	188	163	388	86	292	383	143	240	382	214	168	385	95	290	299	237	62	19	384	105	279	39
"DE"	2006	"01-40"	667	468	194	831	222	576	832	380	452	821	492	329	819	244	575					661		661	40
"DE"	2006	"01-41"	707	453	246	876	190	659	890	370	520	869	507	362	858	212	646					881	212	655	41
"DE"	2006	"02-01"	545	507	35	536	375	139	540	463	77	532	494	38	505	435	70	542	389	143	1	516	516		1
"DE"	2006	"02-02"	527	514	12	498	393	96	528	483	45	508	470	38	483	426	57					506	506		2
"DE"	2006	"02-03"	588	499	84	593	309	261	597	394	203	580	517	63	574	384	190					558	558		3
"DE"	2006	"02-04"	395	223	170	395	102	286	398	134	264	387	256	131	387	129	258					396	146	250	4
"DE"	2006	"02-05"	313	259	51	313	184	114	311	236	75	304	256	48	300	228	72					275	275		5
"DE"	2006	"02-06"	903	678	218	916	343	524	924	489	435	913	704	209	888	457	431	911	551	297	1	910	592	295	6
"DE"	2006	"02-07"	710	471	231	717	229	464	731	303	428	700	454	246	693	279	414	720	291	429	5	722	267	455	7
"DE"	2006	"02-08"	1266	876	381	1273	543	700	1270	682	588	1238	886	352	1222	612	610	1257	690	472	14	1271	972	299	8
"DE"	2006	"02-09"	1014	670	333	1035	393	611	1032	490	542	1012	673	339	1000	428	572					1036	429	607	9
"DE"	2006	"02-10"	773	552	214	789	307	452	790	382	408	776	559	217	762	354	408					781	334	447	10
"DE"	2006	"02-11"	401	291	104	408	160	230	409	214	195	408	310	98	401	204	197	408	206	202	5	407	197	210	11
"DE"	2006	"02-12"	125	91	27	123	53	62	127	73	54	123	104	19	119	63	56	125	87	38	8	120	58	62	12
"DE"	2006	"02-13"	46	34	11	45	22	21	46	31	15	44	35	9	43	29	14					45	28	17	13
"DE"	2006	"02-14"	1024	755	256	1127	476	606	1131	635	496	1114	750	364	1087	543	544					1123	845	266	14
"DE"	2006	"02-15"	581	488	89	578	340	219	584	427	157	563	458	105	563	394	169	301		301	12	578	498	80	15
"DE"	2006	"02-16"	376	359	16	365	289	66	376	339	37	362	333	29	361	324	37					355	355		16
"DE"	2006	"02-17"	179	145	28	180	103	71	183	128	55	175	146	29	170	113	57	143	143		13	183	156	27	17
"DE"	2006	"02-18"	227	168	55	226	90	122	234	131	103	225	169	56	224	119	105	184	184		9	235	94	141	18
"DE"	2006	"02-19"	526	397	127	535	243	278	532	309	223	524	416	108	512	304	208	462	462		9	467	467		19
"DE"	2006	"02-20"	547	385	156	550	165	354	555	262	293	541	410	131	532	229	303	550	327	223	8	543	255	288	20
"DE"	2006	"02-21"	398	294	104	398	156	229	398	208	190	392	301	91	387	197	190	325	325		9	293		293	21
"DE"	2006	"02-22"	490	333	152	494	134	340	494	199	295	492	345	147	484	193	291					407		368	22
"DE"	2006	"02-23"	728	519	199	747	247	456	740	340	400	736	531	205	718	330	388					595	595		23
"DE"	2006	"02-24"	599	483	108	597	297	275	603	396	207	586	450	136	581	349	232					376		376	24
"DE"	2006	"02-25"	711	526	176	715	312	374	719	396	323	697	522	175	689	374	315					723	373	350	25
"DE"	2006	"02-26"	471	379	86	478	269	185	482	342	140	468	375	93	468	325	143					427	427		26
"DE"	2006	"02-27"	401	295	104	403	178	209	405	241	164	401	286	115	398	216	182					405	228	177	27
"DE"	2006	"02-28"	1138	768	356	1128	433	635	1153	611	542	1118	802	316	1116	436	680	1148	680	364	14	984	984		28
"DE"	2006	"02-29"	1442	946	481	1460	565	835	1470	753	717	1456	932	524	1447	605	842	1136	1136		15	1046		1046	29
"DE"	2006	"02-30"	206	117	87	209	57	139	213	87	126	209	121	88	215	56	159	155	155		15	214	79	135	30
"DE"	2006	"02-31"	1025	729	294	1051	349	651	1060	552	508	1041	714	327	1038	391	647					1064	532	532	31
"DE"	2006	"02-32"	748	493	244	764	245	477	772	373	399	760	536	224	759	251	508					561		561	32
"DE"	2006	"02-33"	974	560	407	981	315	634	993	448	545	973	624	349	982	334	648					987	473	514	33
"DE"	2006	"02-34"	103	57	44	104	19	75	107	37	70	105	60	45	107	25	82					105	41	64	34
"DE"	2006	"02-35"	1389	911	464	1619	511	1036	1637	824	813	1605	985	620	1567	534	1033	1419	1148	271	19	1268		1268	35
"DE"	2006	"02-36"	1175	692	474	1297	410	836	1304	568	736	1289	840	449	1280	405	875					1295	525	770	36
"DE"	2006	"02-37"	1330	859	458	1507	479	954	1521	696	825	1517	985	532	1491	557	934					1085		1085	37
"DE"	2006	"02-38"	1003	615	377	1118	408	670	1118	532	586	1090	633	457	1069	425	644	821	821		20	1133	352	781	38
"DE"	2006	"02-39"	809	529	276	896	224	648	892	438	454	888	544	344	879	275	604					892	272	620	39
"DE"	2006	"02-40"	810	519	285	1116	286	800	1127	465	662	1114	612	502	1111	285	826					927		927	40
"DE"	2006	"02-41"	514	358	154	664	179	460	664	324	340	657	430	227	651	202	449	523	523		20	675	199	462	41
"DE"	2006	"03-01"	414	391	19	401	307	84	415	382	33	400	375	25	384	349	35	410	324	81	1	404	404		1
"DE"	2006	"03-02"	107	101	6	106	83	17	103	91	12	107	96	11	103	89	14					101	101		2
"DE"	2006	"03-03"	112	94	18	110	59	47	114	81	33	108	94	14	108	80	28	111	85	25	1	94	94		3
"DE"	2006	"03-04"	1031	709	314	1043	328	678	1048	442	606	1017	790	227	992	406	586	1018	568	382	1	1043	508	535	4
"DE"	2006	"03-05"	181	150	30	183	108	68	181	137	44	178	142	36	179	126	53	160	160		13	162	162		5
"DE"	2006	"03-06"	510	405	90	512	260	218	515	324	191	510	411	99	497	309	188	510	347	109	1	515	341	144	6
"DE"	2006	"03-07"	811	550	247	821	268	506	822	379	443	801	562	239	794	330	464	817	364	453	5	827	335	492	7
"DE"	2006	"03-08"	695	478	211	692	298	369	700	404	296	685	443	242	675	348	327	687	380	242	14	695	509	186	8
"DE"	2006	"03-09"	1287	885	392	1296	519	728	1298	685	613	1277	877	400	1268	618	650	1277	658	524	14	1286	621	665	9
"DE"	2006	"03-10"	750	503	241	762	286	443	770	356	414	743	501	242	730	322	408	754	316	438	5	766	264	502	10
"DE"	2006	"03-11"	793	553	230	799	275	487	806	363	443	773	549	224	766	330	436					792	325	467	11
"DE"	2006	"03-12"	610	477	128	613	323	269	620	402	218	613	488	125	608	372	236	619	506	113	7	610	359	251	12
"DE"	2006	"03-13"	145	123	20	139	85	52	143	106	37	138	121	17	142	104	38					141	105	36	13
"DE"	2006	"03-14"	1028	686	331	1079	389	660	1077	530	547	1044	680	364	1027	444	583	802	802		20	1079	795	267	14
"DE"	2006	"03-15"	580	428	144	585	299	271	593	358	235	585	419	166	581	345	236	330		330	12	591	432	159	15
"DE"	2006	"03-16"	562	539	19	542	416	114	554	512	42	530	488	42	525	473	52	520	520		13	528	528		16
"DE"	2006	"03-17"	502	406	89	518	278	219	517	343	174	500	404	96	503	306	197	312		312	12	522	447	75	17
"DE"	2006	"03-18"	485	364	112	476	245	207	484	325	159	471	330	141	467	290	177	405	405		9	486	273	213	18
"DE"	2006	"03-19"	597	424	167	602	206	370	609	302	307	587	446	141	576	273	303	609	353	256	8	510	510		19
"DE"	2006	"03-20"	611	436	167	608	237	352	621	312	309	594	450	144	602	301	301	618	357	261	8	606	318	288	20
"DE"	2006	"03-21"	582	396	182	593	212	341	603	293	310	583	411	172	567	253	314	454	454		9	461		461	21
"DE"	2006	"03-22"	356	219	131	358	81	262	354	124	230	346	233	113	341	113	228					304		275	22
"DE"	2006	"03-23"	784	577	199	802	302	472	799	415	384	779	593	186	772	385	387					664	664		23
"DE"	2006	"03-24"	301	235	63	305	152	137	306	202	104	295	226	69	296	184	112	257	257		9	183		183	24
"DE"	2006	"03-25"	596	466	125	594	301	276	595	386	209	585	447	138	575	342	233					600	341	259	25
"DE"	2006	"03-26"	317	243	70	322	159	147	314	198	116	319	256	63	319	198	121					268	268		26
"DE"	2006	"03-27"	471	350	116	472	214	240	467	279	188	461	339	122	463	248	215					473	261	212	27
"DE"	2006	"03-28"	88	72	14	84	30	48	86	56	30	81	66	15	83	37	46	73	73		15	77	77		28
"DE"	2006	"03-29"	717	440	266	756	237	472	762	342	420	730	468	262	730	244	486	554	554		15	574		574	29
"DE"	2006	"03-30"	875	490	377	934	261	642	949	369	580	930	578	352	933	231	702	677	677		15	952	309	643	30
"DE"	2006	"03-31"	1377	904	463	1392	384	957	1411	622	789	1389	932	457	1376	424	952					1413	572	841	31
"DE"	2006	"03-32"	921	574	341	936	280	607	956	426	530	940	616	324	935	290	645					722		722	32
"DE"	2006	"03-33"	720	414	298	738	231	482	736	339	397	722	485	237	713	217	496					733	310	423	33
"DE"	2006	"03-34"	894	574	309	915	287	585	918	444	474	900	588	312	903	280	623	709	709		15	923	468	455	34
"DE"	2006	"03-35"	245	145	95	278	81	180	282	135	147	273	156	117	273	77	196	243	191	52	19	227		227	35
"DE"	2006	"03-36"	690	489	197	813	250	536	820	415	405	801	496	305	793	270	523					819	261	558	36
"DE"	2006	"03-37"	669	428	232	857	265	547	867	400	467	861	484	377	845	274	571					653		653	37
"DE"	2006	"03-38"	1568	905	648	1748	597	1086	1762	794	968	1710	944	766	1685	666	1019	1271	1271		20	1772	477	1295	38
"DE"	2006	"03-39"	626	391	231	748	194	530	752	312	440	738	395	343	736	204	532	591	448	143	19	742	212	530	39
"DE"	2006	"03-40"	515	396	116	556	210	319	561	363	198	549	365	184	548	247	301					393		393	40
"DE"	2006	"03-41"	433	309	121	498	157	324	502	275	227	488	289	199	490	188	302	413	413		20	492	196	288	41
"DE"	2006	"04-01"	554	523	30	532	405	110	553	493	60	528	491	37	513	441	72					528	528		1
"DE"	2006	"04-02"	18	12	6	18	4	14	18	6	12	17	13	4	17	4	13					13	13		2
"DE"	2006	"04-03"	153	142	9	145	118	23	146	133	13	143	130	13	141	124	17					139	139		3
"DE"	2006	"04-04"	699	525	167	700	302	372	708	393	315	682	532	150	660	377	283					706	463	243	4
"DE"	2006	"04-05"	278	233	42	280	184	90	277	213	64	279	232	47	276	196	80	137		137	12	263	263		5
"DE"	2006	"04-06"	709	524	170	711	271	405	715	370	345	690	506	184	676	332	344	698	440	213	1	712	433	241	6
"DE"	2006	"04-07"	384	271	108	383	163	206	382	218	164	372	263	109	371	187	184	377	206	171	5	379	225	154	7
"DE"	2006	"04-08"	699	553	141	693	403	262	700	495	205	693	544	149	679	465	214	702	495	162	14	697	572	125	8
"DE"	2006	"04-09"	504	387	110	494	179	288	511	302	209	486	357	129	488	244	244	498	329	134	14	500	271	229	9
"DE"	2006	"04-10"	434	362	66	439	262	163	440	312	128	434	342	92	429	296	133	437	295	142	5	441	281	160	10
"DE"	2006	"04-11"	675	481	188	645	234	389	657	313	344	633	464	169	628	284	344					654	272	382	11
"DE"	2006	"04-12"	538	312	222	538	111	405	533	182	351	526	359	167	517	143	374					528	113	415	12
"DE"	2006	"04-13"	423	315	100	434	192	230	436	247	189	423	337	86	415	230	185	428	318	110	7	421	235	186	13
"DE"	2006	"04-14"	1362	873	477	1510	553	915	1515	708	807	1491	950	541	1479	634	845					1510	1126	372	14
"DE"	2006	"04-15"	489	350	133	498	211	269	500	279	221	488	350	138	488	246	242	344		344	12	498	372	126	15
"DE"	2006	"04-16"	325	256	65	320	174	128	321	219	102	316	254	62	315	213	102	284	284		13	282	282		16
"DE"	2006	"04-17"	936	688	238	939	347	546	942	508	434	916	723	193	908	450	458	619		619	12	925	740	185	17
"DE"	2006	"04-18"	721	559	153	728	359	355	732	483	249	719	557	162	701	424	277	612	612		13	729	327	402	18
"DE"	2006	"04-19"	536	406	127	537	239	280	546	316	230	539	419	120	526	295	231	546	354	192	8	472	472		19
"DE"	2006	"04-20"	599	402	190	600	166	408	599	244	355	586	403	183	578	219	359	601	341	260	8	601	230	371	20
"DE"	2006	"04-21"	455	308	142	456	135	303	455	212	243	443	305	138	440	182	258	456	232	224	8	366		366	21
"DE"	2006	"04-22"	825	569	250	841	213	612	831	327	504	815	551	264	798	276	522	843	436	407	8	672		614	22
"DE"	2006	"04-23"	824	606	207	836	321	458	833	431	402	823	656	167	808	418	390					708	708		23
"DE"	2006	"04-24"	602	444	151	610	272	321	606	342	264	599	444	155	592	332	260					427		427	24
"DE"	2006	"04-25"	476	356	110	485	238	215	483	296	187	470	358	112	470	283	187					490	296	194	25
"DE"	2006	"04-26"	557	413	138	556	288	249	566	343	223	559	404	155	558	334	224					497	497		26
"DE"	2006	"04-27"	374	270	101	377	154	207	374	194	180	367	254	113	364	191	173					377	209	168	27
"DE"	2006	"04-28"	7	6	1	7	0	7	7	2	5	7	5	2	7	0	7	7	7		15	7	7		28
"DE"	2006	"04-29"	200	133	66	202	74	116	204	115	89	196	135	61	201	74	127	158	158		15	150		150	29
"DE"	2006	"04-30"	359	227	126	372	110	243	377	179	198	363	242	121	367	103	264					382	153	229	30
"DE"	2006	"04-31"	681	461	217	700	245	430	705	375	330	682	467	215	687	245	442					704	302	402	31
"DE"	2006	"04-32"	263	174	83	267	100	153	268	143	125	265	179	86	266	106	160					188		188	32
"DE"	2006	"04-33"	1067	629	434	1091	341	695	1117	520	597	1086	703	383	1079	325	754					1111	565	546	33
"DE"	2006	"04-34"	1772	1130	621	1829	614	1123	1855	891	964	1801	1175	626	1806	592	1214					1851	820	1031	34
"DE"	2006	"04-35"	732	528	197	865	280	541	876	460	416	843	518	325	841	299	542	752	606	146	19	642		642	35
"DE"	2006	"04-36"	819	514	291	931	271	609	932	446	486	917	559	358	914	303	611	784	596	188	19	922	336	586	36
"DE"	2006	"04-37"	194	114	78	249	69	167	251	106	145	249	139	110	248	76	172	206	152	54	19	195		195	37
"DE"	2006	"04-38"	1178	707	464	1286	404	842	1285	525	760	1244	688	556	1216	451	765	896	896		20	1292	324	968	38
"DE"	2006	"04-39"	708	470	234	750	237	490	755	392	363	738	451	287	730	247	483					760	269	491	39
"DE"	2006	"04-40"	705	467	230	823	228	561	830	396	434	808	475	333	806	253	553					666		666	40
"DE"	2006	"04-41"	631	416	211	735	200	518	749	346	403	728	432	296	714	222	492	553	553		20	735	228	499	41
"DE"	2006	"05-01"	708	596	98	713	374	295	719	492	227	707	618	89	684	461	223	722	526	152	1	605	605		1
"DE"	2006	"05-02"	327	286	39	324	219	97	323	251	72	318	274	44	314	244	70					272	272		2
"DE"	2006	"05-03"	302	275	22	293	213	70	302	256	46	293	264	29	285	238	47					283	283		3
"DE"	2006	"05-04"	293	256	34	285	184	89	296	230	66	290	249	41	283	228	55					289	240	49	4
"DE"	2006	"05-05"	427	375	48	422	279	125	430	338	92	421	367	54	419	322	97	234		234	12	399	399		5
"DE"	2006	"05-06"	433	360	72	433	236	180	435	281	154	422	339	83	416	275	141					434	322	103	6
"DE"	2006	"05-07"	516	442	69	527	253	227	528	350	178	509	436	73	509	354	155	523	401	122	5	524	341	183	7
"DE"	2006	"05-08"	1083	794	283	1091	424	628	1086	617	469	1056	769	287	1056	533	523	1085	635	379	14	1087	844	243	8
"DE"	2006	"05-09"	941	602	334	956	280	646	962	404	558	944	613	331	943	336	607	959	477	421	14	963	368	595	9
"DE"	2006	"05-10"	363	254	107	368	137	218	373	175	198	366	253	113	363	176	187	367	142	225	5	374	148	226	10
"DE"	2006	"05-11"	485	359	122	485	215	254	486	276	210	478	356	122	469	271	198	476	282	194	5	482	286	196	11
"DE"	2006	"05-12"	570	372	195	577	199	358	584	244	340	568	391	177	567	232	335	575	383	192	7	578	206	372	12
"DE"	2006	"05-13"	606	467	131	605	288	293	609	372	237	597	486	111	584	352	232	594	476	118	7	599	388	211	13
"DE"	2006	"05-14"	1210	790	405	1339	509	786	1349	662	687	1327	855	472	1301	541	760					1351	898	434	14
"DE"	2006	"05-15"	641	459	178	645	292	329	643	369	274	629	426	203	630	331	299	401		401	12	647	454	193	15
"DE"	2006	"05-16"	645	623	20	615	477	128	633	589	44	612	572	40	613	543	70					603	603		16
"DE"	2006	"05-17"	518	390	124	526	187	321	519	301	218	506	386	120	518	239	279	381		381	12	524	440	84	17
"DE"	2006	"05-18"	312	248	61	307	161	139	309	202	107	305	234	71	298	182	116	251	251		13	315	147	168	18
"DE"	2006	"05-19"	590	452	133	594	261	315	599	348	251	587	447	140	579	308	271	496	496		9	497	497		19
"DE"	2006	"05-20"	287	199	83	289	104	176	290	153	137	277	210	67	282	120	162	287	159	128	8	282	143	139	20
"DE"	2006	"05-21"	455	322	131	462	160	274	466	203	263	440	342	98	450	202	248	376	376		9	368		368	21
"DE"	2006	"05-22"	872	548	308	875	221	631	877	343	534	850	574	276	843	301	542					749		656	22
"DE"	2006	"05-23"	721	544	166	733	289	398	728	399	329	728	586	142	705	382	323					613	613		23
"DE"	2006	"05-24"	468	355	108	473	224	224	475	290	185	462	354	108	464	260	204					324		324	24
"DE"	2006	"05-25"	555	397	154	561	217	323	562	303	259	542	383	159	528	278	250					559	266	293	25
"DE"	2006	"05-26"	553	433	111	547	300	227	549	371	178	540	424	116	532	334	198					477	477		26
"DE"	2006	"05-27"	834	603	221	854	321	506	858	445	413	843	590	253	838	394	444	590		590	12	853	392	461	27
"DE"	2006	"05-28"	1194	864	318	1196	539	623	1203	687	516	1178	891	287	1179	577	602	998	998		15	1042	1042		28
"DE"	2006	"05-29"	670	378	281	674	232	397	680	277	403	652	411	241	666	218	448	490	490		15	542		542	29
"DE"	2006	"05-30"	1064	693	359	1090	358	686	1097	550	547	1068	730	338	1084	327	757					1122	456	666	30
"DE"	2006	"05-31"	835	551	275	846	238	552	861	412	449	835	598	237	837	301	536					861	378	483	31
"DE"	2006	"05-32"	337	222	113	339	114	210	344	162	182	342	218	124	333	106	227					257		257	32
"DE"	2006	"05-33"	687	401	275	710	237	431	716	345	371	694	462	232	694	209	485					708	334	374	33
"DE"	2006	"05-34"	650	384	256	670	129	510	667	240	427	656	427	229	665	130	535					667	273	394	34
"DE"	2006	"05-35"	231	140	88	298	71	213	304	137	167	300	177	123	295	78	217					259		259	35
"DE"	2006	"05-36"	228	157	71	280	81	183	282	124	158	279	174	105	271	90	181	242	178	64	19	276	103	173	36
"DE"	2006	"05-37"	603	370	228	761	145	589	766	298	468	759	487	272	757	148	609	622	479	143	19	645		645	37
"DE"	2006	"05-38"	757	450	302	810	260	525	809	364	445	791	436	355	775	294	481	575	575		20	803	226	577	38
"DE"	2006	"05-39"	733	476	253	801	201	568	814	400	414	792	494	298	786	235	551					798	226	572	39
"DE"	2006	"05-40"	436	316	115	503	141	335	507	280	227	501	323	178	489	173	316					404		404	40
"DE"	2006	"05-41"	805	560	238	951	278	639	958	471	487	939	593	346	935	302	633	751	751		20	954	290	654	41
"DE"	2006	"06-01"	358	323	31	343	216	107	354	294	60	335	304	31	329	268	61	346	259	71	1	329	329		1
"DE"	2006	"06-02"	309	255	48	308	173	118	313	214	99	308	260	48	298	217	81					268	268		2
"DE"	2006	"06-03"	184	176	8	179	154	23	178	166	12	174	169	5	168	156	12					170	170		3
"DE"	2006	"06-04"	731	575	147	727	291	380	733	405	328	710	581	129	703	419	284	724	484	200	1	735	513	222	4
"DE"	2006	"06-05"	420	377	39	424	307	99	426	356	70	419	354	65	415	348	67					390	390		5
"DE"	2006	"06-06"	842	557	274	860	286	554	858	371	487	849	571	278	830	344	486					852	468	369	6
"DE"	2006	"06-07"	856	594	253	870	319	519	877	419	458	851	571	280	838	368	470	866	391	475	5	872	391	481	7
"DE"	2006	"06-08"	970	666	290	979	374	564	981	545	436	951	664	287	940	440	500	984	628	295	14	982	781	201	8
"DE"	2006	"06-09"	1112	836	265	1119	513	569	1129	678	451	1101	813	288	1095	617	478					1109	633	476	9
"DE"	2006	"06-10"	471	268	198	478	99	361	479	162	317	468	322	146	448	137	311					468	165	303	10
"DE"	2006	"06-11"	707	473	226	710	230	449	707	322	385	684	526	158	684	317	367					703	288	415	11
"DE"	2006	"06-12"	1159	758	393	1166	341	792	1171	428	743	1136	746	390	1122	395	727	1132	728	404	7	1140	363	777	12
"DE"	2006	"06-13"	676	508	165	674	279	367	677	377	300	662	531	131	651	332	319	672	528	144	7	678	389	289	13
"DE"	2006	"06-14"	1158	732	415	1320	475	800	1327	621	706	1318	828	490	1300	520	780					1336	873	447	14
"DE"	2006	"06-15"	634	492	132	639	343	276	639	436	203	633	477	156	630	396	234					636	489	147	15
"DE"	2006	"06-16"	304	288	14	283	205	75	301	262	39	285	262	23	280	234	46					278	278		16
"DE"	2006	"06-17"	455	375	75	454	259	178	452	326	126	439	366	73	431	301	130	223		223	12	451	391	60	17
"DE"	2006	"06-18"	579	466	110	572	304	252	580	390	190	564	443	121	555	339	216	474	474		13	568	228	340	18
"DE"	2006	"06-19"	380	276	99	372	182	181	383	228	155	361	278	83	363	218	145	308	308		9	313	313		19
"DE"	2006	"06-20"	662	456	196	680	214	441	680	312	368	664	471	193	655	262	393	665	439	226	7	678	315	363	20
"DE"	2006	"06-21"	708	448	249	714	204	477	708	292	416	699	479	220	690	254	436	511	511		9	614		614	21
"DE"	2006	"06-22"	1034	676	347	1038	273	727	1042	423	619	1013	639	374	989	382	607	1044	531	513	8	869		797	22
"DE"	2006	"06-23"	307	226	67	306	136	133	309	187	122	300	239	61	292	170	122					257	257		23
"DE"	2006	"06-24"	466	354	100	465	236	198	469	297	172	457	350	107	455	286	169					283		283	24
"DE"	2006	"06-25"	745	525	210	757	293	440	759	373	386	735	524	211	723	337	386					758	326	432	25
"DE"	2006	"06-26"	519	400	112	517	252	245	524	318	206	507	394	113	500	305	195	438	438		9	447	447		26
"DE"	2006	"06-27"	489	372	113	489	246	221	492	312	180	477	348	129	475	282	193	286		286	12	487	280	207	27
"DE"	2006	"06-28"	174	121	50	178	76	89	179	98	81	173	133	40	172	74	98	183	132	48	14	155	155		28
"DE"	2006	"06-29"	808	391	405	819	195	563	816	298	518	804	450	354	814	201	613	560	560		15	682		682	29
"DE"	2006	"06-30"	707	414	288	742	206	505	753	325	428	736	443	293	744	194	550					764	277	487	30
"DE"	2006	"06-31"	527	378	145	535	230	286	540	326	214	523	362	161	525	250	275					541	278	263	31
"DE"	2006	"06-32"	89	78	11	81	50	26	85	68	17	83	69	14	80	53	27					56		56	32
"DE"	2006	"06-33"	891	512	368	973	301	612	984	420	564	961	631	330	968	285	683					991	519	472	33
"DE"	2006	"06-34"	1140	687	439	1141	302	787	1161	485	676	1147	694	453	1138	333	805					1159	474	685	34
"DE"	2006	"06-35"	380	227	149	478	147	303	484	224	260	474	251	223	476	148	328	422	332	90	19	385		385	35
"DE"	2006	"06-36"	820	587	223	910	339	519	925	518	407	918	603	315	904	373	531	779	597	182	19	913	398	515	36
"DE"	2006	"06-37"	1082	721	353	1257	355	852	1264	602	662	1247	851	396	1226	372	854	1052	819	233	19	1004		1004	37
"DE"	2006	"06-38"	1082	649	431	1150	418	697	1158	579	579	1113	601	512	1106	472	634	815	815		20	1154	362	792	38
"DE"	2006	"06-39"	724	442	277	804	222	554	803	380	423	787	438	349	785	244	541					812	254	558	39
"DE"	2006	"06-40"	584	371	207	634	155	452	636	301	335	617	320	297	615	194	421					535		535	40
"DE"	2006	"06-41"	438	303	128	530	200	314	531	273	258	512	313	199	521	230	291	416	416		20	528	214	304	41
"DE"	2006	"07-01"	151	126	23	150	84	60	151	107	44	149	124	25	137	95	42					132	132		1
"DE"	2006	"07-02"	53	37	10	52	25	25	53	32	21	46	34	12	50	36	14					39	39		2
"DE"	2006	"07-03"	225	199	26	223	161	56	223	185	38	218	201	17	210	175	35					209	209		3
"DE"	2006	"07-04"	661	502	146	671	278	348	666	360	306	660	512	148	640	371	269	659	420	190	1	667	465	202	4
"DE"	2006	"07-05"	368	302	60	363	203	146	371	260	111	368	286	82	361	238	123	201		201	12	329	329		5
"DE"	2006	"07-06"	929	640	274	945	294	607	949	387	562	940	692	248	922	398	524					943	559	369	6
"DE"	2006	"07-07"	653	490	156	645	318	306	659	398	261	642	487	155	631	375	256	648	357	291	5	661	425	236	7
"DE"	2006	"07-08"	703	452	245	725	285	402	734	349	385	710	490	220	713	316	397	728	455	241	14	731	554	177	8
"DE"	2006	"07-09"	1034	660	371	1043	354	660	1058	495	563	1025	667	358	1019	419	600	1050	529	472	14	1045	462	583	9
"DE"	2006	"07-10"	998	686	299	998	302	659	1005	419	586	982	679	303	963	362	601					1001	317	684	10
"DE"	2006	"07-11"	507	287	217	506	115	375	513	179	334	500	336	164	493	151	342					505	155	350	11
"DE"	2006	"07-12"	817	476	326	820	207	597	820	291	529	801	527	274	791	259	532					808	201	607	12
"DE"	2006	"07-13"	85	70	14	85	35	46	87	47	40	83	69	14	82	48	34	67	67		13	85	56	29	13
"DE"	2006	"07-14"	1232	788	440	1449	469	922	1458	654	804	1439	886	553	1403	513	890					1462	920	535	14
"DE"	2006	"07-15"	1094	792	288	1095	486	577	1101	612	489	1067	788	279	1052	567	485	669		669	12	1088	794	294	15
"DE"	2006	"07-16"	382	319	60	387	226	149	388	282	106	384	325	59	378	271	107	331	331		13	335	335		16
"DE"	2006	"07-17"	511	415	90	513	295	200	509	376	133	505	413	92	495	351	144	458	458		13	508	440	68	17
"DE"	2006	"07-18"	466	342	117	458	222	223	467	267	200	452	335	117	449	251	198	387	387		9	464	200	264	18
"DE"	2006	"07-19"	638	472	157	651	297	329	645	390	255	644	484	160	639	376	263	659	417	242	8	545	545		19
"DE"	2006	"07-20"	686	489	191	694	209	468	698	303	395	666	487	179	660	268	392	694	391	303	8	690	329	361	20
"DE"	2006	"07-21"	670	477	184	680	227	428	682	325	357	661	474	187	657	305	352	688	396	292	8	514		514	21
"DE"	2006	"07-22"	538	376	151	539	191	317	550	283	267	530	383	147	528	248	280	545	326	219	8	411		347	22
"DE"	2006	"07-23"	632	483	134	649	282	310	652	376	276	643	510	133	636	352	284					558	558		23
"DE"	2006	"07-24"	238	186	49	243	130	107	244	156	88	241	176	65	242	155	87					157		157	24
"DE"	2006	"07-25"	609	400	201	609	247	343	602	289	313	598	417	181	595	279	316					610	245	365	25
"DE"	2006	"07-26"	813	652	149	817	425	353	816	531	285	801	629	172	797	502	295					714	714		26
"DE"	2006	"07-27"	809	539	262	806	279	503	814	392	422	793	543	250	792	324	468	601		601	12	813	311	502	27
"DE"	2006	"07-28"	97	57	35	99	28	64	99	51	48	96	68	28	98	30	68	79	79		15	83	83		28
"DE"	2006	"07-29"	717	413	303	741	179	536	752	285	467	732	447	285	745	185	560					599		599	29
"DE"	2006	"07-30"	643	353	283	750	211	504	763	290	473	739	410	329	746	189	557					758	233	525	30
"DE"	2006	"07-31"	409	334	66	402	191	194	414	286	128	405	303	102	397	206	191					416	240	176	31
"DE"	2006	"07-32"	56	27	28	58	16	38	56	22	34	55	32	23	56	20	36					40		40	32
"DE"	2006	"07-33"	399	269	123	424	162	238	425	244	181	414	274	140	417	180	237					429	269	160	33
"DE"	2006	"07-34"	748	448	295	767	222	520	773	315	458	765	479	286	756	224	532					767	341	426	34
"DE"	2006	"07-35"	242	166	72	276	94	165	278	134	144	273	190	83	276	93	183	239	191	48	19	205		205	35
"DE"	2006	"07-36"	1213	780	421	1463	471	925	1469	646	823	1450	912	538	1432	520	912					1449	540	909	36
"DE"	2006	"07-37"	470	318	142	566	156	384	565	283	282	561	380	181	557	169	388					443		443	37
"DE"	2006	"07-38"	1162	708	440	1298	410	826	1307	635	672	1266	690	576	1258	486	772	975	975		20	1323	374	949	38
"DE"	2006	"07-39"	461	317	137	523	179	323	527	297	230	517	325	192	512	202	310					525	205	320	39
"DE"	2006	"07-40"	779	532	241	841	248	559	846	455	391	822	466	356	812	315	497					668		668	40
"DE"	2006	"07-41"	920	616	297	1100	438	616	1110	594	516	1090	699	391	1072	493	579	856	856		20	1101	429	654	41
"DE"	2006	"08-01"	98	67	26	98	52	38	97	54	43	94	79	15	93	57	36	98	66	28	1	82	82		1
"DE"	2006	"08-02"	110	107	2	106	81	18	108	102	6	102	97	5	102	94	8					99	99		2
"DE"	2006	"08-03"	296	273	21	299	206	81	303	251	52	293	266	27	287	223	64					288	288		3
"DE"	2006	"08-04"	18	14	4	17	11	6	18	11	7	17	11	6	18	12	6					17	14	3	4
"DE"	2006	"08-05"	284	232	48	289	168	111	287	211	76	282	225	57	279	197	82	246	246		13	248	248		5
"DE"	2006	"08-06"	1091	785	290	1107	431	604	1111	568	543	1088	819	269	1077	557	520	1089	621	311	1	1104	643	424	6
"DE"	2006	"08-07"	575	400	174	584	220	346	590	273	317	576	395	181	571	262	309	583	249	334	5	585	260	325	7
"DE"	2006	"08-08"	559	388	160	557	244	292	563	308	255	549	405	144	552	267	285	561	375	156	14	566	452	114	8
"DE"	2006	"08-09"	617	423	187	619	223	363	623	312	311	609	434	175	602	270	332					621	279	342	9
"DE"	2006	"08-10"	656	409	235	663	191	443	659	233	426	645	427	218	635	223	412					656	215	441	10
"DE"	2006	"08-11"	669	449	212	675	216	421	690	269	421	673	457	216	668	273	395					681	250	431	11
"DE"	2006	"08-12"	452	296	152	454	130	311	454	172	282	441	298	143	435	150	285					447	132	315	12
"DE"	2006	"08-13"	301	244	53	296	147	133	301	209	92	286	242	44	284	196	88	295	238	57	7	309	178	131	13
"DE"	2006	"08-15"	816	625	181	824	447	354	815	526	289	806	607	199	803	490	313	502		502	12	819	644	175	15
"DE"	2006	"08-16"	378	322	54	378	214	155	384	271	113	380	312	68	376	252	124					331	331		16
"DE"	2006	"08-17"	520	420	96	514	266	235	517	344	173	496	408	88	493	316	177	271		271	12	513	438	75	17
"DE"	2006	"08-18"	378	281	93	384	166	205	386	219	167	378	262	116	375	201	174					388	174	214	18
"DE"	2006	"08-19"	453	348	100	459	199	242	461	284	177	444	337	107	445	249	196	458	297	161	8	386	386		19
"DE"	2006	"08-20"	593	384	203	600	150	431	603	239	364	589	376	213	587	195	392	576	330	246	7	596	232	364	20
"DE"	2006	"08-21"	639	484	147	642	248	365	643	341	302	638	486	152	624	326	298	537	537		9	480		480	21
"DE"	2006	"08-22"	422	304	112	424	156	251	424	212	212	418	307	111	410	201	209	424	268	156	8	340		279	22
"DE"	2006	"08-23"	733	543	183	735	287	413	730	373	357	719	545	174	702	355	347					618	618		23
"DE"	2006	"08-24"	807	624	173	813	380	403	816	493	323	804	614	190	805	438	367					545		545	24
"DE"	2006	"08-25"	389	276	106	396	150	224	393	204	189	383	296	87	380	186	194	313	313		9	397	247	150	25
"DE"	2006	"08-26"	234	192	30	235	134	85	238	181	57	230	198	32	228	157	71					218	218		26
"DE"	2006	"08-27"	773	554	212	782	321	442	778	396	382	762	541	221	750	361	389					779	394	385	27
"DE"	2006	"08-28"	546	347	192	554	225	302	560	294	266	539	359	180	537	230	307	559	311	215	14	463	463		28
"DE"	2006	"08-30"	135	74	55	190	34	146	189	54	135	188	90	98	185	35	150					187	55	132	30
"DE"	2006	"08-32"	11	4	7	11	0	11	11	1	10	11	3	8	11	1	10					9		9	32
"DE"	2006	"08-33"	325	202	120	345	99	233	344	164	180	338	241	97	334	104	230					340	196	144	33
"DE"	2006	"08-34"	223	139	82	223	64	154	230	101	129	221	145	76	227	73	154					228	110	118	34
"DE"	2006	"08-36"	495	342	150	569	185	354	572	311	261	561	364	197	560	194	366	500	406	94	19	563	195	368	36
"DE"	2006	"08-37"	163	116	45	186	49	126	190	101	89	189	123	66	187	61	126	162	135	27	19	155		155	37
"DE"	2006	"08-38"	549	353	193	580	154	411	584	295	289	559	306	253	555	188	367	477	477		20	579	142	437	38
"DE"	2006	"08-41"	1018	626	379	1127	433	652	1138	555	583	1101	665	436	1097	485	612	789	789		20	1101	475	568	41
"DE"	2006	"09-01"	762	720	38	745	547	186	758	678	80	724	660	64	710	617	93					724	724		1
"DE"	2006	"09-02"	223	203	18	213	146	54	217	181	36	208	186	22	208	180	28					191	191		2
"DE"	2006	"09-03"	325	294	29	325	227	84	330	269	61	320	284	36	312	261	51					296	296		3
"DE"	2006	"09-04"	446	353	86	440	207	202	447	277	170	436	369	67	431	272	159	439	308	99	1	442	333	109	4
"DE"	2006	"09-05"	405	329	72	404	256	132	400	283	117	401	316	85	394	279	115	354	354		13	361	361		5
"DE"	2006	"09-06"	175	99	74	183	47	133	183	60	123	181	123	58	181	63	118	182	53	129	5	181	85	93	6
"DE"	2006	"09-07"	278	188	84	284	88	179	283	135	148	276	199	77	269	116	153					276	116	160	7
"DE"	2006	"09-08"	348	236	104	355	143	191	357	194	163	354	256	98	352	166	186	286	286		15	357	280	77	8
"DE"	2006	"09-09"	592	396	188	595	231	342	599	297	302	580	407	173	583	265	318	593	372	181	14	593	326	267	9
"DE"	2006	"09-10"	721	519	195	732	289	421	731	370	361	707	474	233	706	350	356	723	310	413	5	735	326	409	10
"DE"	2006	"09-11"	626	429	193	634	208	405	645	264	381	622	436	186	611	275	336					635	247	388	11
"DE"	2006	"09-12"	569	387	174	563	252	292	576	305	271	558	426	132	557	281	276	564	430	134	7	558	272	286	12
"DE"	2006	"09-13"	710	535	167	707	355	324	715	446	269	693	565	128	684	411	273	700	543	157	7	721	387	334	13
"DE"	2006	"09-15"	1093	717	369	1110	404	665	1122	552	570	1090	717	373	1078	476	602	765		765	12	1101	691	410	15
"DE"	2006	"09-16"	567	507	54	554	360	181	561	451	110	554	492	62	546	415	131	521	521		13	521	521		16
"DE"	2006	"09-17"	546	408	136	541	230	300	549	319	230	533	438	95	524	294	230	352		352	12	550	475	75	17
"DE"	2006	"09-18"	387	280	106	393	159	221	396	211	185	389	270	119	386	188	198	310	310		13	403	131	272	18
"DE"	2006	"09-19"	167	117	48	164	74	87	167	104	63	164	115	49	162	90	72	138	138		9	139	139		19
"DE"	2006	"09-20"	840	525	310	865	233	597	869	333	536	842	545	297	835	299	536	841	508	333	7	862	351	511	20
"DE"	2006	"09-21"	603	441	156	610	228	350	617	334	283	594	463	131	594	306	288	504	504		9	459		459	21
"DE"	2006	"09-22"	792	534	252	811	246	538	804	311	493	793	547	246	780	296	484	813	454	359	8	636		593	22
"DE"	2006	"09-23"	815	564	243	818	238	544	822	373	449	812	602	210	793	340	453					652	652		23
"DE"	2006	"09-24"	516	384	128	516	250	247	521	314	207	507	380	127	502	271	231					361		361	24
"DE"	2006	"09-25"	244	174	61	243	128	106	243	152	91	234	176	58	232	140	92					240	133	107	25
"DE"	2006	"09-26"	523	451	60	516	317	180	511	403	108	509	425	84	501	377	124					474	474		26
"DE"	2006	"09-27"	589	435	149	595	254	317	599	333	266	587	439	148	581	301	280					592	313	279	27
"DE"	2006	"09-28"	14	13	1	15	5	10	15	8	7	15	12	3	14	5	9	14	14		15	14	14		28
"DE"	2006	"09-32"	498	304	191	515	162	330	514	220	294	502	334	168	492	158	334					385		385	32
"DE"	2006	"09-33"	668	408	248	744	172	529	750	286	464	729	462	267	732	187	545					751	422	329	33
"DE"	2006	"09-34"	129	67	61	139	30	105	137	53	84	138	75	63	138	41	97					137	48	89	34
"DE"	2006	"09-41"	201	128	72	231	98	125	231	127	104	227	139	88	226	111	115					229	107	115	41
"DE"	2006	"10-01"	350	309	39	345	201	126	351	259	92	342	292	50	336	249	87					318	318		1
"DE"	2006	"10-02"	574	448	116	575	304	242	581	349	232	570	486	84	570	378	192					460	460		2
"DE"	2006	"10-03"	329	312	14	304	252	44	319	292	27	293	268	25	289	258	31					292	292		3
"DE"	2006	"10-04"	437	352	80	438	221	207	446	284	162	435	373	62	432	280	152	437	312	107	1	445	316	129	4
"DE"	2006	"10-05"	397	342	49	390	262	111	397	315	82	388	331	57	385	291	94	362	362		13	364	364		5
"DE"	2006	"10-06"	689	505	170	692	319	341	695	404	291	685	493	192	677	387	290	691	442	216	1	695	461	219	6
"DE"	2006	"10-07"	559	383	167	562	172	366	566	219	347	549	375	174	540	206	334	552	195	357	5	561	216	345	7
"DE"	2006	"10-08"	407	298	105	400	156	227	407	226	181	390	293	97	397	163	234	409	267	119	14	403	315	88	8
"DE"	2006	"10-09"	724	446	272	733	213	490	730	318	412	715	447	268	708	277	431					736	260	476	9
"DE"	2006	"10-10"	476	395	81	475	297	166	477	345	132	465	371	94	467	332	135	470	309	161	5	471	308	163	10
"DE"	2006	"10-11"	918	550	359	921	200	697	931	301	630	894	593	301	894	239	655					936	199	737	11
"DE"	2006	"10-12"	726	472	247	743	175	536	744	253	491	725	482	243	725	244	481					733	206	527	12
"DE"	2006	"10-13"	557	440	113	553	263	270	559	366	193	543	454	89	539	342	197	551	432	119	7	564	297	267	13
"DE"	2006	"10-16"	215	178	33	213	132	70	216	166	50	205	174	31	205	153	52	187	187		13	190	190		16
"DE"	2006	"10-17"	441	364	73	437	254	165	444	325	119	434	360	74	430	296	134	390	390		13	434	366	68	17
"DE"	2006	"10-18"	395	304	83	398	169	208	401	219	182	393	292	101	393	206	187	319	319		9	399	173	226	18
"DE"	2006	"10-19"	200	135	63	204	69	126	203	92	111	203	160	43	199	78	121	198	145	53	7	170	170		19
"DE"	2006	"10-20"	549	365	179	554	225	313	560	281	279	547	396	151	538	257	281	561	335	226	8	556	269	287	20
"DE"	2006	"10-21"	229	151	74	229	73	144	233	111	122	227	152	75	220	94	126	228	126	102	8	177		177	21
"DE"	2006	"10-22"	542	346	191	548	144	378	546	207	339	541	351	190	534	192	342					460		417	22
"DE"	2006	"10-23"	401	262	135	404	117	267	410	161	249	398	283	115	400	152	248					320	320		23
"DE"	2006	"10-27"	575	384	187	588	196	380	586	268	318	569	371	198	563	224	339					586	204	382	27
"DE"	2006	"10-28"	35	29	6	35	17	18	35	26	9	35	24	11	34	19	15					32	32		28
"DE"	2006	"10-32"	68	42	25	71	12	52	70	26	44	70	43	27	71	21	50					62		62	32
"DE"	2006	"10-33"	176	95	77	224	52	159	226	80	146	223	115	108	222	47	175					227	94	133	33
"DE"	2006	"10-34"	444	264	178	449	107	318	449	177	272	443	288	155	445	98	347	342	342		15	445	195	250	34
"DE"	2006	"11-01"	463	408	49	464	284	154	459	348	111	450	384	66	444	320	124	459	326	118	1	408	408		1
"DE"	2006	"11-02"	505	494	11	482	391	82	499	470	29	464	434	30	448	398	50					485	485		2
"DE"	2006	"11-03"	166	155	6	162	117	39	165	150	15	160	146	14	158	140	18					151	151		3
"DE"	2006	"11-04"	813	442	359	813	161	613	811	264	547	796	504	292	770	223	547					804	248	556	4
"DE"	2006	"11-05"	358	296	58	356	215	125	362	272	90	355	288	67	351	260	91	319	319		13	316	316		5
"DE"	2006	"11-06"	405	308	89	408	209	167	408	269	139	396	317	79	399	258	141	399	242	157	5	403	268	120	6
"DE"	2006	"11-07"	593	394	190	606	194	384	611	262	349	599	405	194	595	236	359	608	241	367	5	613	248	365	7
"DE"	2006	"11-08"	11	5	6	11	4	5	10	3	7	11	5	6	10	7	3	10	10		15	10	8	2	8
"DE"	2006	"11-10"	675	529	135	681	365	290	676	457	219	665	504	161	659	434	225	674	409	265	5	675	433	242	10
"DE"	2006	"11-11"	503	349	149	509	179	323	508	228	280	495	357	138	492	219	273					502	234	268	11
"DE"	2006	"11-12"	882	464	406	894	164	702	888	286	602	857	507	350	850	228	622					864	211	653	12
"DE"	2006	"11-13"	585	493	88	594	347	229	596	418	178	589	529	60	583	411	172					592	430	162	13
"DE"	2006	"11-16"	635	548	76	625	404	198	635	499	136	619	529	90	610	469	141					568	568		16
"DE"	2006	"11-17"	379	297	76	384	193	175	388	246	142	382	295	87	381	226	155	323	323		13	382	306	76	17
"DE"	2006	"11-18"	280	214	63	280	151	114	284	184	100	271	193	78	271	174	97	220	220		13	283	163	120	18
"DE"	2006	"11-19"	826	633	185	832	406	393	829	514	315	811	628	183	808	474	334	823	639	184	7	701	701		19
"DE"	2006	"11-20"	485	316	165	485	148	327	485	196	289	474	346	128	463	176	287	479	284	195	8	483	200	283	20
"DE"	2006	"11-21"	596	414	174	590	222	340	588	296	292	579	408	171	576	287	289	460	460		9	427		427	21
"DE"	2006	"11-22"	655	472	171	655	238	400	657	329	328	643	477	166	631	297	334	655	402	253	8	481		406	22
"DE"	2006	"11-28"	464	348	113	465	231	208	470	299	171	460	330	130	455	235	220					407	407		28
"DE"	2006	"12-02"	218	211	3	211	157	49	207	192	15	206	195	11	200	184	16					203	203		2
"DE"	2006	"12-03"	25	22	2	25	12	5	25	23	2	24	20	4	24	20	4	25	15	4	1	24	24		3
"DE"	2006	"12-04"	112	78	32	112	41	68	111	58	53	104	80	24	105	57	48	106	70	29	1	110	59	51	4
"DE"	2006	"12-06"	190	149	37	189	76	106	188	106	82	187	147	40	187	112	75					187	125	54	6
"DE"	2006	"12-07"	835	552	278	834	247	566	846	333	513	838	568	270	827	286	541	846	284	562	5	842	298	544	7
"DE"	2006	"12-08"	82	55	26	82	31	48	82	43	39	80	64	16	81	39	42	66	66		15	82	68	14	8
"DE"	2006	"12-10"	125	81	42	126	31	91	127	41	86	123	83	40	123	44	79	128	35	93	5	127	34	93	10
"DE"	2006	"12-11"	316	226	85	318	144	164	324	182	142	319	214	105	318	151	167	317	196	110	1	322	171	151	11
"DE"	2006	"12-12"	1022	674	342	1024	355	637	1025	451	574	1008	748	260	993	426	567	1008	741	267	7	1007	409	598	12
"DE"	2006	"12-13"	416	316	98	423	219	179	424	252	172	415	331	84	414	255	159					417	260	157	13
"DE"	2006	"12-17"	431	345	78	434	224	193	435	295	140	428	357	71	426	275	151	390	390		13	433	373	60	17
"DE"	2006	"12-20"	992	652	335	995	243	730	1000	370	630	980	657	323	962	343	619					996	384	612	20
"DE"	2006	"12-21"	176	113	59	177	49	121	177	70	107	171	114	57	172	69	103	177	79	98	8	143		143	21
"DE"	2006	"12-22"	430	318	107	432	176	243	434	232	202	419	318	101	418	222	196	432	278	154	8	310		247	22
"DE"	2006	"12-28"	114	79	35	111	41	66	114	65	49	112	69	43	113	47	66					97	97		28
"DE"	2006	"13-02"	248	239	8	236	178	53	244	227	17	227	211	16	217	191	26					235	235		2
"DE"	2006	"13-04"	329	246	77	337	157	165	337	195	142	330	265	65	330	202	128					338	209	129	4
"DE"	2006	"13-07"	776	503	263	783	252	507	786	308	478	779	538	241	766	272	494	777	279	498	5	780	336	444	7
"DE"	2006	"13-11"	503	373	117	508	223	261	508	291	217	498	374	124	491	273	218	498	327	131	1	507	304	203	11
"DE"	2006	"13-20"	770	511	249	774	211	522	780	337	443	763	520	243	751	292	459					783	343	440	20
"DE"	2006	"13-21"	224	166	55	231	73	143	231	103	128	228	169	59	228	110	118	181	181		9	170		170	21
"DE"	2006	"13-22"	65	35	30	65	25	39	65	26	39	66	51	15	65	26	39					45		41	22
"DE"	2006	"13-28"	137	86	50	138	41	92	139	68	71	135	87	48	132	45	87	135	81	48	14	106	106		28
"DE"	2006	"14-02"	29	29	0	30	25	4	30	30	0	30	26	4	28	27	1					28	28		2
"DE"	2006	"14-04"	177	106	69	180	34	138	180	55	125	172	120	52	167	44	123					178	48	130	4
"DE"	2006	"14-07"	57	42	14	57	17	37	58	25	33	57	38	19	56	25	31					56	29	27	7
"DE"	2006	"14-11"	498	397	92	494	250	226	499	319	180	489	384	105	486	303	183	494	301	193	5	495	295	200	11
"DE"	2006	"14-21"	141	101	37	142	54	82	141	69	72	135	96	39	136	56	80	114	114		9	110		110	21
"DE"	2006	"14-22"	262	186	75	265	93	160	267	119	148	254	183	71	265	117	148					195		173	22
"DE"	2006	"14-28"	707	474	228	707	275	410	714	375	339	700	495	205	697	297	400	708	456	221	14	603	603		28
"DE"	2006	"15-04"	22	17	2	24	14	6	23	18	5	21	19	2	20	14	6					21	16	5	4
"DE"	2006	"16-02"	214	186	26	221	125	87	221	166	55	216	192	24	208	148	60					182	182		2
"DE"	2006	"16-04"	174	62	110	175	13	158	174	26	148	171	73	98	168	24	144					171	29	142	4
"DE"	2006	"17-02"	115	99	16	114	74	25																	
"DE"	2006	"17-04"	110	87	21	113	45	65	113	62	51	111	99	12	107	54	53	106	89	17	7	110	76	34	4
"DE"	2006	"18-04"	40	31	8	39	15	24	36	22	14	37	33	4	37	26	11					37	30	7	4
"DE"	2006	"19-04"	12	12	0	12	7	5	12	10	2	12	11	1	12	8	4					12	11	1	4
