state	year	precinct	g2004_USP_tv	g2004_USP_dv	g2004_USP_rv	g2004_USH_tv	g2004_USH_dv	g2004_USH_rv	g2004_GOV_tv	g2004_GOV_dv	g2004_GOV_rv	g2004_LTG_tv	g2004_LTG_dv	g2004_LTG_rv	g2004_INS_tv	g2004_INS_dv	g2004_INS_rv	g2004_STS_tv	g2004_STS_dv	g2004_STS_rv	sd	g2004_STH_tv	g2004_STH_dv	g2004_STH_rv	ld
"DE"	2004	"01-01"	1002	825	168	922	446	464	974	740	226	932	801	124	924	754	170					866	866		1
"DE"	2004	"01-02"	23	18	5	18	16	2	20	16	3	18	17	1	18	15	3	17	17		3	18	18		2
"DE"	2004	"01-03"	699	623	70	552	374	165	617	494	108	572	521	41	556	508	48	530	530		3	534	534		3
"DE"	2004	"01-04"	1064	603	456	1027	179	830	1043	566	462	1016	609	396	1004	533	471					998	310	688	4
"DE"	2004	"01-05"	837	581	251	784	375	398	800	462	320	776	565	203	761	539	222	643	643		11	655	655		5
"DE"	2004	"01-06"	801	438	352	760	192	554	781	374	378	746	433	295	739	339	400					748	365	383	6
"DE"	2004	"01-07"	673	337	327	655	131	518	662	336	317	641	360	276	637	295	342	444		444	4	649	208	438	7
"DE"	2004	"01-08"	1098	442	649	1053	176	868	1081	415	647	1032	516	506	1022	409	613	1025	349	676	10	795	795		8
"DE"	2004	"01-09"	608	355	250	580	194	377	584	285	281	562	360	196	554	337	217					564	271	293	9
"DE"	2004	"01-10"	979	518	448	917	272	626	945	478	450	900	559	327	894	464	430	583		583	4	897	331	540	10
"DE"	2004	"01-11"	522	230	284	489	82	400	508	252	246	496	273	216	484	188	296					375		375	11
"DE"	2004	"01-12"	848	518	319	816	284	523	831	409	395	811	520	282	798	475	323					792	413	379	12
"DE"	2004	"01-13"	1047	623	406	1008	299	697	1021	489	498	988	630	342	959	589	370					827	827		13
"DE"	2004	"01-14"	2144	988	1147	2042	527	1497	2110	1026	1016	2045	1185	832	2004	892	1112	2011	786	1225	18	2069	1371	689	14
"DE"	2004	"01-15"	1612	1191	413	1514	850	649	1548	1040	481	1508	1178	307	1489	1122	367					1514	966	548	15
"DE"	2004	"01-16"	423	284	135	406	173	224	411	220	167	393	285	93	391	283	108					407	283	124	16
"DE"	2004	"01-17"	101	71	30	90	33	57	91	38	48	91	64	27	88	58	30	70	70		2	87	63	24	17
"DE"	2004	"01-18"	912	531	376	870	278	582	893	476	400	866	585	273	850	498	352					630		630	18
"DE"	2004	"01-19"	1224	784	431	1165	407	752	1178	667	482	1139	794	330	1131	697	434					945	945		19
"DE"	2004	"01-20"	898	396	492	877	145	720	877	399	464	870	459	397	837	371	466					690		690	20
"DE"	2004	"01-21"	1252	615	625	1212	231	969	1235	609	612	1196	703	482	1158	563	595					1185	336	849	21
"DE"	2004	"01-22"	489	227	258	470	81	383	481	235	240	458	252	205	444	199	245	348		348	4	369		369	22
"DE"	2004	"01-23"	369	248	111	329	151	166	338	211	111	315	218	80	297	205	92	179		179	6	319	206	113	23
"DE"	2004	"01-24"	445	273	170	420	137	278	431	217	199	411	267	137	405	244	161	404	194	210	10	298		298	24
"DE"	2004	"01-25"	626	447	152	578	264	287	590	411	158	566	418	120	552	386	166	288		288	6	573	344	229	25
"DE"	2004	"01-26"	620	436	179	585	242	332	610	329	262	590	408	169	586	394	192	507	507		11	507	507		26
"DE"	2004	"01-27"	952	595	349	899	301	585	923	507	394	885	583	287	869	490	379	891	420	471	10	596		596	27
"DE"	2004	"01-28"	551	336	207	511	207	292	529	219	246	504	320	154	513	290	223					475	475		28
"DE"	2004	"01-29"	2207	916	1277	2104	494	1577	2163	784	1104	2076	1173	827	2072	853	1219					2140	861	1279	29
"DE"	2004	"01-30"	1768	634	1114	1682	383	1274	1742	611	973	1677	868	759	1661	686	975					1705	753	952	30
"DE"	2004	"01-31"	235	87	148	228	57	171	231	78	146	224	110	111	224	79	145					189		189	31
"DE"	2004	"01-32"	1406	751	638	1315	459	831	1357	604	636	1315	814	469	1297	691	606	1320	674	625	17	1323	582	741	32
"DE"	2004	"01-33"	214	85	126	211	52	157	214	76	120	209	122	78	207	96	111					152		152	33
"DE"	2004	"01-34"	77	16	58	77	9	67	79	17	59	78	30	46	76	12	64	79	16	62	17	72		72	34
"DE"	2004	"01-35"	1709	445	1235	1628	303	1294	1684	585	987	1618	785	795	1593	584	1009					1443		1344	35
"DE"	2004	"01-36"	1399	531	851	1360	266	1071	1377	643	662	1357	761	564	1331	562	769	1354	318	1036	18	1363	526	837	36
"DE"	2004	"01-37"	1896	918	965	1813	456	1345	1871	1001	838	1785	1072	697	1770	742	1028	1781	652	1129	18	1787	576	1211	37
"DE"	2004	"01-38"	1886	604	1267	1804	327	1459	1852	763	1022	1789	876	891	1768	642	1126					1872	639	1233	38
"DE"	2004	"01-39"	544	151	387	530	90	439	539	195	318	523	257	259	520	169	351					535	219	316	39
"DE"	2004	"01-40"	1326	489	823	1295	275	1005	1321	566	686	1293	746	514	1272	598	674	1311	868	443	21	1053		1053	40
"DE"	2004	"01-41"	1124	299	816	1095	152	931	1115	348	685	1088	549	522	1084	364	720	1086	582	504	21	1103	176	927	41
"DE"	2004	"02-01"	835	760	70	749	461	272	784	618	149	745	663	76	750	653	97					733	733		1
"DE"	2004	"02-02"	881	839	38	731	538	188	789	650	130	727	694	28	720	667	53	731	731		2	759	759		2
"DE"	2004	"02-03"	1020	724	287	954	370	576	982	623	337	942	708	225	917	674	243	827	827		3	849	849		3
"DE"	2004	"02-04"	516	245	269	502	79	419	503	262	239	500	259	238	481	202	279	356		356	4	488	128	360	4
"DE"	2004	"02-05"	628	436	187	585	255	319	598	352	223	583	432	139	576	397	179	490	490		11	497	497		5
"DE"	2004	"02-06"	1284	759	510	1242	301	928	1256	706	524	1227	796	420	1222	557	665					1225	630	595	6
"DE"	2004	"02-07"	1061	543	508	1014	231	775	1037	561	467	1000	576	416	980	430	550					1021	360	657	7
"DE"	2004	"02-08"	1705	890	805	1604	487	1101	1661	785	838	1586	929	636	1562	823	739					1260	1260		8
"DE"	2004	"02-09"	1689	743	935	1620	401	1209	1658	774	855	1589	892	685	1558	709	849	1576	640	936	10	1618	489	1129	9
"DE"	2004	"02-10"	1100	588	499	1050	265	776	1081	569	498	1034	624	398	1017	507	510	731		731	4	1032	374	644	10
"DE"	2004	"02-11"	598	343	250	577	161	407	588	302	275	575	360	205	564	262	302					392		392	11
"DE"	2004	"02-12"	176	108	66	164	47	113	169	98	66	162	111	50	157	96	61					154	70	84	12
"DE"	2004	"02-13"	121	95	23	109	67	40	105	76	26	109	87	20	103	86	17	93	93		3	91	91		13
"DE"	2004	"02-14"	1610	825	772	1538	464	1063	1585	783	771	1529	927	586	1495	772	723	1488	699	789	18	1569	1141	396	14
"DE"	2004	"02-15"	988	690	293	921	402	515	950	575	360	917	672	239	911	644	267					935	535	400	15
"DE"	2004	"02-16"	675	617	55	594	455	137	609	481	121	602	556	43	587	543	44	582	582		2	620	566	54	16
"DE"	2004	"02-17"	269	180	86	255	112	140	262	153	102	249	178	68	249	171	78					250	203	47	17
"DE"	2004	"02-18"	370	203	164	349	109	235	352	181	157	337	196	134	338	192	146					226		226	18
"DE"	2004	"02-19"	843	530	305	792	265	518	812	436	353	788	548	227	762	502	260					665	665		19
"DE"	2004	"02-20"	726	392	327	694	163	522	711	373	326	687	434	247	667	356	311					511		511	20
"DE"	2004	"02-21"	572	307	260	548	135	408	563	269	275	546	351	191	524	296	228					544	158	386	21
"DE"	2004	"02-22"	732	346	381	714	149	556	720	381	336	701	387	305	694	300	394	531		531	6	531		531	22
"DE"	2004	"02-23"	994	546	431	953	236	702	969	546	406	936	566	355	917	438	479	623		623	6	953	463	490	23
"DE"	2004	"02-24"	1157	746	401	1062	403	646	1106	618	466	1057	730	319	1026	640	386	859	859		11	783		783	24
"DE"	2004	"02-25"	1007	577	416	967	308	645	980	527	425	949	584	345	951	554	397	959	379	580	10	976	423	553	25
"DE"	2004	"02-26"	795	533	259	755	339	408	763	456	291	742	521	213	726	494	232	734	432	302	10	590	590		26
"DE"	2004	"02-27"	722	417	297	689	227	448	706	358	326	672	412	243	663	376	287	680	292	388	10	450		450	27
"DE"	2004	"02-28"	1729	820	893	1638	460	1156	1696	648	857	1614	952	599	1608	732	876					1414	1414		28
"DE"	2004	"02-29"	1859	874	970	1770	506	1237	1822	780	923	1763	1002	705	1726	764	962					1781	850	931	29
"DE"	2004	"02-30"	304	116	182	292	74	213	302	98	175	289	145	135	288	119	169					297	135	162	30
"DE"	2004	"02-31"	1729	870	842	1631	455	1162	1699	797	831	1609	959	627	1579	779	800	1651	876	761	17	1178		1178	31
"DE"	2004	"02-32"	1192	541	635	1131	268	852	1164	497	597	1131	646	465	1116	492	624	1142	494	631	17	1144	394	750	32
"DE"	2004	"02-33"	1237	474	752	1188	272	901	1219	491	673	1164	603	540	1159	450	709	1200	346	854	16	918		918	33
"DE"	2004	"02-34"	165	48	113	159	24	131	162	53	99	158	71	85	159	52	107	161	48	110	17	133		133	34
"DE"	2004	"02-35"	2218	836	1358	2109	498	1567	2168	932	1127	2095	1166	889	2061	916	1145					1801		1651	35
"DE"	2004	"02-36"	1488	509	972	1440	269	1153	1466	684	724	1427	792	615	1403	586	817	1423	330	1093	18	1447	537	910	36
"DE"	2004	"02-37"	1907	821	1071	1849	425	1407	1893	893	941	1836	1037	773	1799	787	1012	1825	711	1114	18	1822	615	1207	37
"DE"	2004	"02-38"	1537	571	958	1463	363	1082	1498	686	769	1442	795	641	1425	613	812					1516	597	919	38
"DE"	2004	"02-39"	1395	523	856	1342	234	1090	1370	599	731	1319	716	590	1295	539	756	1357	630	727	21	1352	600	752	39
"DE"	2004	"02-40"	1749	491	1240	1699	282	1395	1723	661	950	1688	878	773	1665	655	1010	1714	1162	552	21	1460		1460	40
"DE"	2004	"02-41"	909	296	608	886	164	713	902	357	494	878	442	418	873	331	542					891	185	706	41
"DE"	2004	"03-01"	753	703	43	668	437	222	708	533	154	663	607	46	660	601	59					669	669		1
"DE"	2004	"03-02"	172	161	10	144	104	38	151	117	34	144	131	9	144	131	13	126	126		3	139	139		2
"DE"	2004	"03-03"	184	139	45	173	87	86	177	110	66	162	123	39	166	125	41					147	147		3
"DE"	2004	"03-04"	1336	755	573	1305	248	1048	1322	680	629	1285	787	491	1254	646	608					1284	430	854	4
"DE"	2004	"03-05"	420	296	120	387	189	194	400	239	149	385	288	91	383	274	109					333	333		5
"DE"	2004	"03-06"	878	630	240	838	381	451	862	521	313	827	605	206	838	487	351					847	517	330	6
"DE"	2004	"03-07"	1090	560	513	1055	243	795	1068	552	492	1048	607	422	1033	473	560					1069	368	691	7
"DE"	2004	"03-08"	1224	647	566	1154	360	787	1196	516	650	1142	642	483	1132	600	532					902	902		8
"DE"	2004	"03-09"	1685	890	788	1600	488	1095	1658	794	832	1599	946	638	1569	802	767					1598	627	971	9
"DE"	2004	"03-10"	1089	548	535	1049	237	803	1066	518	531	1027	576	438	1014	480	534					1029	365	638	10
"DE"	2004	"03-11"	1081	547	522	1040	211	816	1062	534	507	1026	584	426	1004	450	554	727		727	4	745		745	11
"DE"	2004	"03-12"	998	641	345	921	378	531	948	528	382	919	632	267	911	586	325					900	513	387	12
"DE"	2004	"03-13"	265	200	63	241	129	111	242	144	93	214	160	52	231	187	44	206	206		3	197	197		13
"DE"	2004	"03-14"	1500	811	676	1443	400	1030	1476	765	686	1430	835	576	1397	706	691					1457	1011	426	14
"DE"	2004	"03-15"	922	566	347	871	354	505	899	487	384	869	592	267	849	532	317					878	464	414	15
"DE"	2004	"03-16"	988	920	63	891	687	199	916	740	159	884	836	42	874	809	65					912	856	56	16
"DE"	2004	"03-17"	740	485	245	683	271	406	712	382	304	681	506	165	669	487	182					689	582	107	17
"DE"	2004	"03-18"	931	612	307	876	377	481	899	468	397	859	555	286	856	556	300					540		540	18
"DE"	2004	"03-19"	854	467	382	830	192	627	836	430	396	819	521	286	793	423	370					677	677		19
"DE"	2004	"03-20"	796	469	324	749	218	523	772	420	340	737	474	253	724	399	325					504		504	20
"DE"	2004	"03-21"	915	512	393	877	219	644	891	449	422	872	539	316	845	467	378					861	278	583	21
"DE"	2004	"03-22"	495	198	292	477	65	409	481	216	259	461	242	214	445	159	286	382		382	6	387		387	22
"DE"	2004	"03-23"	1004	603	398	967	218	729	985	570	400	953	610	326	923	488	435	648		648	6	979	500	479	23
"DE"	2004	"03-24"	641	434	202	585	266	305	613	359	234	581	415	152	568	388	180					318		318	24
"DE"	2004	"03-25"	966	593	353	908	359	537	938	486	419	895	585	293	877	535	342	711	711		11	925	419	506	25
"DE"	2004	"03-26"	569	384	180	540	228	305	546	332	205	526	386	134	511	346	165	477	477		11	453	453		26
"DE"	2004	"03-27"	839	510	324	797	310	473	806	442	342	779	517	249	772	478	294	789	395	394	10	517		517	27
"DE"	2004	"03-28"	128	70	57	121	36	83	126	45	60	116	73	37	119	49	70					107	107		28
"DE"	2004	"03-29"	1176	436	724	1132	245	870	1174	394	694	1119	545	551	1118	416	702					1161	438	723	29
"DE"	2004	"03-30"	1416	427	981	1362	255	1093	1393	501	777	1300	626	630	1284	503	781					1385	522	863	30
"DE"	2004	"03-31"	1978	914	1049	1905	424	1460	1945	859	1033	1897	1052	811	1865	812	1053	1923	875	1026	17	1387		1387	31
"DE"	2004	"03-32"	1312	558	741	1258	308	941	1289	545	691	1251	739	496	1234	539	695	1261	567	685	17	1285	490	795	32
"DE"	2004	"03-33"	1034	390	636	990	195	785	1011	364	594	987	500	467	970	368	602	1003	259	744	16	803		803	33
"DE"	2004	"03-34"	1463	581	863	1386	327	1039	1427	518	804	1366	720	611	1374	589	785					1077		1077	34
"DE"	2004	"03-35"	373	117	254	359	56	299	369	143	201	354	178	166	351	122	229					326		308	35
"DE"	2004	"03-36"	1177	510	657	1119	259	851	1157	570	555	1131	684	436	1104	516	588	1095	384	711	18	1142	412	730	36
"DE"	2004	"03-37"	1326	494	815	1278	286	976	1296	482	753	1265	655	587	1251	540	711	1252	476	776	18	1268	335	933	37
"DE"	2004	"03-38"	2240	857	1367	2144	528	1591	2202	1073	1076	2108	1158	923	2067	865	1202					2216	852	1364	38
"DE"	2004	"03-39"	1045	391	651	1010	188	815	1032	459	541	998	542	445	967	360	607					1027	430	597	39
"DE"	2004	"03-40"	840	431	404	817	265	541	826	444	349	803	546	247	802	472	330	822	614	208	21	605		605	40
"DE"	2004	"03-41"	797	352	439	779	193	573	790	391	367	772	489	266	757	362	395					773	259	514	41
"DE"	2004	"04-01"	994	905	84	834	536	292	903	731	162	841	770	64	814	730	84	841	841		2	826	826		1
"DE"	2004	"04-02"	23	10	12	22	3	19	23	10	13	23	13	10	23	9	14	14	14		2	13	13		2
"DE"	2004	"04-03"	338	318	18	306	234	68	315	244	66	305	284	18	299	279	20	289	289		3	234	234		3
"DE"	2004	"04-04"	1073	699	363	983	359	612	1036	625	400	969	649	311	945	587	358	737	737		2	942	473	469	4
"DE"	2004	"04-05"	522	399	119	494	269	218	498	324	164	484	384	93	469	368	101					424	424		5
"DE"	2004	"04-06"	989	576	402	965	255	698	979	535	412	948	598	329	959	377	582					959	474	485	6
"DE"	2004	"04-07"	658	426	223	618	256	357	638	373	254	612	431	172	613	367	246					625	341	281	7
"DE"	2004	"04-08"	929	641	280	880	416	449	886	490	366	861	611	231	845	562	283					763	763		8
"DE"	2004	"04-09"	928	582	342	787	228	548	804	349	421	758	488	258	735	421	314					760	297	463	9
"DE"	2004	"04-10"	766	573	189	729	373	345	742	477	245	721	538	173	709	507	202					718	462	234	10
"DE"	2004	"04-11"	948	498	434	915	232	672	923	475	431	884	522	344	876	438	438	622		622	4	644		644	11
"DE"	2004	"04-12"	686	307	371	667	77	586	672	281	385	659	309	346	650	246	404	521		521	4	654	126	528	12
"DE"	2004	"04-13"	654	405	242	627	199	427	643	351	279	618	439	176	612	383	229					530	530		13
"DE"	2004	"04-14"	2032	948	1070	1959	507	1435	2012	965	1005	1929	1046	866	1884	894	990	1889	805	1084	18	1985	1424	549	14
"DE"	2004	"04-15"	675	360	307	646	169	471	661	321	336	624	387	235	627	332	295					643	207	436	15
"DE"	2004	"04-16"	511	338	168	472	210	258	490	269	200	466	337	117	463	327	136					478	332	146	16
"DE"	2004	"04-17"	1211	744	455	1148	339	790	1180	693	465	1140	828	297	1122	719	403					1140	885	255	17
"DE"	2004	"04-18"	1121	718	393	1066	385	666	1087	649	420	1062	760	288	1037	659	378					713		713	18
"DE"	2004	"04-19"	909	558	340	876	295	569	896	440	425	861	574	264	838	496	342					715	715		19
"DE"	2004	"04-20"	826	429	391	802	154	636	815	432	373	794	460	326	762	366	396					599		599	20
"DE"	2004	"04-21"	703	369	324	680	146	528	692	360	319	672	397	270	658	312	346					671	171	500	21
"DE"	2004	"04-22"	1100	503	591	1074	160	902	1087	574	503	1050	617	424	1032	417	615					864		864	22
"DE"	2004	"04-23"	1066	668	386	1032	289	730	1042	639	388	1006	691	302	988	573	415	651		651	6	1037	599	438	23
"DE"	2004	"04-24"	965	592	366	911	286	618	940	496	424	889	605	276	875	513	362	676	676		11	703		703	24
"DE"	2004	"04-25"	777	464	301	721	248	468	739	377	335	715	452	251	703	421	282	528	528		11	737	324	413	25
"DE"	2004	"04-26"	1010	630	371	938	385	541	979	570	393	940	641	286	925	564	361	774	774		11	774	774		26
"DE"	2004	"04-27"	570	303	265	540	168	368	557	300	251	526	312	214	516	262	254	535	247	288	10	365		365	27
"DE"	2004	"04-28"	12	5	7	12		12	12	4	7	12	8	3	12	9	3					12	12		28
"DE"	2004	"04-29"	325	156	164	317	102	212	324	130	172	317	182	124	311	153	158					321	144	177	29
"DE"	2004	"04-30"	561	179	374	540	111	420	551	220	280	533	296	214	530	240	290	540	205	335	16	553	227	326	30
"DE"	2004	"04-31"	1140	621	510	1061	313	738	1107	543	508	1065	643	406	1029	505	524	1082	549	519	17	762		762	31
"DE"	2004	"04-32"	463	229	229	439	128	306	449	189	234	435	253	168	429	198	231	439	190	244	17	454	182	272	32
"DE"	2004	"04-33"	1529	594	928	1447	312	1104	1515	616	807	1443	793	612	1416	584	832	1478	468	1010	16	1124		1124	33
"DE"	2004	"04-34"	2233	889	1327	2123	484	1607	2190	872	1199	2119	1091	986	2090	897	1193	2153	914	1209	17	1616		1616	34
"DE"	2004	"04-35"	1293	542	733	1233	322	892	1271	518	667	1225	704	485	1202	565	637					961		858	35
"DE"	2004	"04-36"	1325	496	818	1274	286	967	1300	556	644	1278	731	512	1253	575	678					1291	488	803	36
"DE"	2004	"04-37"	337	112	219	332	56	269	335	113	204	331	142	182	325	126	199					326	83	243	37
"DE"	2004	"04-38"	1672	656	1009	1613	365	1232	1650	822	809	1592	869	716	1519	600	919					1651	634	1017	38
"DE"	2004	"04-39"	1182	518	655	1142	263	865	1159	537	583	1126	665	446	1085	489	596	1145	559	586	21	1140	492	648	39
"DE"	2004	"04-40"	1151	348	791	1118	206	901	1141	490	580	1116	624	472	1095	473	622	1122	743	379	21	918		918	40
"DE"	2004	"04-41"	1030	341	676	999	190	792	1009	397	558	983	500	458	963	376	587					993	221	772	41
"DE"	2004	"05-01"	998	757	232	892	356	528	947	625	311	911	730	173	896	660	236					766	766		1
"DE"	2004	"05-02"	645	531	108	574	320	250	605	373	213	577	468	98	571	470	101	525	525		3	500	500		2
"DE"	2004	"05-03"	616	552	60	501	359	136	545	424	111	508	468	35	512	463	49	488	488		3	493	493		3
"DE"	2004	"05-04"	522	423	91	469	248	215	490	330	152	456	367	86	453	373	80	408	408		3	450	297	153	4
"DE"	2004	"05-05"	776	606	168	734	423	303	755	515	220	722	583	132	713	547	166					668	668		5
"DE"	2004	"05-06"	798	568	226	739	343	383	773	476	274	734	508	206	729	444	285	583	583		2	737	479	258	6
"DE"	2004	"05-07"	653	488	153	621	249	357	637	449	172	597	464	123	592	400	192					621	385	227	7
"DE"	2004	"05-08"	1352	760	586	1308	406	897	1336	681	639	1286	784	495	1230	686	544					1079	1079		8
"DE"	2004	"05-09"	1316	598	713	1269	263	991	1293	549	714	1251	693	542	1236	563	673					1264	342	922	9
"DE"	2004	"05-10"	519	274	243	495	124	364	506	283	214	490	319	161	482	239	243					486	217	254	10
"DE"	2004	"05-11"	679	441	235	658	225	426	668	407	250	653	447	197	638	380	258					386		386	11
"DE"	2004	"05-12"	856	424	421	816	181	624	831	371	447	808	459	342	787	403	384					786	294	492	12
"DE"	2004	"05-13"	1027	680	332	981	357	618	989	481	475	955	654	284	930	615	315					807	807		13
"DE"	2004	"05-14"	1799	808	980	1682	401	1263	1774	894	813	1699	1002	675	1688	762	926	1696	745	951	18	1754	1154	585	14
"DE"	2004	"05-15"	1131	654	467	1054	373	673	1093	562	509	1055	656	386	1031	618	413					1065	495	570	15
"DE"	2004	"05-16"	1086	970	109	981	702	271	1010	792	203	965	896	65	970	887	83	931	931		2	1000	929	71	16
"DE"	2004	"05-17"	781	459	314	737	222	511	755	415	328	728	515	207	718	465	253					758	621	137	17
"DE"	2004	"05-18"	531	349	178	509	208	294	516	287	217	498	347	145	494	318	176					323		323	18
"DE"	2004	"05-19"	1002	560	431	948	291	650	966	512	432	934	630	294	914	563	351					761	761		19
"DE"	2004	"05-20"	370	185	182	353	91	258	363	175	179	355	218	135	348	182	166					252		252	20
"DE"	2004	"05-21"	648	359	279	606	154	447	621	335	279	596	376	212	589	315	274					598	190	408	21
"DE"	2004	"05-22"	1192	485	696	1148	156	980	1175	580	590	1128	583	540	1105	435	670	910		910	6	936		936	22
"DE"	2004	"05-23"	1057	649	386	1021	294	710	1027	614	398	983	654	316	976	557	419	654		654	6	1022	545	477	23
"DE"	2004	"05-24"	781	462	308	739	232	494	748	366	360	717	469	231	705	404	301	573	573		11	585		585	24
"DE"	2004	"05-25"	818	406	402	782	211	560	802	438	353	763	454	296	747	367	380	786	306	480	10	791	274	517	25
"DE"	2004	"05-26"	1118	711	399	1040	474	550	1069	630	409	1016	667	329	993	638	355	839	839		11	836	836		26
"DE"	2004	"05-27"	1361	748	602	1307	377	916	1329	699	608	1296	793	493	1270	728	542					925		925	27
"DE"	2004	"05-28"	1685	853	822	1599	502	1074	1654	710	780	1589	976	539	1582	736	846					1353	1353		28
"DE"	2004	"05-29"	1052	339	696	988	195	778	1029	293	580	973	472	455	979	363	616					1006	333	673	29
"DE"	2004	"05-30"	1617	597	1003	1541	323	1190	1610	636	830	1527	862	609	1513	659	854	1558	586	972	16	1576	606	970	30
"DE"	2004	"05-31"	1275	696	563	1179	366	801	1244	641	561	1178	721	433	1155	592	563	1225	613	597	17	783		783	31
"DE"	2004	"05-32"	528	231	293	513	143	363	522	210	273	517	291	210	504	206	298	520	176	344	16	525	203	322	32
"DE"	2004	"05-33"	1046	403	633	995	233	752	1033	397	529	993	564	395	987	429	558	1005	283	722	16	781		781	33
"DE"	2004	"05-34"	929	326	592	914	129	776	926	344	535	901	435	450	889	298	591	916	229	687	16	770		770	34
"DE"	2004	"05-35"	421	116	299	405	73	322	418	162	233	401	207	183	374	150	224	412	222	190	21	359		337	35
"DE"	2004	"05-36"	380	121	256	370	60	307	378	124	232	370	195	169	370	152	218					373	143	230	36
"DE"	2004	"05-37"	996	287	702	978	140	825	989	364	598	977	471	499	967	361	606					988	156	832	37
"DE"	2004	"05-38"	1167	441	720	1117	254	855	1151	561	570	1090	561	519	1077	419	658					1148	404	744	38
"DE"	2004	"05-39"	1061	352	700	1028	154	863	1048	465	534	1011	577	423	988	370	618	1032	485	547	21	1040	422	618	39
"DE"	2004	"05-40"	726	274	446	713	150	559	715	345	337	692	427	255	674	329	345	714	526	188	21	576		576	40
"DE"	2004	"05-41"	1321	492	814	1288	267	1005	1294	576	657	1269	735	516	1252	510	742					1283	286	997	41
"DE"	2004	"06-01"	555	484	70	478	287	190	493	370	120	478	413	59	469	403	66					456	456		1
"DE"	2004	"06-02"	507	391	108	473	211	257	486	328	152	464	363	94	452	340	112	404	404		2	382	382		2
"DE"	2004	"06-03"	496	434	55	382	242	133	405	315	80	381	347	26	378	334	44	360	360		3	374	374		3
"DE"	2004	"06-04"	1080	697	365	1014	275	726	1045	588	437	1005	634	355	966	590	376					960	430	530	4
"DE"	2004	"06-05"	836	707	127	773	467	302	802	570	212	758	644	99	745	629	116	702	702		11	695	695		5
"DE"	2004	"06-06"	1138	562	569	1100	236	854	1114	563	544	1091	635	451	1079	473	606	769		769	4	1089	484	605	6
"DE"	2004	"06-07"	1217	650	555	1166	307	838	1198	653	526	1158	694	450	1129	542	587					1168	447	707	7
"DE"	2004	"06-08"	1413	709	693	1342	371	954	1381	599	712	1305	751	532	1291	636	655					1062	1062		8
"DE"	2004	"06-09"	1778	999	771	1690	550	1125	1737	973	744	1662	1047	598	1641	939	702	1670	802	868	10	1652	739	913	9
"DE"	2004	"06-10"	647	269	375	626	85	541	638	299	336	621	304	315	600	212	388	503		503	4	603	163	437	10
"DE"	2004	"06-11"	975	512	452	953	214	731	965	501	454	946	545	392	920	434	486	680		680	4	705		705	11
"DE"	2004	"06-12"	1433	689	734	1387	227	1155	1411	714	685	1364	725	630	1341	535	806					1356	360	996	12
"DE"	2004	"06-13"	1001	611	380	946	271	667	976	505	450	932	628	289	928	562	366					777	777		13
"DE"	2004	"06-14"	1763	769	986	1700	485	1202	1737	831	843	1686	929	730	1659	770	889	1660	710	950	18	1726	1145	570	14
"DE"	2004	"06-15"	1197	744	442	1122	452	654	1163	640	496	1115	755	334	1106	674	432	1105	635	470	10	1125	649	476	15
"DE"	2004	"06-16"	492	471	20	404	298	102	432	343	82	412	391	19	405	370	35	418	418		2	429	401	28	16
"DE"	2004	"06-17"	733	560	170	690	345	335	715	477	225	692	547	138	679	523	156					693	589	104	17
"DE"	2004	"06-18"	878	580	288	827	370	447	842	478	348	823	585	224	808	538	270					522		522	18
"DE"	2004	"06-19"	573	334	231	537	207	324	548	283	253	524	337	179	515	315	200					406	406		19
"DE"	2004	"06-20"	942	493	441	913	186	718	927	490	427	895	520	370	874	450	424					658		658	20
"DE"	2004	"06-21"	1006	473	522	977	193	772	995	499	482	962	556	399	941	402	539					962	230	732	21
"DE"	2004	"06-22"	1458	646	801	1417	261	1144	1437	720	702	1396	766	618	1370	587	783					1146		1146	22
"DE"	2004	"06-23"	603	380	217	570	229	318	573	314	230	555	356	171	543	330	213	354		354	6	558	341	217	23
"DE"	2004	"06-24"	882	581	290	820	346	450	843	463	357	813	562	231	800	527	273	672	672		11	555		555	24
"DE"	2004	"06-25"	996	561	425	957	255	687	979	557	406	940	582	349	922	471	451	944	292	652	10	960	300	660	25
"DE"	2004	"06-26"	864	525	333	820	304	510	841	443	370	802	525	259	795	486	309					674	674		26
"DE"	2004	"06-27"	840	533	301	782	323	447	815	460	340	780	526	241	763	486	277					486		486	27
"DE"	2004	"06-28"	229	98	131	217	63	152	230	89	109	216	137	71	216	104	112					199	199		28
"DE"	2004	"06-29"	1217	357	848	1174	213	939	1204	355	684	1144	507	589	1148	372	776					1187	388	799	29
"DE"	2004	"06-30"	1070	355	700	1035	205	822	1055	437	535	1011	537	444	1006	410	596	1035	340	695	16	1037	442	595	30
"DE"	2004	"06-31"	887	508	374	843	297	538	869	432	397	829	555	257	832	467	365	855	472	361	17	627		627	31
"DE"	2004	"06-32"	156	121	35	144	74	66	150	77	60	152	116	29	142	108	34	150	108	36	17	155	83	72	32
"DE"	2004	"06-33"	1267	458	799	1214	247	946	1248	566	606	1200	678	495	1179	493	686	1211	386	825	16	929		929	33
"DE"	2004	"06-34"	1637	627	999	1542	308	1213	1614	660	899	1536	768	747	1501	568	933	1575	440	1135	16	1209		1209	34
"DE"	2004	"06-35"	684	228	451	660	137	515	674	245	372	651	331	292	651	265	386					569		521	35
"DE"	2004	"06-36"	1175	552	610	1127	314	796	1151	568	538	1115	673	417	1100	581	519					1145	517	628	36
"DE"	2004	"06-37"	1629	629	980	1572	308	1233	1595	656	873	1564	861	672	1540	695	845					1577	359	1218	37
"DE"	2004	"06-38"	1475	554	915	1375	412	947	1455	770	644	1377	788	577	1343	593	750					1461	651	810	38
"DE"	2004	"06-39"	1175	427	739	1133	210	905	1158	469	635	1117	603	492	1105	432	673	1143	617	526	21	1141	443	698	39
"DE"	2004	"06-40"	1051	261	780	1001	162	829	1033	426	555	990	517	458	971	350	621	1007	631	376	21	854		854	40
"DE"	2004	"06-41"	743	317	417	719	177	532	736	326	376	708	403	291	698	316	382					721	208	513	41
"DE"	2004	"07-01"	261	212	48	245	135	110	249	177	71	243	195	48	236	174	62	224	224		2	210	210		1
"DE"	2004	"07-02"	152	106	45	141	73	66	146	94	47	141	98	40	135	92	43	109	109		3	111	111		2
"DE"	2004	"07-03"	512	430	76	449	263	183	462	333	121	445	386	57	439	369	70	411	411		3	427	427		3
"DE"	2004	"07-04"	974	624	335	911	289	610	928	526	381	894	579	293	872	550	322					854	423	431	4
"DE"	2004	"07-05"	624	415	203	588	256	325	607	357	234	588	406	172	572	382	190					476	476		5
"DE"	2004	"07-06"	1194	620	568	1150	230	907	1170	601	557	1128	659	461	1118	452	666	800		800	4	1134	521	613	6
"DE"	2004	"07-07"	940	576	354	894	322	562	922	511	390	889	623	246	870	466	404					904	375	522	7
"DE"	2004	"07-08"	1096	485	605	1047	294	741	1080	409	584	1019	575	415	1023	463	560					807	807		8
"DE"	2004	"07-09"	1433	651	771	1375	327	1033	1409	621	747	1351	810	528	1340	623	717					1357	451	906	9
"DE"	2004	"07-10"	1345	694	640	1294	281	994	1315	663	641	1288	761	511	1262	576	686	905		905	4	1276	358	868	10
"DE"	2004	"07-11"	614	261	350	601	68	527	605	291	309	595	325	265	581	240	341	456		456	4	468		468	11
"DE"	2004	"07-12"	1119	509	608	1095	154	935	1105	521	572	1086	546	531	1065	415	650	842		842	4	1054	264	790	12
"DE"	2004	"07-13"	137	91	44	130	38	90	131	80	48	127	94	31	125	84	41					102	102		13
"DE"	2004	"07-14"	1879	750	1119	1801	411	1372	1857	851	939	1791	969	799	1762	743	1019	1762	643	1119	18	1826	1150	665	14
"DE"	2004	"07-15"	1309	749	551	1245	399	835	1283	713	547	1234	816	400	1207	699	508					1260	593	667	15
"DE"	2004	"07-16"	601	440	154	564	269	286	574	364	194	559	448	106	558	405	153					573	408	165	16
"DE"	2004	"07-17"	903	626	269	848	395	445	866	503	339	840	632	192	813	580	233					843	692	151	17
"DE"	2004	"07-18"	747	458	280	700	243	443	724	372	329	698	466	218	677	395	282					453		453	18
"DE"	2004	"07-19"	956	588	358	911	300	603	930	479	427	904	607	288	878	521	357					744	744		19
"DE"	2004	"07-20"	1058	536	516	1031	169	853	1041	526	505	1011	580	424	981	483	498					803		803	20
"DE"	2004	"07-21"	1017	539	466	984	224	746	1000	549	427	965	611	340	943	475	468					976	266	710	21
"DE"	2004	"07-22"	815	420	391	792	188	597	804	398	397	780	438	338	769	384	385					585		585	22
"DE"	2004	"07-23"	934	606	312	896	289	597	911	539	350	883	577	286	864	498	366	534		534	6	898	489	409	23
"DE"	2004	"07-24"	544	349	193	502	221	268	520	305	196	500	358	133	482	318	164	492	282	210	10	328		328	24
"DE"	2004	"07-25"	854	482	358	819	233	577	839	449	370	808	484	304	791	428	363	824	287	537	10	822	252	570	25
"DE"	2004	"07-26"	1389	923	458	1312	498	800	1352	745	569	1290	905	361	1265	845	420	1118	1118		11	1129	1129		26
"DE"	2004	"07-27"	1188	585	591	1133	261	852	1157	566	568	1126	653	455	1094	523	571					849		849	27
"DE"	2004	"07-28"	142	56	82	138	38	98	141	57	63	134	78	47	136	57	79					111	111		28
"DE"	2004	"07-29"	977	327	647	954	154	791	978	367	554	952	452	476	946	305	641	958	338	606	17	967	463	504	29
"DE"	2004	"07-30"	1042	309	718	998	185	795	1028	384	554	997	520	444	988	401	587	1006	300	706	16	1025	412	613	30
"DE"	2004	"07-31"	692	486	195	614	251	351	654	395	227	616	452	149	617	410	207	639	408	219	17	381		381	31
"DE"	2004	"07-32"	87	42	43	84	24	58	83	33	38	84	40	40	82	38	44	84	41	42	17	86	39	47	32
"DE"	2004	"07-33"	659	321	326	626	172	444	643	331	277	627	388	224	606	311	295	627	247	380	16	445		445	33
"DE"	2004	"07-34"	1113	415	693	1062	216	830	1095	405	660	1061	507	539	1046	374	672	1076	344	732	16	869		869	34
"DE"	2004	"07-35"	412	156	251	398	102	290	405	156	217	394	217	163	387	169	218					311		276	35
"DE"	2004	"07-36"	1843	721	1108	1777	413	1349	1821	809	957	1754	953	781	1740	770	970	1718	614	1104	18	1778	738	1040	36
"DE"	2004	"07-37"	761	260	496	750	139	604	758	279	437	747	405	332	744	328	416	748	455	293	21	753	146	607	37
"DE"	2004	"07-38"	1833	673	1147	1755	425	1304	1812	820	917	1742	956	753	1690	705	985					1814	713	1101	38
"DE"	2004	"07-39"	807	335	466	766	195	562	797	337	400	766	475	269	749	356	393	767	453	314	21	773	320	453	39
"DE"	2004	"07-40"	1340	476	849	1287	275	997	1307	676	555	1263	755	475	1236	583	653	1285	797	488	21	1034		1034	40
"DE"	2004	"07-41"	1517	715	789	1439	421	1000	1489	663	732	1428	844	547	1421	688	733					1453	485	968	41
"DE"	2004	"08-01"	169	110	54	155	58	93	157	99	56	150	108	39	150	85	65					120	120		1
"DE"	2004	"08-02"	246	230	15	210	148	61	225	175	46	210	192	18	207	190	17	201	201		3	202	202		2
"DE"	2004	"08-03"	566	498	66	481	269	207	510	363	140	478	413	63	466	396	70	441	441		3	442	442		3
"DE"	2004	"08-04"	15	12	3	14	5	9	15	9	6	14	11	3	14	9	5	15	15		3	14	7	7	4
"DE"	2004	"08-05"	587	393	191	553	241	305	562	312	237	546	379	161	548	370	178					443	443		5
"DE"	2004	"08-06"	1460	838	604	1401	361	1018	1418	744	636	1375	889	461	1375	575	800					1386	651	735	6
"DE"	2004	"08-07"	792	416	369	749	183	557	765	393	360	733	409	316	718	323	395					754	282	470	7
"DE"	2004	"08-08"	792	394	387	757	231	513	770	317	371	738	460	243	741	332	409					603	603		8
"DE"	2004	"08-09"	1004	504	489	964	208	751	986	450	511	947	574	360	929	453	476	930	395	535	10	948	297	651	9
"DE"	2004	"08-10"	820	367	446	801	116	675	809	399	405	792	420	366	768	298	470	592		592	4	784	173	604	10
"DE"	2004	"08-11"	985	496	470	952	201	733	967	467	484	932	525	391	917	429	488	685		685	4	696		696	11
"DE"	2004	"08-12"	648	308	334	632	99	530	642	311	329	623	325	294	597	247	350	477		477	6	603	158	445	12
"DE"	2004	"08-13"	434	294	136	413	173	232	422	209	197	393	291	96	390	261	129					332	332		13
"DE"	2004	"08-15"	1301	827	468	1246	493	745	1265	772	469	1239	866	363	1225	799	426					1259	633	626	15
"DE"	2004	"08-16"	558	391	164	525	204	318	530	294	224	517	393	117	514	363	151	412	412		2	524	358	166	16
"DE"	2004	"08-17"	814	548	255	762	309	448	773	489	272	748	565	173	735	526	209					759	649	110	17
"DE"	2004	"08-18"	622	370	249	599	207	388	606	328	265	592	380	205	580	344	236	488	488		11	431		431	18
"DE"	2004	"08-19"	657	390	264	620	183	429	627	305	310	598	389	197	594	352	242					492	492		19
"DE"	2004	"08-20"	817	365	449	788	130	651	801	408	391	773	423	342	755	311	444					603		603	20
"DE"	2004	"08-21"	951	586	355	907	261	635	931	509	397	889	595	279	869	502	367					908	356	552	21
"DE"	2004	"08-22"	671	362	301	633	163	460	646	347	289	616	372	236	608	310	298					451		451	22
"DE"	2004	"08-23"	1137	654	470	1091	285	789	1115	625	476	1062	689	358	1038	558	480	760		760	6	1084	565	519	23
"DE"	2004	"08-24"	1403	880	514	1323	435	877	1365	755	586	1310	889	402	1283	790	493	1067	1067		11	934		934	24
"DE"	2004	"08-25"	563	325	235	531	153	372	549	296	240	518	334	177	513	282	231					535	278	257	25
"DE"	2004	"08-26"	488	351	132	452	206	240	477	271	193	452	325	119	448	326	122	455	295	160	10	395	395		26
"DE"	2004	"08-27"	1053	541	502	1000	295	691	1026	551	454	981	572	396	971	476	495	988	453	535	10	712		712	27
"DE"	2004	"08-28"	1815	928	878	1703	531	1156	1788	877	825	1689	1056	597	1678	806	872					1334	1334		28
"DE"	2004	"08-30"	266	66	195	259	35	220	262	76	169	256	93	153	252	82	170	260	61	199	16	258	95	163	30
"DE"	2004	"08-32"	29	7	21	24	5	19	27	6	19	25	10	14	29	10	19	29	9	20	16	29	10	19	32
"DE"	2004	"08-33"	510	205	302	485	98	381	498	240	230	479	273	194	467	194	273	478	128	350	18	369		369	33
"DE"	2004	"08-34"	330	121	208	322	60	259	329	100	200	322	157	157	317	116	201	320	86	234	16	265		265	34
"DE"	2004	"08-36"	848	354	491	818	210	595	829	371	388	805	479	303	799	408	391					822	360	462	36
"DE"	2004	"08-37"	285	135	148	271	69	193	285	131	138	275	170	96	274	142	132					277	82	195	37
"DE"	2004	"08-38"	806	307	493	744	149	586	776	382	367	732	428	296	716	315	401					777	312	465	38
"DE"	2004	"08-41"	1690	713	969	1599	448	1126	1657	787	788	1588	876	674	1558	699	859					1638	772	866	41
"DE"	2004	"09-01"	1337	1226	105	1153	769	377	1245	998	229	1151	1058	83	1157	1041	116	1139	1139		2	1143	1143		1
"DE"	2004	"09-02"	383	344	38	339	227	109	346	272	69	336	306	27	338	309	29	314	314		3	328	328		2
"DE"	2004	"09-03"	714	610	102	606	368	233	651	437	203	596	497	96	575	479	96	534	534		3	544	544		3
"DE"	2004	"09-04"	650	459	182	611	238	363	616	389	211	601	431	156	582	421	161					592	319	273	4
"DE"	2004	"09-05"	819	631	186	763	455	300	776	515	248	749	609	132	760	580	180					663	663		5
"DE"	2004	"09-06"	233	112	120	226	42	182	230	113	115	225	122	102	225	78	147					219	91	128	6
"DE"	2004	"09-07"	369	204	157	358	62	288	367	188	174	351	216	128	345	160	185	233		233	4	354	128	223	7
"DE"	2004	"09-08"	555	264	285	531	135	383	539	181	269	520	308	183	527	225	302					433	433		8
"DE"	2004	"09-09"	843	399	440	805	219	580	835	359	408	789	468	299	799	348	451					799	355	444	9
"DE"	2004	"09-10"	1060	597	453	1019	286	722	1034	569	442	981	612	354	963	505	458					979	400	569	10
"DE"	2004	"09-11"	921	500	414	886	202	676	902	490	404	879	517	355	858	414	444	615		615	4	643		643	11
"DE"	2004	"09-12"	905	568	330	866	266	589	884	465	408	853	563	278	843	511	332					845	406	439	12
"DE"	2004	"09-13"	1033	660	360	986	348	627	1002	548	423	970	613	310	948	614	334					804	804		13
"DE"	2004	"09-15"	1748	884	854	1691	435	1250	1722	849	843	1648	999	634	1630	844	786					1667	645	1022	15
"DE"	2004	"09-16"	875	681	184	818	472	342	846	596	236	811	693	116	789	619	170					833	701	132	16
"DE"	2004	"09-17"	815	500	308	795	256	535	798	428	348	774	529	231	770	497	273					789	636	153	17
"DE"	2004	"09-18"	639	364	271	602	202	395	630	347	269	612	413	193	598	351	247					421		421	18
"DE"	2004	"09-19"	414	270	141	387	153	230	401	232	160	384	269	110	378	260	118					325	325		19
"DE"	2004	"09-20"	1181	504	669	1148	174	961	1163	547	607	1130	577	545	1098	411	687					898		898	20
"DE"	2004	"09-21"	982	586	388	930	256	663	958	529	404	914	614	293	906	515	391					932	314	618	21
"DE"	2004	"09-22"	1074	536	527	1040	206	827	1060	567	485	1018	591	418	991	443	548					801		801	22
"DE"	2004	"09-23"	1093	583	502	1075	210	854	1085	624	454	1053	651	396	1031	471	560	764		764	6	1064	548	516	23
"DE"	2004	"09-24"	639	392	246	618	201	415	626	349	263	606	405	196	588	360	228	595	288	307	10	428		428	24
"DE"	2004	"09-25"	422	276	143	390	168	220	401	212	184	384	250	132	377	231	146	379	214	165	10	397	188	209	25
"DE"	2004	"09-26"	1083	826	252	996	528	458	1035	597	393	984	727	232	974	731	243	886	886		11	897	897		26
"DE"	2004	"09-27"	1008	584	416	961	298	654	989	523	446	959	596	352	938	523	415	957	431	526	10	687		687	27
"DE"	2004	"09-28"	64	35	29	58	14	44	62	18	38	59	30	28	56	22	34					50	50		28
"DE"	2004	"09-32"	946	389	546	863	209	642	914	370	511	852	447	387	842	333	509	864	258	606	16	871	272	599	32
"DE"	2004	"09-33"	979	313	654	957	152	791	975	453	481	951	514	412	906	364	542	958	185	773	18	791		791	33
"DE"	2004	"09-34"	197	58	139	190	31	156	192	82	107	189	91	95	188	54	134	191	30	161	16	168		168	34
"DE"	2004	"09-41"	376	147	225	358	102	250	368	158	190	359	193	156	358	175	183	351	163	188	18	365	184	181	41
"DE"	2004	"10-01"	648	502	140	601	331	258	620	429	176	603	465	124	581	435	146	530	530		2	526	526		1
"DE"	2004	"10-02"	928	610	308	856	311	538	892	497	376	851	608	231	837	601	236	736	736		3	638	638		2
"DE"	2004	"10-03"	622	566	46	485	360	115	514	413	92	488	455	27	470	429	41	456	456		3	464	464		3
"DE"	2004	"10-04"	698	512	180	654	279	367	673	410	252	649	469	172	642	491	151					635	371	264	4
"DE"	2004	"10-05"	809	630	171	765	447	305	783	509	250	764	612	140	753	601	152					688	688		5
"DE"	2004	"10-06"	1145	718	408	1080	399	668	1102	596	479	1071	703	350	1071	577	494					1076	646	430	6
"DE"	2004	"10-07"	769	377	376	748	136	600	751	403	333	729	435	287	720	328	392					745	245	495	7
"DE"	2004	"10-08"	12	7	5	11	2	9	11	2	6	10	5	3	11	4	7					10	10		8
"DE"	2004	"10-09"	1141	509	622	1086	217	857	1116	514	584	1061	595	454	1039	471	568	1052	438	614	10	1094	286	808	9
"DE"	2004	"10-10"	805	593	206	730	424	299	758	501	241	738	560	168	721	505	216					720	488	224	10
"DE"	2004	"10-11"	1119	487	625	1093	126	959	1111	517	584	1095	565	520	1058	375	683	857		857	4	896		896	11
"DE"	2004	"10-12"	1006	452	544	977	162	796	989	501	470	966	531	422	941	395	546	733		733	4	938	253	685	12
"DE"	2004	"10-13"	794	542	247	756	278	471	773	408	344	743	528	200	736	519	217					619	619		13
"DE"	2004	"10-16"	367	263	101	345	158	183	353	179	164	341	253	83	327	228	99					349	248	101	16
"DE"	2004	"10-17"	788	538	239	738	321	411	769	457	298	739	539	188	723	490	233					738	585	153	17
"DE"	2004	"10-18"	720	424	289	686	224	451	696	384	289	674	439	222	660	387	273					488		488	18
"DE"	2004	"10-19"	272	134	138	261	56	204	269	143	120	264	171	90	257	134	123					216	216		19
"DE"	2004	"10-20"	755	409	335	732	200	525	735	393	321	722	469	246	710	348	362					505		505	20
"DE"	2004	"10-21"	434	236	191	414	106	304	423	210	204	404	222	175	394	192	202					399	124	275	21
"DE"	2004	"10-22"	753	321	425	731	130	591	744	413	325	712	415	293	693	284	409	537		537	6	553		553	22
"DE"	2004	"10-23"	573	244	325	547	101	442	557	260	289	542	290	249	531	229	302	399		399	6	546	275	271	23
"DE"	2004	"10-27"	863	412	445	832	175	646	845	431	405	825	468	348	795	377	418	782	311	471	10	628		628	27
"DE"	2004	"10-28"	109	76	33	96	49	44	102	54	42	93	61	29	91	59	32	93	53	40	17	74	74		28
"DE"	2004	"10-32"	89	26	62	87	13	73	88	21	56	87	46	40	86	25	61	88	26	61	17	88	19	69	32
"DE"	2004	"10-33"	297	78	216	290	47	229	290	93	183	283	126	148	286	109	177	287	78	209	16	255		255	33
"DE"	2004	"10-34"	659	211	445	624	121	491	635	209	366	614	303	293	612	222	390					498		498	34
"DE"	2004	"11-01"	720	607	107	662	355	292	687	489	185	664	559	95	657	535	122					619	619		1
"DE"	2004	"11-02"	854	809	37	700	521	174	754	604	135	700	660	32	682	639	43	700	700		2	721	721		2
"DE"	2004	"11-03"	316	301	12	286	204	78	298	241	51	285	268	13	280	267	13	284	284		2	275	275		3
"DE"	2004	"11-04"	1108	458	644	1074	182	877	1081	456	618	1050	463	580	1017	374	643	840		840	4	1021	283	738	4
"DE"	2004	"11-05"	816	642	167	654	347	294	682	432	228	646	492	141	637	470	167					560	560		5
"DE"	2004	"11-06"	618	410	196	573	247	321	597	336	242	576	409	153	570	351	219					580	370	210	6
"DE"	2004	"11-07"	803	395	396	767	142	609	788	372	398	769	400	354	756	328	428					779	263	507	7
"DE"	2004	"11-08"	549	261	280	515	147	361	538	182	261	502	308	174	510	229	281					423	423		8
"DE"	2004	"11-10"	876	534	337	1058	523	522	1089	656	404	1050	794	239	934	684	250					717	472	228	10
"DE"	2004	"11-11"	764	404	357	733	154	570	745	389	348	722	388	324	714	313	401	519		519	4	532		532	11
"DE"	2004	"11-12"	1134	426	694	1095	125	958	1115	467	641	1078	455	611	1055	328	727	881		881	4	1053	228	825	12
"DE"	2004	"11-13"	1005	750	246	947	443	491	963	655	279	950	778	151	933	738	195	846	846		3	834	834		13
"DE"	2004	"11-16"	1077	810	249	1000	536	451	1026	618	380	986	772	202	985	752	233	856	856		2	1016	741	275	16
"DE"	2004	"11-17"	662	433	225	637	247	381	638	315	279	622	430	175	619	426	193					622	503	119	17
"DE"	2004	"11-18"	625	396	221	587	259	317	593	324	257	566	372	185	567	355	212					371		371	18
"DE"	2004	"11-19"	1278	805	457	1218	431	775	1236	653	558	1207	846	347	1169	768	401					981	981		19
"DE"	2004	"11-20"	659	322	334	633	126	502	648	306	337	627	350	273	611	284	327					516		516	20
"DE"	2004	"11-21"	947	511	429	917	225	673	930	448	445	907	541	345	901	475	426					889	321	568	21
"DE"	2004	"11-22"	979	563	408	941	234	691	950	519	415	920	573	336	897	473	424					681		681	22
"DE"	2004	"11-28"	764	455	302	717	284	422	743	375	335	712	495	204	706	400	306	731	377	347	17	591	591		28
"DE"	2004	"12-02"	452	424	25	363	268	90	392	307	82	369	347	16	340	314	26	344	344		2	374	374		2
"DE"	2004	"12-03"	54	44	10	52	24	27	54	33	18	51	40	10	53	40	13					42	42		3
"DE"	2004	"12-04"	182	119	62	163	38	124	172	97	72	166	111	52	160	100	60					161	74	87	4
"DE"	2004	"12-06"	261	172	86	247	94	150	254	151	102	243	165	76	246	142	104	195	195		2	244	149	95	6
"DE"	2004	"12-07"	1085	514	558	1060	171	883	1068	525	533	1045	581	456	1026	437	589					1052	360	688	7
"DE"	2004	"12-08"	119	54	64	110	31	77	116	54	52	112	67	42	111	50	61					91	91		8
"DE"	2004	"12-10"	175	80	89	168	27	139	173	75	93	164	86	76	161	55	106					165	46	114	10
"DE"	2004	"12-11"	524	301	217	494	156	330	509	276	220	485	298	177	480	250	230					334		334	11
"DE"	2004	"12-12"	1337	722	605	1306	302	994	1330	674	631	1293	773	510	1269	666	603					1276	536	740	12
"DE"	2004	"12-13"	591	390	199	555	204	346	569	324	233	547	393	148	547	375	172	443	443		3	449	449		13
"DE"	2004	"12-17"	724	473	243	683	287	390	688	365	301	662	474	176	656	448	208					679	582	97	17
"DE"	2004	"12-20"	1372	651	710	1329	228	1095	1346	675	661	1299	712	580	1281	543	738	1020		1020	6	1028		1028	20
"DE"	2004	"12-21"	208	93	114	200	39	158	205	106	99	201	108	92	194	76	118					200	51	149	21
"DE"	2004	"12-22"	708	408	294	674	199	465	685	379	291	656	417	231	646	362	284					460		460	22
"DE"	2004	"12-28"	231	123	106	214	66	148	227	110	102	216	155	57	217	100	117	219	110	109	17	178	178		28
"DE"	2004	"13-02"	450	428	21	379	262	112	415	316	92	382	357	23	382	350	32	372	372		2	374	374		2
"DE"	2004	"13-04"	456	290	162	433	143	281	440	217	205	432	268	152	425	273	152	336	336		3	419	224	195	4
"DE"	2004	"13-07"	1024	525	492	996	163	816	997	509	473	982	538	429	959	420	539					986	382	593	7
"DE"	2004	"13-11"	717	441	263	683	216	452	697	374	294	681	452	210	671	360	311					418		418	11
"DE"	2004	"13-20"	1125	521	592	1086	200	866	1110	577	516	1078	624	440	1048	495	553	812		812	4	847		847	20
"DE"	2004	"13-21"	353	170	180	349	86	256	347	169	173	342	203	135	339	175	164					342	136	206	21
"DE"	2004	"13-22"	78	39	39	78	17	61	76	41	34	77	43	34	76	35	41	47		47	6	48		48	22
"DE"	2004	"13-28"	189	73	115	175	25	145	181	71	93	179	91	79	174	68	106					122	122		28
"DE"	2004	"14-02"	35	32	2	31	24	6	32	25	5	30	29	1	30	29	1	31	31		2	30	30		2
"DE"	2004	"14-04"	223	98	120	211	23	187	217	69	147	213	88	124	207	76	131	121	121		3	215	59	156	4
"DE"	2004	"14-07"	76	42	33	74	17	54	73	37	33	72	41	29	72	31	41	50		50	4	74	32	40	7
"DE"	2004	"14-11"	896	612	279	837	339	488	865	472	354	836	587	234	815	485	330					468		468	11
"DE"	2004	"14-21"	203	100	100	194	49	141	195	100	90	192	116	74	184	93	91					190	63	127	21
"DE"	2004	"14-22"	333	192	139	323	83	238	323	177	142	316	193	122	304	158	146	214		214	6	224		224	22
"DE"	2004	"15-04"	45	36	7	40	16	22	45	33	12	40	33	6	39	33	6	34	34		3	37	25	12	4
"DE"	2004	"16-02"	478	363	108	424	223	199	448	298	138	414	340	70	409	314	95	385	385		3	356	356		2
"DE"	2004	"16-04"	225	58	166	216	10	206	217	58	158	204	54	150	197	37	160	185		185	4	199	24	175	4
"DE"	2004	"16-31"	58	36	20	33	16	15																	
"DE"	2004	"16-41"	83	50	32	67	21	45																	
"DE"	2004	"17-02"	135	75	59	116	31	85																	
"DE"	2004	"17-04"	163	109	50	154	42	112	160	81	74	157	102	49	152	105	47					153	76	77	4
"DE"	2004	"18-04"	72	57	15	69	33	35	68	34	33	68	50	16	66	55	11	59	59		3	65	41	24	4
"DE"	2004	"19-04"	45	35	9	42	26	16	42	27	14	41	34	7	40	33	7	33	33		3	39	26	13	4
