state	year	precinct	g2002_USS_tv	g2002_USS_dv	g2002_USS_rv	g2002_USH_tv	g2002_USH_dv	g2002_USH_rv	g2002_ATG_tv	g2002_ATG_dv	g2002_ATG_rv	g2002_TRE_tv	g2002_TRE_dv	g2002_TRE_rv	g2002_AUD_tv	g2002_AUD_dv	g2002_AUD_rv	g2002_STS_tv	g2002_STS_dv	g2002_STS_rv	sd	g2002_STH_tv	g2002_STH_dv	g2002_STH_rv	ld
"DE"	2002	"01-01"	669	571	89	659	330	316	653	462	131	648	578	70	634	433	201	648	519	129	1	586	586		1
"DE"	2002	"01-02"	5	4	1	5	5		5	5		5	5		5	5		5	4	1	3	5	5		2
"DE"	2002	"01-03"	308	274	30	289	206	75	291	220	38	290	270	20	275	228	47	300	223	77	3	298	230	68	3
"DE"	2002	"01-04"	793	481	296	789	113	667	787	498	258	776	544	232	764	263	501	777	400	377	1	606		606	4
"DE"	2002	"01-05"	387	276	105	381	169	207	382	215	142	368	283	85	364	205	159	315	315		11	309	309		5
"DE"	2002	"01-06"	453	261	183	447	88	345	445	183	218	435	270	165	429	146	283	438	233	205	1	440	129	296	6
"DE"	2002	"01-07"	494	284	206	485	70	414	490	218	240	478	290	188	477	151	326	474	142	332	4	492	216	270	7
"DE"	2002	"01-08"	633	324	302	622	106	509	623	226	364	600	296	304	598	162	436	605	195	410	10	629	354	275	8
"DE"	2002	"01-09"	335	176	157	332	93	236	331	160	152	330	205	125	325	147	178	330	155	171	14	238		238	9
"DE"	2002	"01-10"	583	332	244	575	149	414	574	271	272	562	343	219	552	226	326	558	218	340	4	440	406		10
"DE"	2002	"01-11"	368	180	186	362	63	291	360	170	173	354	208	146	350	99	251	289		289	5	348	99	249	11
"DE"	2002	"01-12"	498	318	175	492	161	327	489	244	205	467	330	137	472	234	238	406	406		7	336		336	12
"DE"	2002	"01-13"	658	433	217	658	177	472	651	297	295	636	432	204	638	293	345	519	519		7	529	529		13
"DE"	2002	"01-14"	1426	766	650	1390	286	1094	1407	546	806	1353	850	503	1343	449	894	1355	619	736	18	1412	754	648	14
"DE"	2002	"01-15"	663	459	194	654	317	326	652	373	232	642	469	173	639	377	262	447		447	12	653	358	295	15
"DE"	2002	"01-16"	241	178	61	237	103	126	230	129	64	227	181	46	228	126	102	205	205		13	210	210		16
"DE"	2002	"01-17"	46	29	17	44	16	28	43	22	19	45	34	11	44	19	25	33	33		2	34	34		17
"DE"	2002	"01-18"	521	325	190	516	168	338	519	268	213	512	361	151	497	225	272	509	321	188	9	403		403	18
"DE"	2002	"01-19"	827	558	260	806	236	563	798	416	324	781	562	219	781	368	413	803	554	249	9	656	656		19
"DE"	2002	"01-20"	677	333	335	667	95	563	670	265	341	646	329	317	643	188	455	456	456		7	575		575	20
"DE"	2002	"01-21"	777	423	348	769	138	625	773	307	421	746	452	294	737	236	501	763	345	418	8	641		641	21
"DE"	2002	"01-22"	335	175	158	331	35	290	330	115	194	323	178	145	316	67	249	318	65	253	4	277		277	22
"DE"	2002	"01-23"	167	113	41	158	62	85	157	74	56	152	113	39	151	91	60	160	102	58	6	163	102	61	23
"DE"	2002	"01-24"	227	140	86	224	63	159	225	106	111	224	143	81	222	93	129	225	94	131	10	180		180	24
"DE"	2002	"01-25"	384	285	92	378	142	223	381	185	128	364	278	86	358	201	157	369	196	173	6	378	219	159	25
"DE"	2002	"01-26"	285	188	93	280	106	169	278	144	102	268	190	78	269	140	129	229	229		11	239	230		26
"DE"	2002	"01-27"	491	287	193	487	139	331	486	217	231	475	290	185	468	194	274	484	183	301	10	367		367	27
"DE"	2002	"01-28"	310	174	131	302	110	184	303	145	142	295	195	100	291	117	174	305	167	128	14	305	208	90	28
"DE"	2002	"01-29"	1309	693	608	1281	351	907	1295	514	738	1252	804	448	1264	397	867	991	991		15	1274	433	841	29
"DE"	2002	"01-30"	957	445	502	936	219	705	942	352	557	931	581	350	920	255	665	702	702		15	942	371	571	30
"DE"	2002	"01-31"	146	55	91	147	32	114	146	36	106	142	85	57	143	25	118	103	103		15	148	35	113	31
"DE"	2002	"01-32"	883	468	409	853	282	562	863	363	473	844	561	283	840	279	561	571		571	17	880	440	433	32
"DE"	2002	"01-33"	125	59	66	123	34	89	121	49	65	121	78	43	121	34	87	92	92		15	124	50	74	33
"DE"	2002	"01-34"	64	17	46	65	11	54	62	9	52	60	28	32	63	10	53	59		59	17	61		61	34
"DE"	2002	"01-35"	1122	413	703	1078	210	836	1090	345	709	1071	532	539	1071	231	840	1074	730	344	19	956		899	35
"DE"	2002	"01-36"	981	500	476	968	162	791	974	344	597	951	599	352	956	206	750	965	249	716	18	963	274	663	36
"DE"	2002	"01-37"	1453	797	644	1438	267	1157	1436	570	804	1401	899	502	1370	417	953	1397	549	848	18	1440	978	462	37
"DE"	2002	"01-38"	1345	574	762	1325	235	1075	1321	438	849	1297	655	642	1275	325	950	1327	714	601	20	1342	599	724	38
"DE"	2002	"01-39"	357	132	224	356	62	293	350	112	236	347	188	159	346	83	263	345	223	122	19	351	114	237	39
"DE"	2002	"01-40"	857	446	407	842	180	658	842	330	497	825	514	311	818	237	581	687	687		21	695		695	40
"DE"	2002	"01-41"	784	388	394	779	137	637	776	270	490	755	475	280	755	188	567	547	547		21	788	325	461	41
"DE"	2002	"02-01"	504	457	43	488	332	152	485	344	81	476	437	39	469	369	100	484	433	51	1	461	461		1
"DE"	2002	"02-02"	535	514	20	496	402	91	503	400	57	478	465	13	465	410	55	485	485		2	499	499		2
"DE"	2002	"02-03"	612	482	125	606	208	393	604	377	179	586	490	96	582	354	228	600	454	146	3	604	488	116	3
"DE"	2002	"02-04"	404	233	169	404	38	361	403	211	177	391	234	157	384	102	282	393	93	300	4	335		335	4
"DE"	2002	"02-05"	247	177	66	240	111	124	243	122	91	237	177	60	237	142	95	197	197		11	202	202		5
"DE"	2002	"02-06"	896	576	312	887	180	696	890	459	369	868	611	257	855	352	503	880	534	346	1	877	306	556	6
"DE"	2002	"02-07"	760	416	338	749	116	624	746	309	390	740	434	306	720	215	505	583		583	5	756	291	458	7
"DE"	2002	"02-08"	687	390	283	675	194	468	676	290	344	659	420	239	649	253	396	674	374	287	14	682	359	323	8
"DE"	2002	"02-09"	817	446	358	804	191	601	806	318	439	785	455	330	782	280	502	789	325	464	10	629		629	9
"DE"	2002	"02-10"	739	426	306	731	134	579	732	365	320	719	460	259	710	251	459	716	238	478	4	634	578		10
"DE"	2002	"02-11"	360	206	144	358	79	270	355	147	175	354	229	125	352	135	217	274		274	5	347	142	205	11
"DE"	2002	"02-12"	131	77	52	127	35	90	126	68	51	122	76	46	123	52	71	127	73	54	8	80		80	12
"DE"	2002	"02-13"	46	28	18	44	19	25	44	23	19	44	32	12	44	21	23	45	30	15	3	33	33		13
"DE"	2002	"02-14"	1047	588	449	1020	237	774	1025	454	523	1003	626	377	979	370	609	982	504	478	18	1032	534	491	14
"DE"	2002	"02-15"	436	309	123	435	204	226	429	249	151	417	305	112	409	239	170	301		301	12	430	236	194	15
"DE"	2002	"02-16"	363	337	26	342	272	70	335	253	56	335	309	26	330	285	45	328	328		2	304	304		16
"DE"	2002	"02-17"	181	135	44	179	77	98	179	102	56	175	138	37	171	99	72	143	143		13	143	143		17
"DE"	2002	"02-18"	200	132	63	193	66	122	193	89	83	188	120	68	186	92	94	187	108	79	9	135		135	18
"DE"	2002	"02-19"	501	331	167	490	155	328	502	246	197	489	354	135	482	236	246	491	350	141	9	425	425		19
"DE"	2002	"02-20"	514	306	203	506	95	401	508	228	235	498	334	164	489	164	325	507	273	234	8	410		410	20
"DE"	2002	"02-21"	411	232	177	395	86	305	403	186	183	396	267	129	391	147	244	405	192	213	9	321		321	21
"DE"	2002	"02-22"	507	275	228	503	108	394	504	221	252	494	313	181	490	166	324	504	278	226	6	380		380	22
"DE"	2002	"02-23"	765	446	310	764	152	599	761	345	349	758	523	235	744	262	482	756	361	395	6	765	330	435	23
"DE"	2002	"02-24"	607	400	200	591	206	376	600	297	262	578	405	173	571	268	303	477	477		11	450		450	24
"DE"	2002	"02-25"	708	410	283	701	199	490	697	311	313	669	464	205	663	286	377	688	227	461	10	694	255	439	25
"DE"	2002	"02-26"	418	270	144	409	173	232	408	224	152	400	269	131	401	213	188	404	232	172	10	346	332		26
"DE"	2002	"02-27"	356	197	157	352	106	242	349	141	182	344	216	128	338	139	199	349	133	216	10	271		271	27
"DE"	2002	"02-28"	1123	667	445	1097	302	780	1108	488	583	1070	760	310	1067	338	729	1120	809	299	14	1119	793	317	28
"DE"	2002	"02-29"	793	397	387	777	186	582	776	303	448	760	461	299	756	214	542	582	582		15	768	247	521	29
"DE"	2002	"02-30"	194	93	100	190	45	144	191	78	109	188	110	78	188	46	142	151	151		15	192	67	125	30
"DE"	2002	"02-31"	1093	583	505	1082	267	809	1081	430	605	1061	687	374	1063	311	752	804		804	17	1083	404	679	31
"DE"	2002	"02-32"	888	459	419	853	215	632	869	339	499	844	550	294	844	237	607	623		623	17	888	388	494	32
"DE"	2002	"02-33"	689	318	368	676	128	538	676	240	413	650	393	257	653	162	491	680	240	440	16	677	230	447	33
"DE"	2002	"02-34"	114	37	77	111	17	94	114	37	71	111	54	57	113	15	98	92		92	17	95		95	34
"DE"	2002	"02-35"	1409	706	699	1368	341	1013	1361	517	815	1332	833	499	1317	359	958	1371	966	405	19	1142		1076	35
"DE"	2002	"02-36"	874	356	513	870	113	751	863	258	584	847	483	364	843	120	723	857	192	665	18	866	196	650	36
"DE"	2002	"02-37"	1329	713	603	1318	246	1058	1313	546	706	1271	812	459	1263	365	898	1280	564	716	18	1317	845	472	37
"DE"	2002	"02-38"	1222	627	587	1201	304	879	1192	510	659	1153	699	454	1135	409	726	1194	704	475	20	1229	639	567	38
"DE"	2002	"02-39"	988	527	453	956	163	782	965	350	589	939	579	360	937	240	697	672	672		21	972	304	668	39
"DE"	2002	"02-40"	1051	478	567	1041	190	842	1048	369	656	1019	613	406	1019	221	798	824	824		21	908		908	40
"DE"	2002	"02-41"	699	362	334	679	142	533	678	249	409	670	419	251	661	159	502	676	387	273	20	685	254	425	41
"DE"	2002	"03-01"	401	375	23	389	305	82	387	305	60	379	353	26	366	311	55	373	348	25	1	367	367		1
"DE"	2002	"03-02"	101	88	11	97	74	22	96	58	17	90	82	8	86	64	22	97	50	47	3	84	84		2
"DE"	2002	"03-03"	111	92	19	108	50	58	105	69	28	103	86	17	100	58	42	105	86	19	1	105	78	27	3
"DE"	2002	"03-04"	1028	667	353	1014	151	853	1030	635	344	1001	732	269	978	340	638	1016	523	493	1	832		832	4
"DE"	2002	"03-05"	160	106	52	155	76	77	157	72	71	151	105	46	150	84	66	119	119		13	123	123		5
"DE"	2002	"03-06"	443	310	125	443	166	266	437	242	160	432	335	97	426	218	208	437	288	149	1	440	162	265	6
"DE"	2002	"03-07"	817	458	351	814	120	683	805	372	391	792	515	277	785	236	549	637		637	5	810	363	442	7
"DE"	2002	"03-08"	528	301	224	517	152	361	513	222	262	500	305	195	496	211	285	510	262	243	14	519	300	219	8
"DE"	2002	"03-09"	694	386	300	679	184	489	680	282	354	662	391	271	655	243	412	674	311	346	14	500		500	9
"DE"	2002	"03-10"	723	371	346	710	141	560	712	317	365	690	395	295	683	222	461	566		566	5	596	557		10
"DE"	2002	"03-11"	765	432	328	756	124	626	747	322	381	738	457	281	732	227	505	735	227	508	4	733	227	506	11
"DE"	2002	"03-12"	544	357	173	530	174	340	536	251	227	517	375	142	514	258	256	437	437		7	341		341	12
"DE"	2002	"03-13"	153	127	23	149	70	78	152	108	32	144	127	17	143	101	42	148	128	20	3	131	131		13
"DE"	2002	"03-14"	1132	637	482	1100	215	873	1105	518	521	1068	665	403	1045	348	697	1088	662	393	20	1113	586	510	14
"DE"	2002	"03-15"	412	262	145	411	155	252	409	189	193	402	273	129	398	193	205	286		286	12	408	160	248	15
"DE"	2002	"03-16"	538	520	14	510	418	89	508	412	60	491	472	19	485	424	61	488	488		13	467	467		16
"DE"	2002	"03-17"	473	345	124	456	173	276	457	268	144	447	355	92	439	229	210	333		333	12	400	400		17
"DE"	2002	"03-18"	410	269	131	411	160	240	411	206	167	400	281	119	396	206	190	402	255	147	9	265		265	18
"DE"	2002	"03-19"	593	314	268	587	114	464	591	262	279	571	369	202	567	201	366	582	291	291	8	465	465		19
"DE"	2002	"03-20"	563	319	242	556	139	413	557	297	227	542	377	165	544	224	320	555	325	230	8	406		406	20
"DE"	2002	"03-21"	535	315	215	530	128	396	523	253	234	515	341	174	511	195	316	520	275	245	9	428		428	21
"DE"	2002	"03-22"	328	161	167	325	31	292	326	121	186	320	190	130	314	88	226	326	121	205	6	282		282	22
"DE"	2002	"03-23"	762	477	278	755	128	612	757	354	321	740	522	218	720	295	425	747	331	416	6	756	367	389	23
"DE"	2002	"03-24"	323	193	126	316	114	198	314	145	145	308	214	94	305	149	156	309	179	130	9	208		208	24
"DE"	2002	"03-25"	558	348	205	551	196	352	544	272	236	533	378	155	528	258	270	444	444		11	553	256	297	25
"DE"	2002	"03-26"	298	209	87	294	99	191	297	155	124	293	219	74	285	142	143	251	251		11	245	237		26
"DE"	2002	"03-27"	411	258	147	404	151	248	402	190	180	390	267	123	380	184	196	395	186	209	10	288		288	27
"DE"	2002	"03-28"	92	60	32	90	30	59	92	43	48	86	62	24	91	37	54	75	75		15	93	68	25	28
"DE"	2002	"03-29"	652	276	372	629	160	459	641	226	384	625	340	285	622	177	445	452	452		15	638	196	442	29
"DE"	2002	"03-30"	952	349	594	939	174	752	943	308	597	908	530	378	914	192	722	636	636		15	951	332	619	30
"DE"	2002	"03-31"	1361	670	683	1334	274	1048	1331	484	796	1306	825	481	1311	328	983	960		960	17	1336	444	892	31
"DE"	2002	"03-32"	980	443	531	954	206	745	959	372	567	938	591	347	937	237	700	681		681	17	970	368	595	32
"DE"	2002	"03-33"	649	300	344	637	140	492	636	250	372	627	379	248	626	148	478	638	201	437	16	637	237	400	33
"DE"	2002	"03-34"	779	361	411	765	205	554	762	312	427	745	472	273	749	205	544	553	553		15	585		585	34
"DE"	2002	"03-35"	273	119	148	269	50	213	271	97	167	268	156	112	267	66	201	271	182	89	19	243		224	35
"DE"	2002	"03-36"	768	399	364	759	178	570	754	293	436	737	457	280	741	232	509	739	332	407	18	764	203	534	36
"DE"	2002	"03-37"	806	400	395	799	171	612	801	327	420	785	497	288	786	207	579	784	414	370	18	797	399	398	37
"DE"	2002	"03-38"	1472	727	732	1442	338	1089	1441	572	827	1398	792	606	1346	457	889	1424	805	582	20	1476	776	679	38
"DE"	2002	"03-39"	720	354	363	706	114	585	710	240	452	689	384	305	693	157	536	687	395	292	19	715	224	491	39
"DE"	2002	"03-40"	575	366	206	564	205	350	560	269	275	552	384	168	551	220	331	465	465		21	429		429	40
"DE"	2002	"03-41"	587	361	219	568	198	367	553	243	303	552	378	174	542	210	332	573	426	133	20	569	276	285	41
"DE"	2002	"04-01"	518	480	35	502	366	135	485	360	79	469	444	25	469	389	80	475	475		2	460	460		1
"DE"	2002	"04-02"	13	7	6	13	4	9	13	8	3	12	10	2	12	6	6	8	8		2	7	7		2
"DE"	2002	"04-03"	137	125	9	130	95	33	129	102	20	121	114	7	121	99	22	126	85	41	3	125	91	34	3
"DE"	2002	"04-04"	712	505	202	691	219	469	687	404	233	664	472	192	651	325	326	512	512		2	450		450	4
"DE"	2002	"04-05"	267	187	79	263	142	118	256	162	75	260	199	61	256	156	100	146		146	12	220	220		5
"DE"	2002	"04-06"	678	428	243	668	153	510	672	320	286	660	450	210	649	262	387	667	388	279	1	664	182	471	6
"DE"	2002	"04-07"	449	284	160	437	139	293	432	214	189	420	285	135	418	195	223	290		290	5	443	318	118	7
"DE"	2002	"04-08"	398	299	92	382	192	182	380	227	133	366	280	86	366	215	151	379	272	102	14	400	294	106	8
"DE"	2002	"04-09"	487	315	169	477	127	337	472	198	232	460	320	140	446	173	273	477	259	205	14	349		349	9
"DE"	2002	"04-10"	401	284	110	391	177	208	398	227	139	390	275	115	381	221	160	243		243	5	259	222		10
"DE"	2002	"04-11"	615	375	230	611	130	470	613	295	274	593	377	216	590	231	359	594	217	377	4	597	228	369	11
"DE"	2002	"04-12"	545	281	260	541	42	495	543	256	257	532	303	229	517	108	409	537	96	441	4	467		467	12
"DE"	2002	"04-13"	429	271	151	426	129	291	423	224	165	400	297	103	400	200	200	331	331		7	349	349		13
"DE"	2002	"04-14"	1327	672	638	1303	246	1038	1304	549	691	1270	749	521	1256	414	842	1246	531	715	18	1320	682	625	14
"DE"	2002	"04-15"	400	219	179	396	94	299	396	174	204	388	246	142	385	139	246	313		313	12	398	107	291	15
"DE"	2002	"04-16"	283	204	78	276	138	137	274	161	93	268	204	64	269	156	113	229	229		13	233	233		16
"DE"	2002	"04-17"	903	591	302	880	188	674	902	433	371	868	643	225	855	334	521	703		703	12	694	694		17
"DE"	2002	"04-18"	633	433	195	626	231	387	631	312	252	606	443	163	598	291	307	521	521		13	483		483	18
"DE"	2002	"04-19"	563	337	216	554	163	381	555	284	229	537	380	157	535	230	305	547	312	235	8	479	479		19
"DE"	2002	"04-20"	598	360	236	593	115	469	590	270	278	574	376	198	567	198	369	590	299	291	8	470		470	20
"DE"	2002	"04-21"	487	263	220	479	91	380	479	188	245	468	301	167	463	158	305	481	236	245	8	427		427	21
"DE"	2002	"04-22"	786	454	326	773	106	656	772	327	403	748	478	270	739	234	505	781	389	392	8	641		641	22
"DE"	2002	"04-23"	834	505	313	822	176	631	827	390	316	813	616	197	796	316	480	818	403	415	6	829	395	434	23
"DE"	2002	"04-24"	579	346	229	570	164	401	566	257	276	555	368	187	555	223	332	427	427		11	478		478	24
"DE"	2002	"04-25"	471	298	166	461	146	305	462	196	232	444	284	160	431	193	238	330	330		11	456	175	281	25
"DE"	2002	"04-26"	482	318	155	476	172	297	475	243	197	457	306	151	454	226	228	400	400		11	405	391		26
"DE"	2002	"04-27"	216	118	98	213	53	158	213	90	113	213	114	99	207	78	129	211	78	133	10	176		176	27
"DE"	2002	"04-28"	10	8	2	10		10	10	2	7	10	8	2	10		10	9	9		15	10	10		28
"DE"	2002	"04-29"	201	98	101	199	67	131	197	81	111	199	122	77	197	66	131	146	146		15	194	57	137	29
"DE"	2002	"04-30"	382	165	214	370	80	284	379	122	247	366	225	141	367	87	280	377	131	246	16	378	101	277	30
"DE"	2002	"04-31"	729	396	330	722	196	525	721	271	422	698	456	242	705	213	492	494		494	17	727	253	474	31
"DE"	2002	"04-32"	322	173	149	313	95	218	314	120	186	306	198	108	310	98	212	205		205	17	317	161	153	32
"DE"	2002	"04-33"	1002	481	514	990	219	765	980	370	579	953	594	359	955	234	721	995	361	634	16	987	367	620	33
"DE"	2002	"04-34"	1409	664	731	1381	341	1028	1386	521	799	1344	855	489	1367	324	1043	1098		1098	17	1138		1138	34
"DE"	2002	"04-35"	849	417	425	829	247	567	833	360	435	819	518	301	810	247	563	813	552	261	19	663		584	35
"DE"	2002	"04-36"	853	448	394	839	182	645	853	293	524	817	520	297	823	219	604	825	483	342	19	835	273	532	36
"DE"	2002	"04-37"	248	96	150	251	45	199	245	103	132	242	120	122	240	67	173	237	134	103	19	246	94	152	37
"DE"	2002	"04-38"	1194	598	592	1160	238	914	1166	460	680	1120	619	501	1083	353	730	1158	675	465	20	1188	568	611	38
"DE"	2002	"04-39"	813	445	364	796	194	598	787	298	471	776	474	302	765	249	516	538	538		21	793	293	500	39
"DE"	2002	"04-40"	709	355	351	700	149	549	702	273	415	690	427	263	684	195	489	561	561		21	574		574	40
"DE"	2002	"04-41"	707	380	324	706	156	546	699	290	397	687	459	228	684	195	489	710	463	243	20	712	260	448	41
"DE"	2002	"05-01"	678	527	136	653	232	406	660	417	171	637	527	110	615	367	248	650	459	191	1	551	551		1
"DE"	2002	"05-02"	470	384	83	455	223	227	463	296	121	442	378	64	432	293	139	469	391	78	3	345	345		2
"DE"	2002	"05-03"	329	304	22	314	229	81	314	206	64	307	283	24	297	237	60	319	237	82	3	319	236	83	3
"DE"	2002	"05-04"	281	237	41	275	149	123	279	191	59	258	223	35	254	184	70	261	192	69	3	127		127	4
"DE"	2002	"05-05"	368	262	97	358	170	178	359	196	130	350	270	80	348	210	138	256		256	12	325	325		5
"DE"	2002	"05-06"	400	268	130	389	141	243	390	217	147	374	251	123	369	195	174	297	297		2	384	181	199	6
"DE"	2002	"05-07"	481	367	104	473	152	310	470	258	107	453	366	87	439	256	183	274		274	5	475	313	153	7
"DE"	2002	"05-08"	798	504	290	791	231	556	786	337	395	761	494	267	756	307	449	781	417	359	14	787	444	343	8
"DE"	2002	"05-09"	811	428	378	796	145	638	805	302	445	786	464	322	784	232	552	800	370	422	14	615		615	9
"DE"	2002	"05-10"	359	202	155	353	64	286	349	159	182	339	204	135	339	117	222	277		277	5	282	266		10
"DE"	2002	"05-11"	480	331	140	468	131	331	473	263	160	467	349	118	461	218	243	319		319	5	452	238	214	11
"DE"	2002	"05-12"	563	279	277	563	112	445	557	241	270	543	299	244	537	174	363	390	390		7	419		419	12
"DE"	2002	"05-13"	545	373	167	538	175	359	535	251	236	510	373	137	503	245	258	438	438		7	436	436		13
"DE"	2002	"05-14"	1154	625	519	1131	270	856	1144	490	601	1114	697	417	1095	390	705	1110	603	507	18	1146	626	514	14
"DE"	2002	"05-15"	562	342	213	559	214	338	555	268	260	545	363	182	540	248	292	391		391	12	554	265	289	15
"DE"	2002	"05-16"	613	578	33	577	444	130	577	437	101	560	533	27	550	482	68	554	554		2	524	524		16
"DE"	2002	"05-17"	520	378	137	514	154	356	511	260	220	500	371	129	494	198	296	405		405	12	446	446		17
"DE"	2002	"05-18"	291	196	90	289	105	181	289	131	124	285	208	77	279	145	134	245	245		13	222		222	18
"DE"	2002	"05-19"	688	425	252	678	200	474	677	317	310	662	450	212	655	286	369	674	348	326	9	526	526		19
"DE"	2002	"05-20"	276	151	124	274	63	209	272	134	111	272	181	91	270	103	167	273	160	113	8	220		220	20
"DE"	2002	"05-21"	458	263	189	452	88	359	460	215	206	448	302	146	441	148	293	446	252	194	9	366		366	21
"DE"	2002	"05-22"	858	420	431	853	121	721	843	320	475	827	459	368	812	236	576	845	318	527	6	715		715	22
"DE"	2002	"05-23"	724	470	242	720	150	556	722	332	301	706	538	168	689	278	411	714	329	385	6	723	334	389	23
"DE"	2002	"05-24"	429	279	147	426	109	310	424	192	205	411	275	136	413	150	263	323	323		11	367		367	24
"DE"	2002	"05-25"	433	249	173	428	111	311	429	184	209	413	245	168	407	164	243	423	153	270	10	427	159	268	25
"DE"	2002	"05-26"	423	270	147	416	168	241	411	212	173	408	275	133	406	209	197	329	329		11	351	335		26
"DE"	2002	"05-27"	768	441	319	762	184	569	762	324	376	744	452	292	740	285	455	613		613	12	617		617	27
"DE"	2002	"05-28"	854	497	346	838	244	585	841	353	468	808	552	256	805	283	522	645	645		15	855	587	257	28
"DE"	2002	"05-29"	705	313	387	683	189	487	692	257	415	678	420	258	680	195	485	518	518		15	709	204	505	29
"DE"	2002	"05-30"	1074	511	554	1036	215	812	1053	371	656	1011	660	351	1027	213	814	1044	368	676	16	1061	303	758	30
"DE"	2002	"05-31"	880	499	375	859	219	628	866	363	450	835	576	259	842	258	584	568		568	17	865	325	540	31
"DE"	2002	"05-32"	293	125	166	286	67	215	287	101	177	280	171	109	278	57	221	288	78	210	16	290	122	166	32
"DE"	2002	"05-33"	743	368	366	722	174	536	739	268	426	722	456	266	713	188	525	727	268	459	16	740	310	430	33
"DE"	2002	"05-34"	752	312	434	735	98	631	738	243	476	728	444	284	723	133	590	740	197	543	16	638		638	34
"DE"	2002	"05-35"	263	126	136	258	53	201	258	89	167	254	159	95	251	58	193	203	203		21	233		219	35
"DE"	2002	"05-36"	266	126	140	264	42	221	264	93	159	265	153	112	262	65	197	266	138	128	19	265	68	184	36
"DE"	2002	"05-37"	798	353	442	782	88	686	779	261	474	768	490	278	774	145	629	772	500	272	19	788	233	555	37
"DE"	2002	"05-38"	872	434	436	856	171	680	848	314	513	823	417	406	812	259	553	860	508	345	20	885	404	475	38
"DE"	2002	"05-39"	760	391	365	754	129	621	748	269	466	736	453	283	733	204	529	563	563		21	761	229	532	39
"DE"	2002	"05-40"	494	290	203	490	91	399	487	187	297	479	308	171	476	122	354	406	406		21	425		425	40
"DE"	2002	"05-41"	921	482	431	900	212	679	896	342	517	875	592	283	875	246	629	892	499	357	20	914	355	551	41
"DE"	2002	"06-01"	345	305	34	325	208	113	328	237	60	325	289	36	313	235	78	324	281	43	1	310	310		1
"DE"	2002	"06-02"	257	208	47	249	95	151	256	164	55	247	199	48	245	155	90	223	223		2	188	188		2
"DE"	2002	"06-03"	212	188	23	198	129	66	192	147	35	189	179	10	181	151	30	215	148	67	3	207	152	55	3
"DE"	2002	"06-04"	734	520	203	712	188	519	724	432	237	695	506	189	678	325	353	713	416	297	1	509		509	4
"DE"	2002	"06-05"	347	291	54	340	222	116	336	221	82	335	288	47	331	243	88	305	305		11	301	301		5
"DE"	2002	"06-06"	810	448	358	798	145	643	801	384	378	780	517	263	773	257	516	778	249	529	4	791	245	540	6
"DE"	2002	"06-07"	903	521	374	888	179	694	888	391	455	858	537	321	862	303	559	668		668	5	899	382	505	7
"DE"	2002	"06-08"	882	522	348	870	282	577	871	385	427	836	540	296	837	340	497	868	519	332	14	880	545	335	8
"DE"	2002	"06-09"	780	450	324	775	263	505	767	327	384	751	451	300	748	331	417	757	361	396	10	570		570	9
"DE"	2002	"06-10"	475	255	219	468	40	424	473	223	231	464	299	165	453	119	334	461	87	374	4	411	397		10
"DE"	2002	"06-11"	733	439	288	725	126	593	723	328	350	717	451	266	699	232	467	710	245	465	4	717	221	496	11
"DE"	2002	"06-12"	1110	564	538	1125	150	967	1116	541	527	1095	650	445	1079	285	794	713	713		7	879		879	12
"DE"	2002	"06-13"	612	398	208	604	150	447	602	278	245	586	415	171	583	240	343	473	473		7	501	501		13
"DE"	2002	"06-14"	1294	699	582	1262	280	970	1269	513	701	1249	797	452	1236	404	832	1229	629	600	18	1281	713	560	14
"DE"	2002	"06-15"	398	254	136	391	136	248	392	186	177	390	263	127	386	177	209	386	188	198	10	388	189	199	15
"DE"	2002	"06-16"	226	219	7	214	170	44	213	167	21	201	192	9	199	171	28	212	212		2	191	191		16
"DE"	2002	"06-17"	394	284	106	387	163	220	387	201	144	379	287	92	370	201	169	266		266	12	328	328		17
"DE"	2002	"06-18"	478	333	145	469	197	269	468	268	163	457	339	118	450	245	205	387	387		13	365		365	18
"DE"	2002	"06-19"	373	219	148	356	105	243	362	182	151	339	236	103	332	148	184	362	190	172	9	277	277		19
"DE"	2002	"06-20"	642	381	253	634	121	503	638	277	307	613	392	221	604	224	380	473	473		7	498		498	20
"DE"	2002	"06-21"	757	376	377	749	133	606	748	280	411	729	443	286	729	234	495	737	357	380	9	631		631	21
"DE"	2002	"06-22"	939	475	458	934	145	776	930	356	519	897	544	353	887	284	603	927	419	508	8	783		783	22
"DE"	2002	"06-23"	283	171	96	275	73	185	280	113	111	267	181	86	263	116	147	273	135	138	6	276	140	136	23
"DE"	2002	"06-24"	385	244	137	380	129	239	376	172	170	372	245	127	363	179	184	299	299		11	293		293	24
"DE"	2002	"06-25"	643	380	255	642	148	484	635	279	299	617	433	184	609	233	376	634	156	478	10	633	205	428	25
"DE"	2002	"06-26"	493	299	190	487	170	311	490	253	215	475	328	147	470	231	239	480	306	174	9	417	396		26
"DE"	2002	"06-27"	371	228	137	365	124	232	368	174	158	360	237	123	359	170	189	269		269	12	274		274	27
"DE"	2002	"06-28"	185	103	79	180	54	122	179	64	107	175	125	50	174	56	118	182	131	50	14	186	122	63	28
"DE"	2002	"06-29"	700	260	429	684	130	545	697	206	460	682	375	307	691	139	552	466	466		15	693	153	540	29
"DE"	2002	"06-30"	651	277	369	639	133	500	638	207	417	615	348	267	621	121	500	634	216	418	16	641	196	445	30
"DE"	2002	"06-31"	465	276	186	455	143	307	455	193	245	443	299	144	434	144	290	323		323	17	453	185	268	31
"DE"	2002	"06-32"	85	73	12	75	48	27	76	52	20	76	67	9	76	47	29	33		33	17	81	53	28	32
"DE"	2002	"06-33"	814	351	462	800	157	638	806	289	497	786	479	307	790	186	604	796	303	493	16	799	275	524	33
"DE"	2002	"06-34"	1075	464	599	1060	242	805	1056	360	673	1039	589	450	1039	246	793	1064	325	739	16	868		868	34
"DE"	2002	"06-35"	419	168	248	414	93	314	418	147	256	411	236	175	407	108	299	404	255	149	19	338		304	35
"DE"	2002	"06-36"	827	490	331	811	198	607	802	382	398	792	541	251	785	264	521	803	463	340	19	811	261	506	36
"DE"	2002	"06-37"	1212	669	533	1197	218	963	1196	457	691	1174	801	373	1173	296	877	1174	751	423	19	1210	446	764	37
"DE"	2002	"06-38"	1040	561	475	1005	326	676	1016	429	576	960	547	413	936	371	565	1005	611	384	20	1023	524	491	38
"DE"	2002	"06-39"	712	362	345	706	141	563	703	259	428	687	417	270	691	194	497	518	518		21	710	239	471	39
"DE"	2002	"06-40"	611	295	308	600	118	471	601	194	392	587	318	269	584	167	417	457	457		21	531		531	40
"DE"	2002	"06-41"	537	300	231	536	176	354	524	213	290	510	332	178	503	188	315	531	300	217	20	533	187	337	41
"DE"	2002	"07-01"	147	114	32	148	72	74	148	105	33	145	116	29	142	84	58	131	131		2	118	118		1
"DE"	2002	"07-02"	19	16	3	18	3	13	19	9	6	18	17	1	16	6	10	18	12	6	3	8	8		2
"DE"	2002	"07-03"	249	215	33	237	124	112	239	161	57	240	209	31	234	167	67	244	188	56	3	249	206	43	3
"DE"	2002	"07-04"	625	450	170	616	171	438	621	379	205	603	437	166	589	287	302	608	354	254	1	449		449	4
"DE"	2002	"07-05"	264	165	96	264	91	168	260	115	117	258	168	90	255	124	131	198		198	12	214	214		5
"DE"	2002	"07-06"	898	502	389	886	138	736	893	442	397	871	570	301	868	314	554	874	286	588	4	880	265	605	6
"DE"	2002	"07-07"	639	435	198	627	192	430	625	308	285	606	420	186	609	263	346	428		428	5	634	430	200	7
"DE"	2002	"07-08"	708	354	340	696	201	478	695	303	353	667	415	252	671	248	423	704	471	215	14	700	428	272	8
"DE"	2002	"07-09"	898	469	424	884	233	643	887	360	482	865	530	335	853	290	563	879	477	396	14	680		680	9
"DE"	2002	"07-10"	930	518	402	913	158	738	979	490	443	885	545	340	882	288	594	892	266	626	4	791	739		10
"DE"	2002	"07-11"	490	239	249	489	43	442	485	228	244	485	284	201	473	123	350	479	100	379	4	469	113	356	11
"DE"	2002	"07-12"	809	424	383	802	82	715	805	367	397	794	462	332	777	209	568	795	173	622	4	696		696	12
"DE"	2002	"07-13"	87	57	29	85	21	63	83	48	28	79	62	17	82	39	43	72	72		13	70	70		13
"DE"	2002	"07-14"	1231	591	634	1223	247	968	1223	447	725	1185	694	491	1176	364	812	1199	587	612	18	1228	635	584	14
"DE"	2002	"07-15"	664	409	252	651	208	434	658	326	301	632	416	216	626	288	338	436		436	12	650	332	318	15
"DE"	2002	"07-16"	375	301	70	369	193	171	375	250	90	362	310	52	358	239	119	318	318		13	328	328		16
"DE"	2002	"07-17"	533	390	133	532	194	324	533	294	195	516	397	119	513	286	227	432	432		13	440	440		17
"DE"	2002	"07-18"	427	260	160	419	129	281	423	195	199	410	282	128	403	192	211	421	264	157	9	293		293	18
"DE"	2002	"07-19"	619	402	213	609	196	403	613	326	244	592	435	157	591	292	299	610	372	238	8	523	523		19
"DE"	2002	"07-20"	716	423	289	702	101	597	712	313	348	687	404	283	676	225	451	703	342	361	8	606		606	20
"DE"	2002	"07-21"	626	366	253	618	123	486	621	279	304	605	384	221	599	213	386	612	333	279	8	501		501	21
"DE"	2002	"07-22"	560	304	252	556	102	451	554	262	245	547	339	208	538	180	358	554	283	271	8	433		433	22
"DE"	2002	"07-23"	688	460	217	685	182	491	690	303	279	675	497	178	655	304	351	677	328	349	6	688	354	334	23
"DE"	2002	"07-24"	207	131	76	204	84	120	206	104	91	201	139	62	198	107	91	203	102	101	10	154		154	24
"DE"	2002	"07-25"	593	336	251	587	153	427	588	260	293	580	379	201	572	225	347	590	194	396	10	589	189	400	25
"DE"	2002	"07-26"	673	455	212	661	243	412	661	364	255	651	474	177	644	325	319	584	584		11	600	577		26
"DE"	2002	"07-27"	658	337	314	648	140	503	658	245	371	634	364	270	630	215	415	546		546	12	544		544	27
"DE"	2002	"07-28"	111	53	57	108	19	87	110	36	69	106	70	36	107	28	79	84	84		15	110	59	50	28
"DE"	2002	"07-29"	563	244	315	559	88	463	561	189	351	541	321	220	556	112	444	439		439	17	561	102	459	29
"DE"	2002	"07-30"	722	291	425	700	140	553	710	241	449	679	374	305	681	159	522	710	216	494	16	713	257	456	30
"DE"	2002	"07-31"	406	276	118	400	176	214	389	194	171	387	297	90	387	181	206	228		228	17	395	199	196	31
"DE"	2002	"07-32"	60	18	42	58	15	43	59	25	33	57	35	22	56	15	41	42		42	17	60	27	33	32
"DE"	2002	"07-33"	446	257	186	442	134	304	435	163	260	419	288	131	423	126	297	426	207	219	16	437	197	240	33
"DE"	2002	"07-34"	729	313	411	713	120	583	713	248	444	700	412	288	701	145	556	720	225	495	16	582		582	34
"DE"	2002	"07-35"	286	144	140	284	82	202	288	138	145	275	179	96	274	87	187	277	174	103	19	216		206	35
"DE"	2002	"07-36"	1165	582	571	1146	195	937	1153	447	659	1122	680	442	1106	341	765	1133	498	635	18	1137	336	730	36
"DE"	2002	"07-37"	513	303	207	508	93	411	504	206	280	493	341	152	493	129	364	415	415		21	507	166	341	37
"DE"	2002	"07-38"	1219	627	579	1204	305	889	1207	447	719	1173	713	460	1153	396	757	1204	740	442	20	1238	593	638	38
"DE"	2002	"07-39"	446	235	210	440	125	313	436	169	259	430	281	149	428	144	284	344	344		21	442	165	277	39
"DE"	2002	"07-40"	760	382	371	750	168	577	747	249	483	712	395	317	712	231	481	556	556		21	634		634	40
"DE"	2002	"07-41"	1029	599	417	1001	300	692	999	461	498	969	658	311	957	363	594	1005	575	351	20	1012	333	666	41
"DE"	2002	"08-01"	96	51	41	94	22	70	94	48	32	93	63	30	93	45	48	94	60	34	1	71	71		1
"DE"	2002	"08-02"	101	96	4	94	77	17	95	70	13	88	87	1	89	79	10	86	69	17	3	94	94		2
"DE"	2002	"08-03"	321	276	42	303	168	135	296	190	80	287	247	40	281	191	90	300	208	92	3	316	226	90	3
"DE"	2002	"08-04"	20	14	4	20	9	11	20	9	3	20	16	4	19	12	7	20	16	4	3	13		13	4
"DE"	2002	"08-05"	234	167	66	231	102	128	228	124	90	225	167	58	222	134	88	194	194		13	196	196		5
"DE"	2002	"08-06"	1007	626	358	1000	231	753	992	456	435	972	660	312	965	396	569	982	538	444	1	986	332	632	6
"DE"	2002	"08-07"	578	323	252	573	109	458	572	273	281	551	327	224	555	200	355	445		445	5	576	253	322	7
"DE"	2002	"08-08"	576	355	211	563	197	352	567	289	253	532	359	173	534	234	300	564	413	137	14	565	376	189	8
"DE"	2002	"08-09"	587	321	257	577	143	425	579	260	271	558	343	215	552	200	352	571	259	312	10	449		449	9
"DE"	2002	"08-10"	561	300	255	557	71	480	559	260	268	546	331	215	539	149	390	538	143	395	4	494	461		10
"DE"	2002	"08-11"	670	322	339	664	109	545	662	281	332	647	382	265	645	201	444	649	209	440	4	649	177	472	11
"DE"	2002	"08-12"	430	224	201	434	55	376	435	167	235	422	215	207	422	96	326	433	102	331	6	374		374	12
"DE"	2002	"08-13"	247	167	78	247	87	155	254	126	103	236	179	57	238	135	103	202	202		7	204	204		13
"DE"	2002	"08-15"	747	469	269	743	275	458	742	382	316	728	507	221	714	359	355	557		557	12	740	319	421	15
"DE"	2002	"08-16"	353	272	78	343	149	191	348	198	111	340	279	61	338	207	131	289	289		2	296	296		16
"DE"	2002	"08-17"	497	360	133	494	209	280	490	279	178	482	377	105	478	248	230	340		340	12	431	431		17
"DE"	2002	"08-18"	363	230	131	361	111	248	357	170	158	356	249	107	355	163	192	300	300		11	268		268	18
"DE"	2002	"08-19"	424	272	147	416	102	309	416	201	184	400	266	134	399	174	225	412	220	192	8	333	333		19
"DE"	2002	"08-20"	457	240	215	454	76	371	453	182	251	441	240	201	436	134	302	322	322		7	378		378	20
"DE"	2002	"08-21"	597	371	215	584	127	450	589	284	247	576	414	162	573	252	321	582	360	222	9	481		481	21
"DE"	2002	"08-22"	395	217	174	392	81	305	393	158	196	384	226	158	379	140	239	394	189	205	8	310		310	22
"DE"	2002	"08-23"	673	424	244	669	121	536	668	281	326	653	442	211	644	252	392	670	429	241	6	665	314	351	23
"DE"	2002	"08-24"	736	492	234	723	232	484	719	351	319	701	521	180	700	321	379	611	611		11	522		522	24
"DE"	2002	"08-25"	353	203	144	352	87	259	350	155	165	343	232	111	338	136	202	342	198	144	9	346	149	197	25
"DE"	2002	"08-26"	226	165	55	228	99	124	226	128	78	219	169	50	219	123	96	223	143	80	10	202	192		26
"DE"	2002	"08-27"	604	346	252	598	165	427	595	242	304	582	390	192	579	246	333	590	286	304	10	453		453	27
"DE"	2002	"08-28"	1109	596	497	1092	313	763	1097	491	559	1071	695	376	1067	370	697	1077	598	463	14	1110	525	578	28
"DE"	2002	"08-30"	174	54	118	172	21	149	173	46	118	170	82	88	168	27	141	172	40	132	16	169	68	101	30
"DE"	2002	"08-32"	18	4	14	16	3	13	18	7	10	17	6	11	16	4	12	18	9	9	16	17	9	8	32
"DE"	2002	"08-33"	322	183	139	317	46	269	318	126	189	313	217	96	310	70	240	314	73	241	18	320	147	173	33
"DE"	2002	"08-34"	178	82	95	174	36	138	176	68	98	172	112	60	174	42	132	177	56	121	16	143		143	34
"DE"	2002	"08-36"	560	305	249	555	152	399	544	266	263	545	386	159	539	175	364	552	345	207	19	554	201	335	36
"DE"	2002	"08-37"	191	111	79	187	58	128	186	74	105	181	129	52	182	59	123	181	106	75	19	189	64	125	37
"DE"	2002	"08-38"	520	306	207	518	137	377	504	196	298	492	316	176	492	169	323	520	369	143	20	531	276	251	38
"DE"	2002	"08-41"	1054	537	513	1047	282	759	1056	421	603	1028	616	412	1029	383	646	1049	608	413	20	1069	467	598	41
"DE"	2002	"09-01"	704	645	55	679	471	204	672	431	116	642	594	48	628	494	134	641	641		2	645	645		1
"DE"	2002	"09-02"	161	144	14	156	115	37	160	110	28	154	144	10	150	128	22	156	120	36	3	146	146		2
"DE"	2002	"09-03"	323	283	37	317	202	113	310	218	72	305	281	24	298	229	69	311	213	98	3	313	204	109	3
"DE"	2002	"09-04"	447	337	100	437	150	278	437	260	127	425	343	82	415	236	179	417	295	122	1	281		281	4
"DE"	2002	"09-05"	356	258	93	349	188	157	344	214	102	337	265	72	340	209	131	291	291		13	294	294		5
"DE"	2002	"09-06"	179	98	77	177	26	145	180	78	90	174	117	57	174	57	117	134		134	5	173	43	130	6
"DE"	2002	"09-07"	280	160	117	275	54	216	275	130	120	267	175	92	265	85	180	263	93	170	4	275	137	136	7
"DE"	2002	"09-08"	352	203	145	340	106	226	348	152	179	337	220	117	342	140	202	270	270		15	347	235	112	8
"DE"	2002	"09-09"	545	304	238	524	171	343	526	247	246	509	324	185	499	217	282	532	353	174	14	337		337	9
"DE"	2002	"09-10"	645	392	243	642	153	474	634	290	313	612	385	227	608	241	367	488		488	5	522	476		10
"DE"	2002	"09-11"	666	376	285	655	114	535	655	317	297	643	413	230	630	209	421	642	221	421	4	640	207	433	11
"DE"	2002	"09-12"	575	381	190	570	165	398	570	316	217	558	406	152	554	260	294	443	443		7	379		379	12
"DE"	2002	"09-13"	551	367	177	545	183	355	545	281	231	525	382	143	530	277	253	440	440		7	461	461		13
"DE"	2002	"09-15"	877	477	393	860	213	631	872	350	451	840	497	343	836	304	532	654		654	12	859	333	526	15
"DE"	2002	"09-16"	506	422	79	504	255	246	500	289	159	491	418	73	482	314	168	456	456		13	463	463		16
"DE"	2002	"09-17"	530	356	169	525	137	387	524	286	200	509	381	128	502	225	277	415		415	12	455	455		17
"DE"	2002	"09-18"	353	231	119	347	115	228	348	168	156	337	240	97	337	164	173	285	285		13	267		267	18
"DE"	2002	"09-19"	335	217	111	325	111	207	328	176	128	319	233	86	317	170	147	324	206	118	9	268	268		19
"DE"	2002	"09-20"	823	432	385	809	124	679	810	352	402	800	453	347	783	230	553	567	567		7	667		667	20
"DE"	2002	"09-21"	556	336	215	557	135	415	554	242	266	540	362	178	542	221	321	551	310	241	9	444		444	21
"DE"	2002	"09-22"	717	395	313	708	116	586	708	294	353	688	431	257	679	235	444	709	323	386	8	582		582	22
"DE"	2002	"09-23"	870	517	342	864	114	739	864	397	401	850	594	256	835	278	557	851	334	517	6	862	380	482	23
"DE"	2002	"09-24"	441	277	159	437	124	310	438	187	211	427	282	145	424	182	242	435	189	246	10	358		358	24
"DE"	2002	"09-25"	214	134	77	213	77	133	212	107	88	208	132	76	206	98	108	212	99	113	10	207	95	112	25
"DE"	2002	"09-26"	494	381	109	490	259	223	486	293	150	479	372	107	474	307	167	432	432		11	450	433		26
"DE"	2002	"09-27"	561	333	223	555	147	402	558	234	283	544	343	201	537	214	323	553	216	337	10	447		447	27
"DE"	2002	"09-28"	32	10	22	32	9	22	32	8	21	28	16	12	30	9	21	23	23		15	31	17	14	28
"DE"	2002	"09-32"	420	154	262	409	76	326	407	129	260	400	206	194	397	94	303	412	128	284	16	414	129	282	32
"DE"	2002	"09-33"	651	304	346	641	83	554	646	204	421	637	401	236	639	115	524	645	127	518	18	643	245	398	33
"DE"	2002	"09-34"	102	35	67	100	12	87	102	34	65	101	45	56	98	19	79	100	15	85	16	93		93	34
"DE"	2002	"09-41"	235	130	102	234	66	166	237	98	122	232	141	91	234	92	142	234	123	111	18	239	111	126	41
"DE"	2002	"10-01"	252	195	53	244	118	124	250	164	66	244	207	37	242	148	94	215	215		2	212	212		1
"DE"	2002	"10-02"	696	523	162	688	250	430	686	402	198	675	569	106	662	398	264	678	554	124	3	413	413		2
"DE"	2002	"10-03"	255	235	16	219	170	45	226	168	43	215	201	14	203	169	34	233	170	63	3	246	153	93	3
"DE"	2002	"10-04"	409	319	88	405	162	240	401	265	98	395	328	67	389	232	157	395	287	108	1	234		234	4
"DE"	2002	"10-05"	382	268	111	374	180	190	380	222	126	373	272	101	370	217	153	316	316		13	318	318		5
"DE"	2002	"10-06"	650	421	220	637	195	429	636	318	271	624	434	190	619	301	318	630	363	267	1	638	304	316	6
"DE"	2002	"10-07"	559	318	235	555	76	472	560	257	270	541	368	173	536	175	361	446		446	5	560	213	344	7
"DE"	2002	"10-08"	344	210	132	340	87	251	337	126	201	327	243	84	321	90	231	340	253	86	14	340	216	124	8
"DE"	2002	"10-09"	680	349	326	673	142	525	672	266	364	644	376	268	643	207	436	655	257	398	10	554		554	9
"DE"	2002	"10-10"	492	369	117	468	230	233	474	305	141	461	354	107	459	291	168	236		236	5	246	221		10
"DE"	2002	"10-11"	913	446	463	901	68	829	904	371	477	888	530	358	870	183	687	882	199	683	4	894	146	748	11
"DE"	2002	"10-12"	753	390	350	750	93	644	751	308	387	736	414	322	724	191	533	737	175	562	4	619		619	12
"DE"	2002	"10-13"	472	355	115	460	183	274	465	286	144	451	366	85	445	268	177	382	382		7	377	377		13
"DE"	2002	"10-16"	217	164	51	211	98	108	214	124	67	204	164	40	203	124	79	189	189		13	190	190		16
"DE"	2002	"10-17"	406	269	131	401	176	223	399	187	165	393	269	124	394	205	189	321	321		13	318	318		17
"DE"	2002	"10-18"	400	271	120	395	122	266	395	195	154	383	272	111	387	175	212	391	249	142	9	308		308	18
"DE"	2002	"10-19"	177	109	63	176	38	136	174	79	85	172	123	49	168	60	108	137	137		7	139	139		19
"DE"	2002	"10-20"	536	299	233	528	111	406	521	241	238	511	335	176	511	168	343	529	286	243	8	388		388	20
"DE"	2002	"10-21"	217	117	98	214	36	175	211	82	108	207	112	95	203	70	133	213	103	110	8	179		179	21
"DE"	2002	"10-22"	486	244	239	481	67	404	478	189	262	470	267	203	468	143	325	480	177	303	6	404		404	22
"DE"	2002	"10-23"	366	187	179	365	59	302	363	154	192	360	220	140	351	114	237	366	228	138	6	362	145	217	23
"DE"	2002	"10-27"	461	231	227	460	99	357	453	178	251	444	253	191	427	144	283	447	137	310	10	371		371	27
"DE"	2002	"10-28"	35	18	17	34	11	21	35	9	26	34	17	17	33	13	20	24		24	17	34	13	20	28
"DE"	2002	"10-33"	299	100	197	290	49	236	291	90	194	286	144	142	285	51	234	292	102	190	16	286	105	181	33
"DE"	2002	"10-34"	443	198	243	430	107	316	436	168	256	415	254	161	423	90	333	317	317		15	357		357	34
"DE"	2002	"11-01"	432	365	64	413	230	182	416	285	92	410	355	55	400	284	116	418	341	77	1	367	367		1
"DE"	2002	"11-02"	432	405	23	398	318	79	401	306	66	368	351	17	358	303	55	374	374		2	384	384		2
"DE"	2002	"11-03"	125	120	4	123	92	29	122	93	16	115	110	5	114	90	24	117	117		2	122	76	46	3
"DE"	2002	"11-04"	812	383	418	808	80	720	805	352	423	788	463	325	764	177	587	788	149	639	4	706		706	4
"DE"	2002	"11-05"	338	226	106	337	151	179	336	183	130	331	247	84	328	194	134	268	268		13	275	275		5
"DE"	2002	"11-06"	336	216	117	330	124	199	330	168	133	322	235	87	315	172	143	199		199	5	317	156	152	6
"DE"	2002	"11-07"	608	298	301	596	82	502	606	247	318	594	342	252	582	187	395	474		474	5	606	245	354	7
"DE"	2002	"11-08"	6	3	3	6	2	4	6	4	1	6	5	1	6		6	6	6		15	6	6		8
"DE"	2002	"11-10"	627	441	180	623	273	343	615	347	235	597	420	177	597	321	276	407		407	5	431	370		10
"DE"	2002	"11-11"	527	310	213	523	104	414	522	238	237	513	321	192	507	171	336	506	169	337	4	507	186	321	11
"DE"	2002	"11-12"	813	363	443	814	81	729	805	346	422	789	404	385	778	149	629	797	141	656	4	670		670	12
"DE"	2002	"11-13"	555	441	110	544	231	308	543	341	163	534	467	67	530	337	193	542	448	94	3	482	482		13
"DE"	2002	"11-16"	587	468	112	572	294	271	575	353	173	557	465	92	540	366	174	502	502		2	517	517		16
"DE"	2002	"11-17"	392	254	133	391	160	226	387	188	160	387	288	99	384	201	183	331	331		13	327	327		17
"DE"	2002	"11-18"	264	158	102	264	80	179	259	114	128	257	167	90	254	113	141	207	207		13	212		212	18
"DE"	2002	"11-19"	724	492	226	715	241	459	722	342	294	701	500	201	697	332	365	567	567		7	570	570		19
"DE"	2002	"11-20"	473	248	222	470	80	385	464	183	248	459	269	190	450	132	318	472	220	252	8	412		412	20
"DE"	2002	"11-21"	634	366	260	623	166	452	626	274	302	624	411	213	610	250	360	624	329	295	9	469		469	21
"DE"	2002	"11-22"	654	393	255	651	122	521	647	306	292	634	421	213	625	248	377	647	333	314	8	516		516	22
"DE"	2002	"11-28"	516	312	200	504	218	282	496	255	223	481	351	130	491	225	266	298		298	17	510	224	282	28
"DE"	2002	"12-02"	203	193	8	181	140	39	179	143	29	172	164	8	167	139	28	178	178		2	173	173		2
"DE"	2002	"12-03"	20	18	2	18	12	6	20	10	7	20	17	3	20	13	7	19	14	5	1	19	13	6	3
"DE"	2002	"12-04"	97	69	27	96	19	75	97	53	31	95	73	22	93	42	51	95	59	36	1	73		73	4
"DE"	2002	"12-06"	139	91	47	136	47	87	138	83	47	136	100	36	134	70	64	111	111		2	135	67	66	6
"DE"	2002	"12-07"	851	455	391	839	101	737	846	384	431	834	502	332	818	240	578	692		692	5	843	339	504	7
"DE"	2002	"12-08"	58	33	24	59	13	46	57	23	29	55	40	15	56	17	39	41	41		15	58	34	24	8
"DE"	2002	"12-10"	129	67	61	130	22	106	129	64	57	126	72	54	125	41	84	110		110	5	118	108		10
"DE"	2002	"12-11"	305	186	115	302	86	207	298	139	137	291	189	102	288	124	164	292	162	130	1	291	140	151	11
"DE"	2002	"12-12"	913	549	357	906	163	737	906	445	405	889	604	285	875	333	542	668	668		7	679		679	12
"DE"	2002	"12-13"	390	283	104	382	141	237	387	219	141	371	289	82	363	205	158	376	283	93	3	321	321		13
"DE"	2002	"12-17"	399	260	133	395	160	229	392	223	144	386	273	113	382	194	188	320	320		13	324	324		17
"DE"	2002	"12-20"	933	509	414	925	136	779	917	380	477	898	541	357	888	269	619	917	319	598	6	761		761	20
"DE"	2002	"12-21"	156	74	81	154	29	123	155	57	86	151	98	53	151	44	107	155	75	80	8	119		119	21
"DE"	2002	"12-22"	408	240	165	405	101	300	402	179	190	389	248	141	383	161	222	402	210	192	8	311		311	22
"DE"	2002	"12-28"	112	72	40	111	47	64	108	50	56	106	84	22	105	48	57	66		66	17	110	52	58	28
"DE"	2002	"13-02"	221	214	7	210	157	52	202	159	26	194	190	4	186	155	31	208	208		2	201	201		2
"DE"	2002	"13-04"	273	189	81	264	87	171	262	147	82	261	203	58	255	141	114	265	193	72	3	157		157	4
"DE"	2002	"13-07"	802	436	358	800	96	694	803	443	325	785	489	296	771	222	549	646		646	5	797	340	446	7
"DE"	2002	"13-11"	471	299	157	469	130	326	467	212	219	451	297	154	449	201	248	463	265	198	1	446	213	233	11
"DE"	2002	"13-20"	711	380	324	713	131	567	708	285	364	682	412	270	679	226	453	687	203	484	4	561		561	20
"DE"	2002	"13-21"	227	114	106	225	55	166	223	88	109	222	149	73	217	77	140	223	120	103	9	168		168	21
"DE"	2002	"13-22"	65	30	35	65	8	56	65	33	31	64	45	19	64	17	47	65	35	30	6	48		48	22
"DE"	2002	"14-02"	16	14	1	15	11	4	16	13	2	15	14	1	15	14	1	15	15		2	15	15		2
"DE"	2002	"14-04"	183	99	82	180	15	164	183	91	77	177	119	58	174	38	136	172	68	104	3	152		152	4
"DE"	2002	"14-07"	50	28	21	50	10	40	50	29	19	49	31	18	49	17	32	47	16	31	4	50	24	26	7
"DE"	2002	"14-11"	492	327	156	483	180	293	482	230	219	464	321	143	459	247	212	321		321	5	457	249	208	11
"DE"	2002	"14-21"	123	65	57	121	28	89	121	59	56	114	76	38	113	37	76	118	60	58	9	91		91	21
"DE"	2002	"14-22"	243	136	104	243	41	199	241	104	114	241	160	81	238	80	158	240	74	166	6	190		190	22
"DE"	2002	"15-04"	20	19	1	21	13	8	20	13	4	20	18	2	19	15	4	19	12	7	3	11		11	4
"DE"	2002	"16-02"	17	12	5	16	8	8																	
"DE"	2002	"16-04"	175	54	121	174	9	164	171	70	100	169	70	99	168	12	156	173	11	162	4	153		153	4
"DE"	2002	"16-31"	7	4	3	7	3	4																	
"DE"	2002	"16-41"	2	2		2	2																		
"DE"	2002	"17-04"	101	72	27	99	19	77	99	49	33	100	81	19	96	44	52	79	79		7	71		71	4
"DE"	2002	"18-04"	45	41	4	43	16	26	45	30	9	44	41	3	43	30	13	43	38	5	3	30		30	4
"DE"	2002	"19-04"	19	17	2	20	7	13	18	14	4	19	16	3	18	13	5	18	14	4	3	11		11	4
