state	year	precinct	cd	g2006_REG_tv	g2006_USS_dv	g2006_USS_rv	g2006_USS_tv	g2006_USH_dv	g2006_USH_rv	g2006_USH_tv	g2006_GOV_dv	g2006_GOV_rv	g2006_GOV_tv
"HI"	2006	"01-01"	2	1876	406	184	613	414	206	620	281	316	621
"HI"	2006	"01-02"	2	1031	248	100	358	251	107	358	162	188	359
"HI"	2006	"01-03"	2	315	85	32	118	95	22	117	45	66	118
"HI"	2006	"01-04"	2	2426	580	262	871	601	266	867	399	439	872
"HI"	2006	"01-05"	2	811	216	88	322	211	111	322	161	143	325
"HI"	2006	"01-06"	2	195	62	23	85	66	19	85	43	38	85
"HI"	2006	"01-07"	2	703	163	55	224	163	62	225	106	111	226
"HI"	2006	"01-08"	2	231	60	40	106	68	32	100	46	55	105
"HI"	2006	"01-09"	2	217	66	31	100	68	29	97	50	44	101
"HI"	2006	"01-10"	2	389	113	56	173	122	54	176	81	89	176
"HI"	2006	"01-11"	2	1031	348	61	415	354	65	419	249	158	418
"HI"	2006	"01-12"	2	889	249	107	362	253	103	356	182	176	363
"HI"	2006	"01-13"	2	1350	302	133	448	296	149	445	202	237	453
"HI"	2006	"01-14"	2	705	117	55	178	129	49	178	95	81	178
"HI"	2006	"01-15"	2	441	77	75	161	83	76	159	44	109	160
"HI"	2006	"02-01"	2	2897	675	342	1036	648	387	1035	441	583	1040
"HI"	2006	"02-02"	2	1577	300	153	460	310	154	464	179	281	467
"HI"	2006	"02-03"	2	996	209	87	303	200	101	301	127	171	306
"HI"	2006	"02-04"	2	909	169	62	241	168	71	239	111	114	241
"HI"	2006	"02-05"	2	1493	254	107	379	245	130	375	158	213	382
"HI"	2006	"02-06"	2	1352	333	100	442	282	151	433	155	271	443
"HI"	2006	"02-07"	2	1123	172	61	242	171	67	238	105	119	239
"HI"	2006	"02-08"	2	1187	234	93	330	230	98	328	149	180	334
"HI"	2006	"02-09"	2	1425	315	182	504	299	205	504	179	323	506
"HI"	2006	"03-01"	2	1781	462	186	658	407	252	659	259	399	666
"HI"	2006	"03-02"	2	441	110	42	152	103	50	153	73	83	156
"HI"	2006	"03-03"	2	501	109	46	155	102	52	154	77	76	154
"HI"	2006	"03-04"	2	2183	466	173	643	431	210	641	304	336	643
"HI"	2006	"03-05"	2	1560	344	115	465	336	134	470	238	230	473
"HI"	2006	"03-06"	2	1170	251	96	355	217	139	356	136	221	360
"HI"	2006	"03-07"	2	1720	398	120	524	365	163	528	249	267	524
"HI"	2006	"03-08"	2	2154	517	211	734	457	268	725	302	419	734
"HI"	2006	"03-09"	2	1938	468	191	684	459	223	682	305	366	686
"HI"	2006	"04-01"	2	1512	354	204	587	393	190	583	277	273	588
"HI"	2006	"04-02"	2	1483	300	176	499	322	174	496	198	279	495
"HI"	2006	"04-03"	2	2185	496	336	868	559	304	863	322	502	863
"HI"	2006	"04-04"	2	1859	423	265	703	421	281	702	244	452	707
"HI"	2006	"04-05"	2	915	226	89	330	245	78	323	154	149	330
"HI"	2006	"04-06"	2	1935	505	250	804	565	231	796	375	380	807
"HI"	2006	"04-07"	2	605	172	48	238	190	45	235	143	73	235
"HI"	2006	"04-08"	2	837	201	118	325	194	130	324	120	203	328
"HI"	2006	"04-09"	2	1908	381	277	680	396	275	671	218	448	683
"HI"	2006	"05-01"	2	589	143	96	244	148	95	243	98	145	247
"HI"	2006	"05-02"	2	1294	271	168	458	297	161	458	202	237	458
"HI"	2006	"05-03"	2	1587	400	268	693	437	249	686	269	378	696
"HI"	2006	"05-04"	2	782	199	47	250	208	44	252	141	102	251
"HI"	2006	"05-05"	2	1190	274	141	433	306	127	433	205	214	439
"HI"	2006	"05-06"	2	1442	280	244	563	347	212	559	229	300	569
"HI"	2006	"05-07"	2	446	109	51	167	117	47	164	85	70	166
"HI"	2006	"05-08"	2	467	122	55	184	141	44	185	73	108	186
"HI"	2006	"05-09"	2	1016	259	129	405	294	102	396	203	183	406
"HI"	2006	"05-10"	2	363	117	43	167	131	32	163	94	69	169
"HI"	2006	"05-11"	2	2009	456	242	718	507	217	724	331	382	734
"HI"	2006	"05-12"	2	1417	352	212	581	379	200	579	239	330	584
"HI"	2006	"06-01"	2	1566	250	264	530	297	234	531	165	349	534
"HI"	2006	"06-02"	2	3619	542	589	1168	621	550	1171	362	793	1179
"HI"	2006	"06-03"	2	985	173	204	390	204	192	396	112	280	399
"HI"	2006	"06-04"	2	1172	215	258	491	257	234	491	148	335	496
"HI"	2006	"06-05"	2	2323	266	264	546	277	269	546	162	377	553
"HI"	2006	"06-06"	2	628	137	102	243	148	94	242	88	151	244
"HI"	2006	"06-07"	2	729	123	113	242	129	111	240	50	189	243
"HI"	2006	"06-08"	2	1521	295	162	464	290	170	460	141	314	463
"HI"	2006	"06-09"	2	816	130	152	294	150	143	293	73	218	293
"HI"	2006	"07-01"	2	1453	209	216	443	235	210	445	128	307	447
"HI"	2006	"07-02"	2	3133	526	490	1042	587	450	1037	338	686	1052
"HI"	2006	"07-03"	2	3079	540	553	1128	597	531	1128	303	807	1136
"HI"	2006	"07-04"	2	522	98	77	181	99	79	178	50	126	182
"HI"	2006	"07-05"	2	2201	392	296	717	431	285	716	227	459	716
"HI"	2006	"07-06"	2	1772	380	187	588	363	221	584	179	393	590
"HI"	2006	"07-07"	2	1081	238	125	373	233	135	368	131	234	374
"HI"	2006	"07-08"	2	138	32	30	62	33	28	61	15	45	61
"HI"	2006	"08-01"	2	1492	337	151	493	307	184	491	155	335	497
"HI"	2006	"08-02"	2	3399	759	229	1010	719	285	1004	349	646	1015
"HI"	2006	"08-03"	2	1650	318	134	461	304	156	460	195	261	466
"HI"	2006	"08-04"	2	1775	304	84	398	310	92	402	188	210	407
"HI"	2006	"08-05"	2	2462	514	271	796	521	275	796	322	477	809
"HI"	2006	"08-06"	2	791	237	75	314	241	70	311	164	145	316
"HI"	2006	"08-07"	2	1028	189	73	268	200	67	267	137	131	271
"HI"	2006	"09-01"	2	1118	245	96	346	244	98	342	153	190	346
"HI"	2006	"09-02"	2	2857	712	209	934	660	278	938	373	564	950
"HI"	2006	"09-03"	2	2339	586	153	755	574	176	750	333	420	764
"HI"	2006	"09-04"	2	2306	487	110	612	483	135	618	317	292	620
"HI"	2006	"09-05"	2	2352	678	149	840	675	160	835	386	459	850
"HI"	2006	"09-06"	2	210	61	9	70	55	15	70	30	40	72
"HI"	2006	"09-07"	2	1022	220	99	332	226	101	327	145	180	334
"HI"	2006	"10-01"	2	1358	190	124	324	214	108	322	111	201	324
"HI"	2006	"10-02"	2	2093	347	185	563	364	198	562	246	305	565
"HI"	2006	"10-03"	2	2098	510	127	646	498	150	648	268	364	651
"HI"	2006	"10-04"	2	1524	250	113	375	254	121	375	119	244	377
"HI"	2006	"10-05"	2	3046	321	350	687	369	314	683	198	473	689
"HI"	2006	"10-06"	2	2428	421	328	767	441	322	763	262	483	775
"HI"	2006	"11-01"	2	88	19	14	33	21	13	34	14	20	34
"HI"	2006	"11-02"	2	4084	634	592	1275	702	567	1269	419	832	1289
"HI"	2006	"11-03"	2	3481	526	408	976	572	399	971	346	605	978
"HI"	2006	"11-04"	2	3444	519	343	901	544	353	897	325	568	911
"HI"	2006	"11-05"	2	2973	543	248	817	542	266	808	284	507	821
"HI"	2006	"12-01"	2	2911	647	293	970	644	323	967	411	539	976
"HI"	2006	"12-02"	2	2045	434	262	721	485	233	718	303	403	729
"HI"	2006	"12-03"	2	2912	616	407	1060	627	434	1061	382	667	1073
"HI"	2006	"12-04"	2	3196	762	395	1179	791	389	1180	502	663	1180
"HI"	2006	"12-05"	2	1520	345	230	587	357	230	587	222	360	593
"HI"	2006	"12-06"	2	2481	554	374	959	631	331	962	389	552	966
"HI"	2006	"12-07"	2	156	46	15	62	43	17	60	32	33	65
"HI"	2006	"13-01"	2	979	253	104	366	256	110	366	165	193	372
"HI"	2006	"13-02"	2	2393	572	216	823	613	207	820	406	401	829
"HI"	2006	"13-03"	2	2872	629	311	988	729	257	986	490	447	998
"HI"	2006	"13-04"	2	564	138	37	191	156	34	190	121	54	191
"HI"	2006	"13-05"	2	212	49	11	61	48	10	58	34	26	62
"HI"	2006	"13-06"	2	1173	297	80	387	289	96	385	163	216	388
"HI"	2006	"13-07"	2	1641	500	136	651	485	162	647	249	383	645
"HI"	2006	"13-08"	2	590	129	61	192	128	66	194	90	99	196
"HI"	2006	"13-09"	2	2073	436	122	570	404	162	566	222	339	577
"HI"	2006	"13-10"	2	349	60	43	110	60	51	111	37	70	113
"HI"	2006	"13-11"	2	1097	296	72	371	273	94	367	192	174	371
"HI"	2006	"13-12"	2	56	0	0	0	0	0	0	0	0	0
"HI"	2006	"14-01"	2	2466	518	389	937	579	351	930	403	483	937
"HI"	2006	"14-02"	2	2269	633	275	946	699	236	935	476	410	949
"HI"	2006	"14-03"	2	1323	394	94	500	365	123	488	218	267	501
"HI"	2006	"14-04"	2	2663	581	227	827	615	216	831	406	404	838
"HI"	2006	"14-05"	2	2191	525	262	811	567	242	809	354	419	814
"HI"	2006	"14-06"	2	1834	334	147	489	340	153	493	221	258	498
"HI"	2006	"15-01"	2	3758	679	506	1216	736	463	1199	468	691	1220
"HI"	2006	"15-02"	2	1921	499	104	614	516	98	614	262	355	629
"HI"	2006	"15-03"	2	1982	435	139	581	428	148	576	276	297	584
"HI"	2006	"15-04"	2	2157	366	174	548	387	169	556	230	312	556
"HI"	2006	"15-05"	2	1932	477	181	665	498	165	663	306	352	676
"HI"	2006	"15-06"	2	1439	302	177	488	325	164	489	218	260	492
"HI"	2006	"16-01"	2	2223	464	263	745	496	245	741	320	412	752
"HI"	2006	"16-02"	2	1547	365	214	588	393	194	587	260	319	603
"HI"	2006	"16-03"	2	2276	470	339	824	473	343	816	319	495	837
"HI"	2006	"16-04"	2	1185	349	86	441	346	95	441	218	215	441
"HI"	2006	"16-05"	2	1441	400	120	529	404	124	528	254	262	528
"HI"	2006	"16-06"	2	311	108	19	128	111	17	128	68	57	129
"HI"	2006	"16-07"	2	1374	431	108	551	407	134	541	275	268	554
"HI"	2006	"16-08"	2	1942	566	173	752	555	190	745	324	396	754
"HI"	2006	"16-09"	2	92	33	3	36	10	26	36	5	29	35
"HI"	2006	"17-01"	1	2683	522	417	952	621	305	926	324	601	945
"HI"	2006	"17-02"	1	1369	337	200	540	387	138	525	211	319	538
"HI"	2006	"17-03"	1	2946	429	627	1070	517	538	1055	206	849	1076
"HI"	2006	"17-04"	1	1261	156	283	446	207	229	436	77	359	447
"HI"	2006	"17-05"	1	3186	544	627	1195	683	484	1167	269	904	1200
"HI"	2006	"17-06"	1	2202	426	355	789	501	275	776	228	556	795
"HI"	2006	"17-07"	1	2750	541	523	1080	648	406	1054	277	786	1080
"HI"	2006	"18-01"	1	1062	183	177	368	211	138	349	112	245	367
"HI"	2006	"18-02"	1	2613	474	414	905	566	316	882	271	617	906
"HI"	2006	"18-03"	1	2091	441	332	784	528	237	765	248	512	777
"HI"	2006	"18-04"	1	1775	433	381	826	483	303	786	272	537	825
"HI"	2006	"18-05"	1	2918	606	552	1182	678	461	1139	344	808	1177
"HI"	2006	"18-06"	1	1456	347	262	619	412	182	594	203	405	620
"HI"	2006	"18-07"	1	3134	572	591	1180	650	478	1128	336	831	1188
"HI"	2006	"19-01"	1	2815	484	565	1062	571	437	1008	237	811	1062
"HI"	2006	"19-02"	1	2241	511	416	940	626	291	917	293	623	945
"HI"	2006	"19-03"	1	1682	403	271	682	459	202	661	248	422	681
"HI"	2006	"19-04"	1	3231	764	460	1243	832	382	1214	473	758	1251
"HI"	2006	"19-05"	1	2069	404	399	813	453	326	779	231	565	814
"HI"	2006	"19-06"	1	1747	388	229	629	435	173	608	216	399	627
"HI"	2006	"19-07"	1	1366	307	171	491	361	121	482	178	299	488
"HI"	2006	"20-01"	1	1306	355	184	548	416	117	533	217	303	544
"HI"	2006	"20-02"	1	2251	505	283	804	567	219	786	305	489	810
"HI"	2006	"20-03"	1	1475	283	198	486	322	145	467	150	316	481
"HI"	2006	"20-04"	1	2236	547	316	882	613	239	852	315	539	888
"HI"	2006	"20-05"	1	3222	779	397	1193	885	284	1169	501	674	1203
"HI"	2006	"20-06"	1	2901	622	392	1041	702	304	1006	400	603	1053
"HI"	2006	"21-01"	1	1886	400	217	622	460	148	608	247	368	623
"HI"	2006	"21-02"	1	1888	434	210	658	476	169	645	259	389	662
"HI"	2006	"21-03"	1	1489	331	207	548	376	164	540	202	334	547
"HI"	2006	"21-04"	1	1784	297	289	609	364	230	594	182	398	609
"HI"	2006	"21-05"	1	2358	354	293	671	405	260	665	242	408	677
"HI"	2006	"21-06"	1	1494	283	156	453	334	103	437	180	257	451
"HI"	2006	"21-07"	1	2614	560	403	991	672	292	964	299	643	987
"HI"	2006	"22-01"	1	656	146	64	214	162	49	211	92	119	216
"HI"	2006	"22-02"	1	1132	252	131	395	298	89	387	172	216	398
"HI"	2006	"22-03"	1	797	143	63	215	154	58	212	77	132	214
"HI"	2006	"22-04"	1	1998	367	186	577	429	128	557	228	326	580
"HI"	2006	"22-05"	1	2213	383	219	617	448	147	595	246	345	612
"HI"	2006	"22-06"	1	1735	416	196	625	466	148	614	262	349	629
"HI"	2006	"22-07"	1	2206	356	227	599	398	182	580	230	365	609
"HI"	2006	"23-01"	1	2009	274	212	505	325	172	497	169	306	506
"HI"	2006	"23-02"	1	2740	298	251	572	330	232	562	175	362	572
"HI"	2006	"23-03"	1	4629	458	464	954	551	393	944	289	628	957
"HI"	2006	"23-04"	1	2795	338	293	644	406	225	631	189	446	648
"HI"	2006	"24-01"	1	2737	739	465	1224	872	295	1167	451	719	1214
"HI"	2006	"24-02"	1	1807	470	259	737	531	178	709	307	405	744
"HI"	2006	"24-03"	1	2118	367	239	618	435	172	607	224	367	629
"HI"	2006	"24-04"	1	2625	505	309	834	591	219	810	296	505	831
"HI"	2006	"24-05"	1	2596	545	422	989	643	304	947	326	612	987
"HI"	2006	"24-06"	1	2569	614	431	1064	705	309	1014	412	628	1064
"HI"	2006	"25-01"	1	2177	423	369	815	524	281	805	238	542	815
"HI"	2006	"25-02"	1	2177	440	309	781	513	242	755	252	490	786
"HI"	2006	"25-03"	1	271	44	36	84	55	26	81	21	56	85
"HI"	2006	"25-04"	1	1180	173	140	326	208	108	316	104	212	331
"HI"	2006	"25-05"	1	1250	157	125	290	192	95	287	105	171	289
"HI"	2006	"25-06"	1	1763	324	194	530	357	164	521	186	326	533
"HI"	2006	"25-07"	1	2061	346	221	588	412	169	581	190	376	589
"HI"	2006	"25-08"	1	2138	360	226	612	422	180	602	222	370	615
"HI"	2006	"26-01"	1	2101	641	310	961	717	220	937	387	559	966
"HI"	2006	"26-02"	1	1036	306	38	350	301	41	342	99	249	352
"HI"	2006	"26-03"	1	2041	309	243	568	363	198	561	174	375	569
"HI"	2006	"26-04"	1	1344	235	123	371	251	111	362	120	232	370
"HI"	2006	"26-05"	1	1903	409	227	649	452	190	642	231	399	648
"HI"	2006	"26-06"	1	3187	674	434	1130	785	310	1095	398	709	1129
"HI"	2006	"26-07"	1	2517	583	499	1094	655	397	1052	303	773	1093
"HI"	2006	"27-01"	1	322	74	54	130	89	41	130	51	78	131
"HI"	2006	"27-02"	1	1217	320	181	510	371	122	493	172	321	513
"HI"	2006	"27-03"	1	2982	775	464	1254	857	357	1214	442	798	1263
"HI"	2006	"27-04"	1	962	207	113	324	248	75	323	139	178	322
"HI"	2006	"27-05"	1	1603	319	159	488	348	135	483	164	315	495
"HI"	2006	"27-06"	1	1979	452	230	693	514	151	665	244	432	694
"HI"	2006	"27-07"	1	959	189	75	278	198	72	270	98	165	277
"HI"	2006	"27-08"	1	1723	389	230	630	444	173	617	225	387	632
"HI"	2006	"28-01"	1	1352	251	115	385	270	112	382	164	215	393
"HI"	2006	"28-02"	1	1112	179	129	317	216	97	313	130	182	319
"HI"	2006	"28-03"	1	1173	134	173	315	171	136	307	88	214	311
"HI"	2006	"28-04"	1	2322	293	250	563	340	207	547	163	376	561
"HI"	2006	"28-05"	1	2248	294	224	532	325	186	511	139	392	545
"HI"	2006	"28-06"	1	1354	229	101	340	246	89	335	101	221	337
"HI"	2006	"28-07"	1	1720	358	103	477	365	103	468	170	293	481
"HI"	2006	"29-01"	1	2149	484	183	679	521	149	670	240	435	681
"HI"	2006	"29-02"	1	2464	570	152	736	602	122	724	306	426	739
"HI"	2006	"29-03"	1	2226	386	155	549	423	120	543	230	312	553
"HI"	2006	"29-04"	1	1134	244	78	327	245	73	318	124	192	328
"HI"	2006	"29-05"	1	1775	306	104	419	358	58	416	175	243	423
"HI"	2006	"30-01"	1	2297	535	274	821	597	211	808	290	494	816
"HI"	2006	"30-02"	1	1952	513	219	744	569	156	725	271	461	747
"HI"	2006	"30-03"	1	1277	322	143	474	356	109	465	181	289	475
"HI"	2006	"30-04"	1	1163	265	101	372	294	68	362	141	219	368
"HI"	2006	"30-05"	1	2221	487	194	688	547	124	671	277	396	681
"HI"	2006	"30-06"	1	848	187	71	267	196	67	263	101	163	272
"HI"	2006	"30-07"	1	291	46	41	88	50	36	86	28	57	87
"HI"	2006	"31-01"	1	2018	485	280	772	573	179	752	298	477	778
"HI"	2006	"31-02"	1	2568	520	404	940	615	309	924	298	638	949
"HI"	2006	"31-03"	1	2056	356	279	653	415	229	644	208	438	659
"HI"	2006	"31-04"	1	2305	369	302	690	445	236	681	193	490	693
"HI"	2006	"31-05"	1	3141	721	420	1153	833	297	1130	444	691	1155
"HI"	2006	"32-01"	1	1641	498	217	721	533	170	703	310	402	723
"HI"	2006	"32-02"	1	392	66	28	95	72	20	92	34	59	95
"HI"	2006	"32-03"	1	1431	39	78	123	47	75	122	20	102	125
"HI"	2006	"32-04"	1	2281	351	184	545	392	141	533	188	352	547
"HI"	2006	"32-05"	1	2989	612	518	1147	733	390	1123	287	849	1155
"HI"	2006	"32-06"	1	1510	295	132	433	326	98	424	149	275	435
"HI"	2006	"32-07"	1	969	225	95	327	253	70	323	131	193	329
"HI"	2006	"32-08"	1	2279	369	281	661	424	226	650	196	459	667
"HI"	2006	"33-01"	1	826	128	86	219	132	81	213	65	151	218
"HI"	2006	"33-02"	1	936	229	135	374	254	107	361	119	251	374
"HI"	2006	"33-03"	1	2030	550	271	830	620	196	816	317	507	831
"HI"	2006	"33-04"	1	3838	808	618	1446	946	465	1411	471	980	1466
"HI"	2006	"33-05"	1	2621	483	389	882	569	299	868	265	604	883
"HI"	2006	"33-06"	1	1914	355	204	572	412	154	566	197	370	575
"HI"	2006	"34-01"	1	1670	370	302	684	432	225	657	212	456	686
"HI"	2006	"34-02"	1	1740	388	260	659	430	210	640	208	437	657
"HI"	2006	"34-03"	1	1053	225	138	367	255	99	354	130	236	368
"HI"	2006	"34-04"	1	1759	421	188	619	465	145	610	251	361	619
"HI"	2006	"34-05"	1	1229	284	99	387	301	75	376	173	213	389
"HI"	2006	"34-06"	1	675	120	47	168	129	40	169	67	99	167
"HI"	2006	"34-07"	1	4285	904	554	1473	1020	383	1403	513	948	1476
"HI"	2006	"35-01"	1	2073	449	300	755	519	221	740	219	530	757
"HI"	2006	"35-02"	1	2976	634	259	907	717	173	890	362	531	906
"HI"	2006	"35-03"	1	851	195	64	263	207	50	257	109	151	261
"HI"	2006	"35-04"	1	1277	314	97	416	329	80	409	210	205	418
"HI"	2006	"35-05"	1	1322	244	134	381	275	101	376	135	242	381
"HI"	2006	"35-06"	1	2840	732	261	1010	833	171	1004	374	618	1004
"HI"	2006	"36-01"	1	2078	532	270	808	623	170	793	357	453	817
"HI"	2006	"36-02"	1	1456	438	204	652	483	143	626	258	387	651
"HI"	2006	"36-03"	1	1915	336	242	587	377	203	580	191	393	590
"HI"	2006	"36-04"	1	203	36	28	65	39	24	63	16	48	65
"HI"	2006	"36-05"	1	2837	703	338	1060	794	244	1038	437	613	1061
"HI"	2006	"36-06"	1	2482	597	376	985	682	285	967	307	668	987
"HI"	2006	"36-07"	1	1664	383	280	668	441	221	662	220	446	673
"HI"	2006	"37-01"	1	3925	850	646	1517	1004	495	1499	486	1032	1534
"HI"	2006	"37-02"	1	3423	678	658	1349	822	498	1320	376	960	1355
"HI"	2006	"37-03"	1	3455	801	623	1441	920	474	1394	506	926	1450
"HI"	2006	"37-04"	1	3285	699	559	1279	831	421	1252	409	850	1286
"HI"	2006	"38-01"	1	3787	825	694	1537	975	526	1501	422	1101	1543
"HI"	2006	"38-02"	1	4221	966	800	1780	1149	597	1746	477	1288	1782
"HI"	2006	"38-03"	1	2882	639	484	1138	732	381	1113	383	748	1148
"HI"	2006	"38-04"	1	2836	543	504	1064	633	415	1048	289	760	1073
"HI"	2006	"38-05"	1	2523	600	398	1010	656	341	997	340	659	1014
"HI"	2006	"39-01"	2	1746	381	194	588	376	213	589	212	371	588
"HI"	2006	"39-02"	2	1744	472	257	742	423	314	737	270	463	740
"HI"	2006	"39-03"	2	2521	590	399	1003	549	447	996	356	645	1011
"HI"	2006	"39-04"	2	2898	530	325	880	509	360	869	283	569	876
"HI"	2006	"39-05"	1	990	143	136	285	169	116	285	83	200	288
"HI"	2006	"39-06"	2	2011	444	205	664	433	228	661	287	365	664
"HI"	2006	"40-01"	2	1501	303	232	538	246	289	535	140	396	543
"HI"	2006	"40-02"	2	2368	409	408	825	396	424	820	190	630	827
"HI"	2006	"40-03"	2	3258	670	435	1126	553	570	1123	284	841	1135
"HI"	2006	"40-04"	2	3086	652	426	1103	546	555	1101	298	805	1115
"HI"	2006	"40-05"	2	3045	473	550	1043	439	606	1045	214	815	1046
"HI"	2006	"40-06"	2	1660	291	333	638	252	382	634	116	521	645
"HI"	2006	"41-01"	1	2067	384	323	718	451	251	702	188	521	723
"HI"	2006	"41-02"	1	1633	327	256	591	389	195	584	166	422	596
"HI"	2006	"41-03"	1	2177	558	239	805	602	197	799	313	487	808
"HI"	2006	"41-04"	1	766	96	46	147	108	36	144	32	112	149
"HI"	2006	"41-05"	2	2880	617	423	1061	586	472	1058	317	735	1064
"HI"	2006	"41-06"	2	1964	406	316	731	358	368	726	186	539	732
"HI"	2006	"42-01"	1	1408	295	125	429	320	97	417	181	240	427
"HI"	2006	"42-02"	1	1011	153	53	212	160	50	210	69	140	213
"HI"	2006	"42-03"	1	1255	260	151	419	288	121	409	119	291	422
"HI"	2006	"42-04"	1	2517	622	271	916	680	223	903	333	562	913
"HI"	2006	"42-05"	1	3535	522	376	911	620	285	905	258	641	911
"HI"	2006	"43-01"	1	1519	320	223	554	392	163	555	163	391	561
"HI"	2006	"43-02"	1	3091	669	532	1218	766	437	1203	276	938	1225
"HI"	2006	"43-03"	1	2195	436	241	693	493	194	687	213	476	696
"HI"	2006	"43-04"	1	2313	469	302	777	513	249	762	197	580	785
"HI"	2006	"43-05"	1	2419	539	303	857	583	264	847	264	578	858
"HI"	2006	"43-06"	1	2641	409	464	882	477	399	876	201	677	886
"HI"	2006	"44-01"	2	920	146	110	265	139	122	261	87	174	267
"HI"	2006	"44-02"	2	3056	739	178	932	587	339	926	273	652	936
"HI"	2006	"44-03"	2	2946	568	204	786	456	316	772	236	532	782
"HI"	2006	"44-04"	2	3567	651	347	1017	528	491	1019	287	721	1026
"HI"	2006	"45-01"	2	3931	846	357	1217	709	506	1215	357	849	1220
"HI"	2006	"45-02"	2	2128	445	169	619	394	222	616	197	413	619
"HI"	2006	"45-03"	2	1059	197	80	282	172	110	282	109	165	283
"HI"	2006	"45-04"	2	2900	485	334	838	443	391	834	245	563	838
"HI"	2006	"46-01"	2	181	70	8	78	62	14	76	43	32	78
"HI"	2006	"46-02"	2	1363	38	28	66	38	29	67	26	39	66
"HI"	2006	"46-03"	2	3040	702	423	1154	681	467	1148	456	677	1166
"HI"	2006	"46-04"	2	2976	576	309	904	537	363	900	325	558	909
"HI"	2006	"46-05"	2	2784	448	449	933	476	451	927	280	616	930
"HI"	2006	"46-06"	2	1419	303	186	498	249	246	495	126	366	498
"HI"	2006	"46-07"	2	1576	291	280	578	162	411	573	76	500	580
"HI"	2006	"47-01"	2	4150	699	577	1301	547	736	1283	288	982	1301
"HI"	2006	"47-02"	2	1942	407	269	689	369	316	685	231	446	690
"HI"	2006	"47-03"	2	2422	374	386	777	384	399	783	194	565	789
"HI"	2006	"47-04"	2	653	141	105	249	125	125	250	62	183	250
"HI"	2006	"47-05"	2	568	81	113	199	78	120	198	41	151	200
"HI"	2006	"47-06"	2	4518	903	754	1690	831	858	1689	460	1215	1701
"HI"	2006	"48-01"	2	3185	663	420	1102	565	533	1098	342	739	1102
"HI"	2006	"48-02"	2	2672	601	320	929	491	430	921	321	602	934
"HI"	2006	"48-03"	2	3570	696	432	1136	608	531	1139	365	758	1131
"HI"	2006	"48-04"	2	3546	857	494	1368	784	579	1363	449	894	1370
"HI"	2006	"48-05"	2	1327	253	215	470	202	266	468	121	340	469
"HI"	2006	"49-01"	2	2432	491	560	1071	458	609	1067	251	806	1078
"HI"	2006	"49-02"	2	1022	252	187	445	230	212	442	131	311	446
"HI"	2006	"49-03"	2	2456	525	529	1070	480	570	1050	278	755	1064
"HI"	2006	"49-04"	2	1067	184	216	408	183	223	406	105	288	407
"HI"	2006	"49-05"	2	1914	372	307	689	317	370	687	196	482	689
"HI"	2006	"49-06"	2	1730	431	219	658	384	269	653	206	430	654
"HI"	2006	"49-07"	2	3709	649	512	1183	575	593	1168	341	804	1183
"HI"	2006	"50-01"	2	1686	290	445	745	331	407	738	187	535	738
"HI"	2006	"50-02"	2	2331	392	415	824	380	435	815	222	584	828
"HI"	2006	"50-03"	2	1496	263	306	575	244	322	566	135	423	574
"HI"	2006	"50-04"	2	2312	392	412	822	376	445	821	212	596	827
"HI"	2006	"50-05"	2	2410	383	628	1024	423	595	1018	232	774	1029
"HI"	2006	"50-06"	2	2686	335	703	1048	440	607	1047	209	812	1050
"HI"	2006	"50-07"	2	1705	137	344	486	168	316	484	80	391	485
"HI"	2006	"51-01"	2	1685	289	424	720	310	405	715	148	543	722
"HI"	2006	"51-02"	2	2640	591	302	910	508	397	905	304	584	913
"HI"	2006	"51-03"	2	2825	828	247	1088	655	423	1078	314	756	1088
"HI"	2006	"51-04"	2	523	110	115	225	104	120	224	59	167	226
"HI"	2006	"51-05"	2	2886	558	556	1129	503	624	1127	260	862	1139
"HI"	2006	"51-06"	2	1512	287	380	686	289	394	683	158	503	687
"HI"	2006	"51-07"	2	1222	163	264	441	183	255	438	96	321	440
"HI"	2006	"AB Mail 01"	2	0	167	56	232	160	73	233	84	138	231
"HI"	2006	"AB Mail 02"	2	0	672	193	886	623	265	888	421	459	898
"HI"	2006	"AB Mail 03"	2	0	40	16	57	35	21	56	22	33	57
"HI"	2006	"AB Mail 04"	2	0	665	289	965	635	335	970	430	524	964
"HI"	2006	"AB Mail 05"	2	0	284	73	365	257	110	367	162	203	370
"HI"	2006	"AB Mail 06"	2	0	732	210	959	710	266	976	494	469	975
"HI"	2006	"AB Mail 07"	2	0	44	18	62	41	22	63	29	30	59
"HI"	2006	"AB Mail 08"	2	0	51	12	63	55	9	64	33	32	65
"HI"	2006	"AB Mail 09"	2	0	282	68	350	261	88	349	182	167	349
"HI"	2006	"AB Mail 10"	2	0	165	34	200	155	43	198	119	83	203
"HI"	2006	"AB Mail 100"	2	0	837	652	1500	767	732	1499	463	1024	1503
"HI"	2006	"AB Mail 101"	2	0	260	181	452	227	215	442	128	312	450
"HI"	2006	"AB Mail 102"	2	0	467	499	976	448	526	974	262	685	965
"HI"	2006	"AB Mail 103"	2	0	240	387	636	269	365	634	131	499	641
"HI"	2006	"AB Mail 104"	2	0	822	505	1336	762	570	1332	408	917	1338
"HI"	2006	"AB Mail 105"	2	0	102	120	224	102	122	224	56	157	220
"HI"	2006	"AB Mail 11"	2	0	74	24	102	69	30	99	46	48	101
"HI"	2006	"AB Mail 12"	2	0	55	19	76	53	21	74	23	49	77
"HI"	2006	"AB Mail 13"	2	0	373	197	591	380	206	586	225	356	596
"HI"	2006	"AB Mail 14"	2	0	39	11	50	31	19	50	14	34	50
"HI"	2006	"AB Mail 15"	2	0	294	102	412	290	120	410	197	194	415
"HI"	2006	"AB Mail 16"	2	0	110	34	151	111	40	151	76	69	149
"HI"	2006	"AB Mail 17"	2	0	293	108	405	286	124	410	189	218	410
"HI"	2006	"AB Mail 18"	2	0	220	246	482	241	230	471	140	333	486
"HI"	2006	"AB Mail 19"	2	0	185	167	362	195	165	360	85	270	362
"HI"	2006	"AB Mail 20"	2	0	149	137	296	166	129	295	89	201	299
"HI"	2006	"AB Mail 21"	2	0	257	164	436	259	179	438	132	298	442
"HI"	2006	"AB Mail 22"	2	0	45	27	74	48	27	75	23	51	76
"HI"	2006	"AB Mail 23"	2	0	1622	438	2091	1515	572	2087	973	1116	2113
"HI"	2006	"AB Mail 24"	2	0	1643	324	1982	1583	410	1993	1134	867	2010
"HI"	2006	"AB Mail 25"	2	0	492	346	849	498	351	849	309	522	850
"HI"	2006	"AB Mail 26"	2	0	538	436	1015	544	464	1008	293	715	1024
"HI"	2006	"AB Mail 27"	2	0	1441	620	2097	1356	745	2101	821	1261	2102
"HI"	2006	"AB Mail 28"	2	0	914	303	1245	881	355	1236	559	666	1257
"HI"	2006	"AB Mail 29"	2	0	22	7	29	20	8	28	12	17	29
"HI"	2006	"AB Mail 30"	2	0	844	288	1152	836	321	1157	567	594	1176
"HI"	2006	"AB Mail 31"	2	0	1194	385	1590	1168	443	1611	752	838	1611
"HI"	2006	"AB Mail 32"	2	0	1053	289	1357	1027	349	1376	654	721	1387
"HI"	2006	"AB Mail 33"	1	0	787	593	1397	856	487	1343	408	974	1394
"HI"	2006	"AB Mail 34"	1	0	948	809	1776	1096	605	1701	513	1254	1793
"HI"	2006	"AB Mail 35"	1	0	98	117	216	113	98	211	50	160	216
"HI"	2006	"AB Mail 36"	1	0	1343	1031	2399	1480	818	2298	747	1640	2410
"HI"	2006	"AB Mail 37"	1	0	943	886	1850	1036	733	1769	509	1337	1861
"HI"	2006	"AB Mail 38"	1	0	557	297	864	594	233	827	341	520	873
"HI"	2006	"AB Mail 39"	1	0	156	79	236	168	61	229	89	147	238
"HI"	2006	"AB Mail 40"	1	0	1071	463	1551	1136	341	1477	662	861	1552
"HI"	2006	"AB Mail 41"	1	0	413	273	699	444	225	669	239	452	708
"HI"	2006	"AB Mail 42"	1	0	729	289	1023	770	214	984	436	592	1044
"HI"	2006	"AB Mail 43"	1	0	106	135	248	127	110	237	70	173	250
"HI"	2006	"AB Mail 44"	1	0	105	103	216	118	95	213	71	140	218
"HI"	2006	"AB Mail 45"	1	0	180	118	302	195	100	295	81	207	299
"HI"	2006	"AB Mail 46"	1	0	614	271	894	668	205	873	409	487	920
"HI"	2006	"AB Mail 47"	1	0	340	201	549	371	167	538	205	345	559
"HI"	2006	"AB Mail 48"	1	0	507	561	1114	586	526	1112	291	788	1121
"HI"	2006	"AB Mail 49"	1	0	265	269	545	318	218	536	172	359	548
"HI"	2006	"AB Mail 50"	1	0	1557	932	2514	1708	716	2424	1027	1468	2534
"HI"	2006	"AB Mail 51"	1	0	735	530	1296	807	453	1260	391	867	1293
"HI"	2006	"AB Mail 52"	1	0	21	10	31	25	6	31	16	15	31
"HI"	2006	"AB Mail 53"	1	0	127	140	271	146	108	254	74	200	275
"HI"	2006	"AB Mail 54"	1	0	330	183	522	360	136	496	207	316	534
"HI"	2006	"AB Mail 55"	1	0	814	476	1298	873	369	1242	455	825	1302
"HI"	2006	"AB Mail 56"	1	0	612	338	963	674	266	940	307	646	972
"HI"	2006	"AB Mail 57"	1	0	1157	558	1734	1205	477	1682	623	1089	1740
"HI"	2006	"AB Mail 58"	1	0	89	33	122	89	24	113	36	82	119
"HI"	2006	"AB Mail 59"	1	0	115	68	188	132	51	183	70	116	191
"HI"	2006	"AB Mail 60"	1	0	121	55	178	135	41	176	76	98	180
"HI"	2006	"AB Mail 61"	1	0	519	369	907	547	329	876	289	599	916
"HI"	2006	"AB Mail 62"	1	0	203	76	284	211	66	277	106	167	284
"HI"	2006	"AB Mail 63"	1	0	360	122	493	392	93	485	197	280	486
"HI"	2006	"AB Mail 64"	1	0	565	116	697	591	99	690	273	415	698
"HI"	2006	"AB Mail 65"	1	0	613	233	857	645	189	834	342	501	853
"HI"	2006	"AB Mail 66"	1	0	234	85	321	252	59	311	138	188	329
"HI"	2006	"AB Mail 67"	1	0	19	10	30	27	5	32	11	19	31
"HI"	2006	"AB Mail 68"	1	0	263	135	400	301	86	387	205	207	416
"HI"	2006	"AB Mail 69"	1	0	869	494	1387	976	378	1354	495	893	1413
"HI"	2006	"AB Mail 70"	1	0	442	230	683	480	188	668	268	420	694
"HI"	2006	"AB Mail 71"	1	0	338	256	601	364	224	588	173	425	600
"HI"	2006	"AB Mail 72"	1	0	399	180	586	414	147	561	213	365	584
"HI"	2006	"AB Mail 73"	1	0	847	488	1350	932	379	1311	487	861	1370
"HI"	2006	"AB Mail 74"	1	0	1510	724	2250	1648	496	2144	915	1335	2266
"HI"	2006	"AB Mail 75"	1	0	188	85	278	196	84	280	92	193	288
"HI"	2006	"AB Mail 76"	1	0	631	228	871	664	197	861	339	532	878
"HI"	2006	"AB Mail 77"	1	0	1311	574	1912	1423	427	1850	816	1093	1931
"HI"	2006	"AB Mail 78"	1	0	12	2	14	12	2	14	8	5	13
"HI"	2006	"AB Mail 79"	1	0	354	190	550	381	144	525	196	348	553
"HI"	2006	"AB Mail 80"	1	0	835	540	1391	933	406	1339	482	887	1386
"HI"	2006	"AB Mail 81"	1	0	797	479	1291	908	345	1253	426	859	1298
"HI"	2006	"AB Mail 82"	1	0	731	422	1174	794	336	1130	417	747	1179
"HI"	2006	"AB Mail 83"	2	0	799	345	1165	767	400	1167	491	669	1175
"HI"	2006	"AB Mail 84"	1	0	45	24	71	50	22	72	27	43	72
"HI"	2006	"AB Mail 85"	2	0	805	662	1485	710	771	1481	393	1083	1491
"HI"	2006	"AB Mail 86"	1	0	329	196	528	364	148	512	154	367	524
"HI"	2006	"AB Mail 87"	1	0	117	52	172	129	41	170	62	111	174
"HI"	2006	"AB Mail 88"	2	0	287	167	458	271	180	451	157	295	457
"HI"	2006	"AB Mail 89"	1	0	96	24	121	99	20	119	64	59	124
"HI"	2006	"AB Mail 90"	1	0	492	260	765	552	206	758	258	497	773
"HI"	2006	"AB Mail 91"	1	0	781	491	1290	826	440	1266	353	921	1289
"HI"	2006	"AB Mail 92"	2	0	36	24	61	33	28	61	15	45	60
"HI"	2006	"AB Mail 93"	2	0	583	218	810	442	355	797	219	576	808
"HI"	2006	"AB Mail 94"	2	0	559	273	850	496	350	846	259	567	856
"HI"	2006	"AB Mail 95"	2	0	637	333	992	539	446	985	336	639	992
"HI"	2006	"AB Mail 96"	2	0	816	564	1397	733	662	1395	413	967	1403
"HI"	2006	"AB Mail 97"	2	0	55	36	93	53	39	92	35	58	94
"HI"	2006	"AB Mail 98"	2	0	315	174	494	268	230	498	166	322	496
"HI"	2006	"AB Mail 99"	2	0	1056	502	1566	964	610	1574	553	997	1567
"HI"	2006	"AB Walk 01"	2	0	290	90	389	293	94	387	169	216	391
"HI"	2006	"AB Walk 02"	2	0	408	160	578	405	173	578	280	300	587
"HI"	2006	"AB Walk 03"	2	0	24	10	36	25	12	37	21	16	37
"HI"	2006	"AB Walk 04"	2	0	737	300	1046	696	354	1050	469	580	1060
"HI"	2006	"AB Walk 05"	2	0	292	122	418	271	150	421	177	245	428
"HI"	2006	"AB Walk 06"	2	0	863	326	1196	824	372	1196	536	660	1203
"HI"	2006	"AB Walk 07"	2	0	62	20	82	52	28	80	37	45	82
"HI"	2006	"AB Walk 08"	2	0	77	28	105	72	34	106	53	52	105
"HI"	2006	"AB Walk 09"	2	0	351	104	455	338	124	462	235	228	464
"HI"	2006	"AB Walk 10"	2	0	213	52	270	202	65	267	144	129	274
"HI"	2006	"AB Walk 100"	2	0	436	300	743	388	357	745	211	522	744
"HI"	2006	"AB Walk 101"	2	0	220	183	412	198	212	410	105	300	413
"HI"	2006	"AB Walk 102"	2	0	194	241	439	196	241	437	92	346	442
"HI"	2006	"AB Walk 103"	2	0	142	174	320	150	165	315	75	237	319
"HI"	2006	"AB Walk 104"	2	0	298	181	483	259	220	479	154	327	482
"HI"	2006	"AB Walk 105"	2	0	56	38	94	52	40	92	31	58	92
"HI"	2006	"AB Walk 11"	2	0	75	27	112	74	36	110	48	54	112
"HI"	2006	"AB Walk 12"	2	0	69	48	120	75	45	120	36	83	122
"HI"	2006	"AB Walk 13"	2	0	411	252	676	429	251	680	259	404	685
"HI"	2006	"AB Walk 14"	2	0	23	11	34	18	16	34	17	17	34
"HI"	2006	"AB Walk 15"	2	0	288	99	401	299	102	401	199	184	402
"HI"	2006	"AB Walk 16"	2	0	53	32	91	64	29	93	39	52	94
"HI"	2006	"AB Walk 17"	2	0	187	74	267	180	86	266	133	130	268
"HI"	2006	"AB Walk 18"	2	0	291	300	607	313	293	606	194	411	616
"HI"	2006	"AB Walk 19"	2	0	275	200	487	289	195	484	176	311	493
"HI"	2006	"AB Walk 20"	2	0	226	171	415	238	180	418	130	277	415
"HI"	2006	"AB Walk 21"	2	0	443	245	696	408	281	689	200	479	689
"HI"	2006	"AB Walk 22"	2	0	69	29	100	62	38	100	36	64	101
"HI"	2006	"AB Walk 23"	2	0	645	203	856	586	263	849	367	480	855
"HI"	2006	"AB Walk 24"	2	0	450	136	591	434	157	591	297	294	601
"HI"	2006	"AB Walk 25"	2	0	302	214	533	294	238	532	200	326	537
"HI"	2006	"AB Walk 26"	2	0	196	146	352	222	131	353	130	215	353
"HI"	2006	"AB Walk 27"	2	0	405	211	628	437	196	633	285	338	632
"HI"	2006	"AB Walk 28"	2	0	556	142	708	517	185	702	301	385	711
"HI"	2006	"AB Walk 29"	2	0	0	0	0	0	0	0	0	0	0
"HI"	2006	"AB Walk 30"	2	0	628	228	867	613	260	873	404	463	882
"HI"	2006	"AB Walk 31"	2	0	1245	427	1699	1223	482	1705	864	807	1713
"HI"	2006	"AB Walk 32"	2	0	612	200	817	589	222	811	383	430	821
"HI"	2006	"AB Walk 33"	1	0	89	84	176	114	60	174	55	121	178
"HI"	2006	"AB Walk 34"	1	0	172	137	313	195	111	306	98	214	316
"HI"	2006	"AB Walk 35"	1	0	20	12	32	22	9	31	10	20	32
"HI"	2006	"AB Walk 36"	1	0	223	200	425	236	169	405	113	307	426
"HI"	2006	"AB Walk 37"	1	0	134	160	297	165	129	294	82	217	302
"HI"	2006	"AB Walk 38"	1	0	110	60	170	118	47	165	59	106	169
"HI"	2006	"AB Walk 39"	1	0	26	17	44	28	11	39	18	24	45
"HI"	2006	"AB Walk 40"	1	0	219	86	309	225	73	298	134	169	314
"HI"	2006	"AB Walk 41"	1	0	60	46	106	62	41	103	34	65	103
"HI"	2006	"AB Walk 42"	1	0	139	67	210	146	57	203	91	118	212
"HI"	2006	"AB Walk 43"	1	0	21	17	39	20	19	39	12	28	41
"HI"	2006	"AB Walk 44"	1	0	25	24	49	32	16	48	21	26	50
"HI"	2006	"AB Walk 45"	1	0	26	31	57	31	25	56	17	39	57
"HI"	2006	"AB Walk 46"	1	0	127	67	198	138	59	197	79	116	199
"HI"	2006	"AB Walk 47"	1	0	73	61	138	81	53	134	53	77	133
"HI"	2006	"AB Walk 48"	1	0	167	144	318	178	123	301	106	204	316
"HI"	2006	"AB Walk 49"	1	0	125	104	233	151	78	229	88	144	235
"HI"	2006	"AB Walk 50"	1	0	356	210	572	371	173	544	228	330	566
"HI"	2006	"AB Walk 51"	1	0	197	174	374	227	134	361	134	226	375
"HI"	2006	"AB Walk 52"	1	0	8	3	11	9	1	10	4	6	11
"HI"	2006	"AB Walk 53"	1	0	31	20	51	32	19	51	18	31	50
"HI"	2006	"AB Walk 54"	1	0	82	45	132	95	33	128	53	72	131
"HI"	2006	"AB Walk 55"	1	0	213	153	371	242	120	362	132	224	368
"HI"	2006	"AB Walk 56"	1	0	181	117	302	202	93	295	105	188	298
"HI"	2006	"AB Walk 57"	1	0	281	139	427	297	123	420	164	259	431
"HI"	2006	"AB Walk 58"	1	0	23	5	28	20	8	28	9	18	27
"HI"	2006	"AB Walk 59"	1	0	33	21	56	35	17	52	24	29	56
"HI"	2006	"AB Walk 60"	1	0	25	11	38	30	8	38	21	17	38
"HI"	2006	"AB Walk 61"	1	0	181	150	338	206	126	332	132	205	343
"HI"	2006	"AB Walk 62"	1	0	44	23	68	42	24	66	17	48	68
"HI"	2006	"AB Walk 63"	1	0	58	21	81	61	16	77	37	42	82
"HI"	2006	"AB Walk 64"	1	0	67	30	99	70	28	98	39	56	97
"HI"	2006	"AB Walk 65"	1	0	127	51	181	134	39	173	85	94	182
"HI"	2006	"AB Walk 66"	1	0	46	22	68	45	20	65	39	30	69
"HI"	2006	"AB Walk 67"	1	0	6	5	11	7	4	11	4	7	11
"HI"	2006	"AB Walk 68"	1	0	69	30	99	71	23	94	39	59	98
"HI"	2006	"AB Walk 69"	1	0	176	121	299	205	84	289	103	196	303
"HI"	2006	"AB Walk 70"	1	0	141	68	213	155	52	207	82	132	216
"HI"	2006	"AB Walk 71"	1	0	113	85	200	128	68	196	65	133	200
"HI"	2006	"AB Walk 72"	1	0	126	58	187	127	53	180	76	107	187
"HI"	2006	"AB Walk 73"	1	0	298	206	512	334	161	495	180	325	509
"HI"	2006	"AB Walk 74"	1	0	473	242	721	528	172	700	286	430	723
"HI"	2006	"AB Walk 75"	1	0	49	34	84	58	24	82	27	52	82
"HI"	2006	"AB Walk 76"	1	0	144	50	195	149	40	189	86	111	199
"HI"	2006	"AB Walk 77"	1	0	378	180	561	425	121	546	209	349	564
"HI"	2006	"AB Walk 78"	1	0	4	3	8	4	3	7	2	6	8
"HI"	2006	"AB Walk 79"	1	0	89	42	133	104	27	131	40	94	135
"HI"	2006	"AB Walk 80"	1	0	233	128	365	248	104	352	152	208	366
"HI"	2006	"AB Walk 81"	1	0	176	95	277	188	82	270	90	189	279
"HI"	2006	"AB Walk 82"	1	0	150	108	259	164	91	255	86	174	263
"HI"	2006	"AB Walk 83"	2	0	124	68	193	105	87	192	75	115	192
"HI"	2006	"AB Walk 84"	1	0	13	4	17	10	6	16	6	11	17
"HI"	2006	"AB Walk 85"	2	0	431	427	870	353	513	866	200	667	877
"HI"	2006	"AB Walk 86"	1	0	101	63	167	118	40	158	64	102	167
"HI"	2006	"AB Walk 87"	1	0	34	12	46	34	11	45	16	28	46
"HI"	2006	"AB Walk 88"	2	0	90	53	144	76	67	143	42	102	145
"HI"	2006	"AB Walk 89"	1	0	29	8	37	30	6	36	17	20	37
"HI"	2006	"AB Walk 90"	1	0	160	113	276	179	102	281	87	192	281
"HI"	2006	"AB Walk 91"	1	0	268	223	495	306	185	491	134	365	501
"HI"	2006	"AB Walk 92"	2	0	25	15	41	26	15	41	15	27	42
"HI"	2006	"AB Walk 93"	2	0	225	97	327	172	144	316	81	242	326
"HI"	2006	"AB Walk 94"	2	0	159	77	239	147	91	238	86	151	240
"HI"	2006	"AB Walk 95"	2	0	114	64	181	86	90	176	54	119	178
"HI"	2006	"AB Walk 96"	2	0	598	418	1033	516	511	1027	292	718	1031
"HI"	2006	"AB Walk 97"	2	0	39	35	76	37	39	76	19	55	76
"HI"	2006	"AB Walk 98"	2	0	259	180	445	232	213	445	145	293	448
"HI"	2006	"AB Walk 99"	2	0	733	348	1090	667	420	1087	450	635	1092
"HI"	2006	"Overseas 106"	1	0	113	23	144	121	23	144	0	0	0
"HI"	2006	"Overseas 107"	2	0	79	11	92	79	12	91	0	0	0
