state	year	precinct	cd	g2004_REG_tv	g2004_USP_dv	g2004_USP_rv	g2004_USP_tv	g2004_USS_dv	g2004_USS_rv	g2004_USS_tv	g2004_USH_dv	g2004_USH_rv	g2004_USH_tv
"HI"	2004	"01-01"	2	1840	487	228	722	512	153	694	488	216	704
"HI"	2004	"01-02"	2	994	242	131	377	290	69	370	234	137	371
"HI"	2004	"01-03"	2	311	92	30	124	97	18	122	80	41	121
"HI"	2004	"01-04"	2	2314	678	358	1055	801	162	1020	702	338	1040
"HI"	2004	"01-05"	2	801	247	126	375	281	63	367	256	112	368
"HI"	2004	"01-06"	2	181	64	10	75	62	7	73	58	13	71
"HI"	2004	"01-07"	2	700	196	100	299	229	45	291	204	89	293
"HI"	2004	"01-08"	2	205	78	31	109	76	15	103	84	22	106
"HI"	2004	"01-09"	2	216	49	27	78	57	11	73	56	19	75
"HI"	2004	"01-10"	2	362	130	62	193	147	32	186	131	59	190
"HI"	2004	"01-11"	2	1001	318	88	410	384	16	402	320	83	403
"HI"	2004	"01-12"	2	874	215	116	334	270	45	322	239	92	331
"HI"	2004	"01-13"	2	1318	305	172	482	369	75	467	325	147	472
"HI"	2004	"01-14"	2	689	127	52	181	121	28	167	114	62	176
"HI"	2004	"01-15"	2	352	79	50	130	83	38	129	73	54	127
"HI"	2004	"02-01"	2	2812	632	415	1049	805	172	1012	698	344	1042
"HI"	2004	"02-02"	2	1549	304	207	513	390	99	501	333	162	495
"HI"	2004	"02-03"	2	973	202	111	318	240	55	305	214	95	309
"HI"	2004	"02-04"	2	865	189	81	271	203	46	265	185	81	266
"HI"	2004	"02-05"	2	1469	301	162	467	338	80	444	302	151	453
"HI"	2004	"02-06"	2	1333	298	150	460	341	69	447	248	200	448
"HI"	2004	"02-07"	2	1165	211	116	330	253	47	315	239	88	327
"HI"	2004	"02-08"	2	1191	236	146	390	308	55	374	257	122	379
"HI"	2004	"02-09"	2	1364	299	232	536	407	99	528	323	206	529
"HI"	2004	"03-01"	2	1700	436	327	767	600	131	748	453	307	760
"HI"	2004	"03-02"	2	422	58	45	103	88	11	102	76	26	102
"HI"	2004	"03-03"	2	457	105	54	161	145	14	159	128	33	161
"HI"	2004	"03-04"	2	2156	433	276	712	599	83	695	492	214	706
"HI"	2004	"03-05"	2	1538	383	223	610	503	77	594	432	166	598
"HI"	2004	"03-06"	2	1119	204	184	393	300	57	372	212	172	384
"HI"	2004	"03-07"	2	1662	363	240	605	489	85	592	390	211	601
"HI"	2004	"03-08"	2	2122	456	332	791	625	104	752	534	240	774
"HI"	2004	"03-09"	2	1861	471	289	764	598	122	745	507	249	756
"HI"	2004	"04-01"	2	1316	451	170	634	441	126	615	448	172	620
"HI"	2004	"04-02"	2	1301	316	198	520	366	106	504	320	183	503
"HI"	2004	"04-03"	2	2062	637	320	971	656	216	936	639	312	951
"HI"	2004	"04-04"	2	1667	397	298	699	479	171	677	377	319	696
"HI"	2004	"04-05"	2	842	313	96	416	302	53	403	309	102	411
"HI"	2004	"04-06"	2	1733	603	212	838	576	125	805	592	230	822
"HI"	2004	"04-07"	2	520	179	26	210	149	19	200	174	28	202
"HI"	2004	"04-08"	2	802	190	141	335	230	81	325	188	135	323
"HI"	2004	"04-09"	2	1621	390	349	747	486	209	731	417	323	740
"HI"	2004	"05-01"	2	617	188	96	289	228	53	287	197	94	291
"HI"	2004	"05-02"	2	1239	323	178	507	331	117	493	309	192	501
"HI"	2004	"05-03"	2	1507	547	228	785	589	140	772	580	205	785
"HI"	2004	"05-04"	2	789	188	101	293	244	34	287	185	106	291
"HI"	2004	"05-05"	2	1130	322	156	489	358	81	479	290	184	474
"HI"	2004	"05-06"	2	1284	398	233	641	404	158	621	406	224	630
"HI"	2004	"05-07"	2	448	119	59	179	125	33	173	114	62	176
"HI"	2004	"05-08"	2	460	167	86	257	181	51	250	152	101	253
"HI"	2004	"05-09"	2	995	344	143	490	349	84	470	346	138	484
"HI"	2004	"05-10"	2	371	114	55	171	128	29	169	124	45	169
"HI"	2004	"05-11"	2	2126	535	321	862	627	169	832	555	295	850
"HI"	2004	"05-12"	2	1341	336	228	573	394	131	559	357	208	565
"HI"	2004	"06-01"	2	1479	319	244	571	371	157	547	341	218	559
"HI"	2004	"06-02"	2	3556	804	715	1530	893	513	1474	837	670	1507
"HI"	2004	"06-03"	2	888	184	221	409	211	167	389	208	188	396
"HI"	2004	"06-04"	2	1175	327	262	594	352	192	576	344	239	583
"HI"	2004	"06-05"	2	2236	370	448	832	454	303	798	389	415	804
"HI"	2004	"06-06"	2	636	186	134	322	207	93	311	199	117	316
"HI"	2004	"06-07"	2	732	160	178	340	197	108	324	162	166	328
"HI"	2004	"06-08"	2	1517	305	278	585	391	149	568	300	280	580
"HI"	2004	"06-09"	2	832	196	175	375	217	129	356	200	168	368
"HI"	2004	"07-01"	2	1443	280	287	572	339	208	561	287	277	564
"HI"	2004	"07-02"	2	2997	743	598	1350	848	386	1303	748	588	1336
"HI"	2004	"07-03"	2	2869	727	665	1402	886	435	1370	773	610	1383
"HI"	2004	"07-04"	2	465	117	66	186	131	41	183	108	72	180
"HI"	2004	"07-05"	2	2104	563	305	877	634	161	848	613	249	862
"HI"	2004	"07-06"	2	1697	369	240	616	457	124	602	378	230	608
"HI"	2004	"07-07"	2	996	213	167	385	290	69	376	224	158	382
"HI"	2004	"07-08"	2	103	17	21	39	24	13	39	17	21	38
"HI"	2004	"08-01"	2	1311	337	240	582	411	122	556	328	244	572
"HI"	2004	"08-02"	2	3345	684	516	1217	951	196	1190	693	506	1199
"HI"	2004	"08-03"	2	1611	312	244	559	408	111	537	329	211	540
"HI"	2004	"08-04"	2	1635	304	149	460	380	55	443	312	130	442
"HI"	2004	"08-05"	2	2074	442	274	725	529	149	698	449	259	708
"HI"	2004	"08-06"	2	759	202	100	303	242	43	293	198	100	298
"HI"	2004	"08-07"	2	1039	215	124	342	255	64	332	219	116	335
"HI"	2004	"09-01"	2	1133	225	127	355	278	56	344	254	87	341
"HI"	2004	"09-02"	2	2654	648	521	1175	900	211	1151	690	451	1141
"HI"	2004	"09-03"	2	2297	544	330	881	740	112	867	561	300	861
"HI"	2004	"09-04"	2	2320	476	291	770	604	116	748	462	286	748
"HI"	2004	"09-05"	2	2205	548	365	917	759	98	886	584	321	905
"HI"	2004	"09-06"	2	213	57	32	92	73	14	92	46	44	90
"HI"	2004	"09-07"	2	979	258	144	408	280	83	388	262	134	396
"HI"	2004	"10-01"	2	1394	273	161	441	280	111	410	264	157	421
"HI"	2004	"10-02"	2	1947	517	287	815	522	182	768	491	284	775
"HI"	2004	"10-03"	2	2010	489	387	882	685	134	851	533	317	850
"HI"	2004	"10-04"	2	1465	332	257	596	425	128	577	358	213	571
"HI"	2004	"10-05"	2	3024	660	635	1307	684	456	1224	643	584	1227
"HI"	2004	"10-06"	2	2200	608	453	1066	680	268	1002	566	452	1018
"HI"	2004	"11-01"	2	89	18	19	37	25	8	35	21	15	36
"HI"	2004	"11-02"	2	4136	1014	784	1808	1057	581	1725	1018	724	1742
"HI"	2004	"11-03"	2	3474	779	555	1349	804	407	1280	749	518	1267
"HI"	2004	"11-04"	2	3124	769	621	1397	859	418	1344	722	612	1334
"HI"	2004	"11-05"	2	2930	672	534	1219	849	281	1175	692	493	1185
"HI"	2004	"12-01"	2	2833	767	467	1245	916	227	1205	762	436	1198
"HI"	2004	"12-02"	2	2011	571	303	885	618	167	845	594	246	840
"HI"	2004	"12-03"	2	2842	760	495	1265	877	288	1217	786	441	1227
"HI"	2004	"12-04"	2	3090	822	530	1364	982	286	1316	828	473	1301
"HI"	2004	"12-05"	2	1323	345	226	575	387	141	547	351	203	554
"HI"	2004	"12-06"	2	2445	806	362	1178	857	213	1114	817	323	1140
"HI"	2004	"12-07"	2	164	63	28	94	66	25	93	65	28	93
"HI"	2004	"13-01"	2	948	274	147	422	306	82	403	258	147	405
"HI"	2004	"13-02"	2	2244	793	306	1115	811	187	1054	755	320	1075
"HI"	2004	"13-03"	2	2693	1008	288	1306	934	194	1208	940	300	1240
"HI"	2004	"13-04"	2	490	231	30	264	176	30	231	188	47	235
"HI"	2004	"13-05"	2	220	45	17	63	47	6	60	40	19	59
"HI"	2004	"13-06"	2	1129	367	144	519	391	68	490	292	207	499
"HI"	2004	"13-07"	2	1653	436	301	744	597	104	724	440	289	729
"HI"	2004	"13-08"	2	587	126	83	217	152	48	213	123	92	215
"HI"	2004	"13-09"	2	2009	375	301	689	524	122	670	389	277	666
"HI"	2004	"13-10"	2	307	31	50	81	46	29	80	29	52	81
"HI"	2004	"13-11"	2	1069	239	148	396	316	59	390	211	171	382
"HI"	2004	"13-12"	2	63	0	0	0	0	0	0	0	0	0
"HI"	2004	"14-01"	2	2434	757	452	1224	740	303	1126	768	411	1179
"HI"	2004	"14-02"	2	2095	774	327	1107	775	193	1038	765	312	1077
"HI"	2004	"14-03"	2	1212	356	202	569	404	88	529	335	219	554
"HI"	2004	"14-04"	2	2586	658	385	1060	803	153	1006	684	355	1039
"HI"	2004	"14-05"	2	2076	512	369	891	646	148	835	563	306	869
"HI"	2004	"14-06"	2	1808	302	214	521	380	87	485	325	184	509
"HI"	2004	"15-01"	2	3575	795	536	1350	870	302	1253	847	459	1306
"HI"	2004	"15-02"	2	1827	443	298	745	618	75	713	501	229	730
"HI"	2004	"15-03"	2	1865	314	210	528	418	80	511	366	154	520
"HI"	2004	"15-04"	2	2106	361	267	636	489	107	611	424	200	624
"HI"	2004	"15-05"	2	1684	491	272	770	614	111	740	493	258	751
"HI"	2004	"15-06"	2	1404	365	222	592	437	93	550	372	204	576
"HI"	2004	"16-01"	2	2193	470	354	831	584	171	781	526	283	809
"HI"	2004	"16-02"	2	1510	373	284	664	485	119	638	416	237	653
"HI"	2004	"16-03"	2	2178	485	431	923	633	210	870	515	375	890
"HI"	2004	"16-04"	2	1143	282	205	489	413	51	475	312	165	477
"HI"	2004	"16-05"	2	1339	364	209	576	455	61	542	376	180	556
"HI"	2004	"16-06"	2	315	87	41	128	107	15	124	89	34	123
"HI"	2004	"16-07"	2	1355	363	282	648	563	51	625	428	185	613
"HI"	2004	"16-08"	2	1889	485	380	880	701	94	836	531	311	842
"HI"	2004	"16-09"	2	91	0	39	40	20	12	34	6	31	37
"HI"	2004	"17-01"	1	2622	655	574	1235	934	229	1195	742	425	1196
"HI"	2004	"17-02"	1	1361	379	287	668	522	122	653	407	226	643
"HI"	2004	"17-03"	1	2731	594	744	1346	826	442	1304	630	635	1304
"HI"	2004	"17-04"	1	1236	203	316	521	313	176	502	236	260	506
"HI"	2004	"17-05"	1	3058	796	744	1546	1048	405	1489	835	618	1498
"HI"	2004	"17-06"	1	2213	552	502	1057	781	231	1036	648	357	1027
"HI"	2004	"17-07"	1	2708	650	763	1417	1002	346	1377	791	559	1377
"HI"	2004	"18-01"	1	1049	247	261	510	338	134	489	271	212	495
"HI"	2004	"18-02"	1	2550	595	497	1099	749	272	1062	642	395	1068
"HI"	2004	"18-03"	1	2078	546	441	990	708	227	960	558	366	957
"HI"	2004	"18-04"	1	1748	526	418	951	712	182	921	552	346	924
"HI"	2004	"18-05"	1	2869	699	725	1430	977	365	1379	749	604	1387
"HI"	2004	"18-06"	1	1442	432	329	767	573	153	745	425	298	743
"HI"	2004	"18-07"	1	3100	758	775	1539	1046	389	1490	805	629	1488
"HI"	2004	"19-01"	1	2767	537	743	1284	895	330	1248	627	594	1240
"HI"	2004	"19-02"	1	2225	697	490	1191	916	211	1156	705	426	1153
"HI"	2004	"19-03"	1	1403	445	308	763	618	110	747	469	238	730
"HI"	2004	"19-04"	1	3184	894	661	1561	1179	288	1519	937	532	1517
"HI"	2004	"19-05"	1	2046	475	475	959	644	238	910	476	413	921
"HI"	2004	"19-06"	1	1743	481	364	853	641	153	825	524	274	819
"HI"	2004	"19-07"	1	1343	358	286	648	494	110	627	416	191	626
"HI"	2004	"20-01"	1	1302	420	186	612	497	68	595	412	161	594
"HI"	2004	"20-02"	1	2207	587	414	1012	748	172	966	601	311	952
"HI"	2004	"20-03"	1	1432	365	201	572	420	103	548	345	183	547
"HI"	2004	"20-04"	1	2196	648	416	1073	819	170	1031	691	307	1032
"HI"	2004	"20-05"	1	3206	902	584	1497	1198	222	1463	988	427	1460
"HI"	2004	"20-06"	1	2911	853	486	1348	1040	213	1294	858	376	1289
"HI"	2004	"21-01"	1	1847	502	299	806	633	109	775	506	229	765
"HI"	2004	"21-02"	1	1840	524	320	847	654	134	815	521	257	809
"HI"	2004	"21-03"	1	1439	372	282	656	493	113	633	404	216	638
"HI"	2004	"21-04"	1	1806	494	353	854	552	217	815	472	290	810
"HI"	2004	"21-05"	1	2321	620	425	1055	690	249	1004	601	340	998
"HI"	2004	"21-06"	1	1432	425	243	678	522	91	653	449	174	642
"HI"	2004	"21-07"	1	2681	815	500	1328	942	269	1281	774	443	1274
"HI"	2004	"22-01"	1	649	160	95	256	186	56	248	163	80	250
"HI"	2004	"22-02"	1	1135	365	190	562	450	73	544	366	146	533
"HI"	2004	"22-03"	1	822	210	137	349	277	54	346	243	81	345
"HI"	2004	"22-04"	1	1961	539	316	864	669	126	841	536	246	823
"HI"	2004	"22-05"	1	2196	593	388	988	756	165	955	604	311	951
"HI"	2004	"22-06"	1	1703	514	291	809	625	107	762	531	206	764
"HI"	2004	"22-07"	1	2170	462	398	866	612	152	809	469	319	827
"HI"	2004	"23-01"	1	1925	499	318	826	535	187	787	477	262	788
"HI"	2004	"23-02"	1	2662	603	437	1044	622	270	972	536	374	969
"HI"	2004	"23-03"	1	4442	845	656	1512	938	407	1428	792	554	1419
"HI"	2004	"23-04"	1	2502	403	390	796	532	190	755	413	302	743
"HI"	2004	"24-01"	1	2684	934	506	1451	1172	173	1393	947	401	1389
"HI"	2004	"24-02"	1	1834	641	309	953	726	139	903	619	260	905
"HI"	2004	"24-03"	1	2130	677	323	1014	725	139	921	607	254	916
"HI"	2004	"24-04"	1	2640	742	460	1210	891	220	1169	737	359	1156
"HI"	2004	"24-05"	1	2679	733	481	1218	900	212	1165	724	391	1154
"HI"	2004	"24-06"	1	2558	719	476	1197	922	190	1153	733	392	1156
"HI"	2004	"25-01"	1	2188	571	462	1038	745	204	990	597	380	1013
"HI"	2004	"25-02"	1	2142	627	406	1042	734	207	1004	599	355	1010
"HI"	2004	"25-03"	1	229	40	31	71	55	12	70	42	17	66
"HI"	2004	"25-04"	1	1156	275	200	478	339	98	459	256	183	460
"HI"	2004	"25-05"	1	1221	236	186	422	279	96	395	226	157	399
"HI"	2004	"25-06"	1	1735	459	302	765	586	124	739	472	237	738
"HI"	2004	"25-07"	1	2016	475	344	825	583	166	793	493	281	802
"HI"	2004	"25-08"	1	2133	494	320	818	615	140	787	504	252	787
"HI"	2004	"26-01"	1	2075	666	461	1133	913	158	1100	747	319	1096
"HI"	2004	"26-02"	1	1015	198	164	364	288	48	351	245	90	352
"HI"	2004	"26-03"	1	1978	503	351	857	593	190	822	475	308	812
"HI"	2004	"26-04"	1	1352	301	230	536	368	107	506	308	170	502
"HI"	2004	"26-05"	1	1910	475	331	811	628	126	788	507	246	781
"HI"	2004	"26-06"	1	3210	902	589	1501	1133	258	1450	899	480	1439
"HI"	2004	"26-07"	1	2483	632	603	1243	939	220	1202	686	476	1194
"HI"	2004	"27-01"	1	316	83	69	153	120	26	150	88	59	151
"HI"	2004	"27-02"	1	1211	353	263	618	488	90	597	410	171	598
"HI"	2004	"27-03"	1	2958	766	654	1426	1081	245	1373	866	477	1385
"HI"	2004	"27-04"	1	927	236	147	384	309	57	373	252	111	370
"HI"	2004	"27-05"	1	1534	338	324	668	497	120	648	411	209	652
"HI"	2004	"27-06"	1	1931	501	403	909	695	152	885	572	278	887
"HI"	2004	"27-07"	1	960	179	223	408	299	74	394	248	125	392
"HI"	2004	"27-08"	1	1697	422	364	791	593	140	758	496	253	770
"HI"	2004	"28-01"	1	1297	285	230	518	375	85	491	304	165	489
"HI"	2004	"28-02"	1	1096	232	158	395	276	84	382	230	132	384
"HI"	2004	"28-03"	1	1147	223	190	414	302	85	400	225	151	395
"HI"	2004	"28-04"	1	2248	428	358	795	534	185	758	447	273	758
"HI"	2004	"28-05"	1	2188	324	355	680	437	152	624	320	275	626
"HI"	2004	"28-06"	1	1170	175	148	327	224	50	299	190	94	306
"HI"	2004	"28-07"	1	1631	284	339	630	470	98	600	379	189	600
"HI"	2004	"29-01"	1	2088	354	507	870	662	137	847	566	229	839
"HI"	2004	"29-02"	1	2368	512	505	1019	825	138	992	739	209	986
"HI"	2004	"29-03"	1	2172	330	362	700	527	103	665	469	158	657
"HI"	2004	"29-04"	1	1119	156	213	378	281	62	368	257	100	370
"HI"	2004	"29-05"	1	1745	228	335	565	445	82	546	393	131	537
"HI"	2004	"30-01"	1	2201	488	474	966	738	168	936	642	251	932
"HI"	2004	"30-02"	1	1896	459	449	913	705	157	889	647	217	885
"HI"	2004	"30-03"	1	1264	318	315	635	500	108	623	414	183	621
"HI"	2004	"30-04"	1	1134	227	216	446	336	76	437	299	115	437
"HI"	2004	"30-05"	1	2204	459	397	857	694	116	835	612	193	830
"HI"	2004	"30-06"	1	860	159	161	321	260	44	313	208	88	312
"HI"	2004	"30-07"	1	302	42	63	105	68	33	103	54	44	100
"HI"	2004	"31-01"	1	2049	532	467	1004	810	152	974	673	295	981
"HI"	2004	"31-02"	1	2514	557	602	1162	865	235	1127	662	441	1130
"HI"	2004	"31-03"	1	2058	418	472	896	634	196	866	505	316	860
"HI"	2004	"31-04"	1	2269	414	429	848	586	207	817	473	323	820
"HI"	2004	"31-05"	1	3153	781	750	1541	1200	258	1504	994	447	1491
"HI"	2004	"32-01"	1	1634	488	381	872	703	126	847	571	262	840
"HI"	2004	"32-02"	1	386	43	68	111	90	14	109	74	27	105
"HI"	2004	"32-03"	1	1551	138	304	445	188	186	400	175	194	394
"HI"	2004	"32-04"	1	2369	358	521	882	606	218	856	535	287	855
"HI"	2004	"32-05"	1	2966	611	769	1384	964	348	1352	806	493	1341
"HI"	2004	"32-06"	1	1504	290	343	639	484	111	624	401	201	620
"HI"	2004	"32-07"	1	991	187	224	417	308	90	409	276	118	404
"HI"	2004	"32-08"	1	2246	453	485	944	643	234	924	501	367	910
"HI"	2004	"33-01"	1	893	143	207	353	209	106	341	168	155	335
"HI"	2004	"33-02"	1	956	205	221	426	324	77	412	267	132	406
"HI"	2004	"33-03"	1	2027	520	397	921	744	136	898	614	261	895
"HI"	2004	"33-04"	1	3778	943	855	1805	1336	357	1744	1057	635	1737
"HI"	2004	"33-05"	1	2598	592	634	1237	915	267	1208	725	440	1201
"HI"	2004	"33-06"	1	1907	377	374	752	554	152	734	482	222	729
"HI"	2004	"34-01"	1	1640	393	424	820	615	171	808	466	308	796
"HI"	2004	"34-02"	1	1754	412	375	793	611	149	781	473	275	776
"HI"	2004	"34-03"	1	1035	222	240	466	351	99	459	278	162	453
"HI"	2004	"34-04"	1	1709	404	324	734	594	115	719	498	213	723
"HI"	2004	"34-05"	1	1218	278	170	449	367	58	434	315	109	433
"HI"	2004	"34-06"	1	663	116	121	238	172	54	233	155	72	234
"HI"	2004	"34-07"	1	4244	1020	896	1926	1621	242	1883	1209	631	1871
"HI"	2004	"35-01"	1	2086	439	502	947	726	185	935	586	316	927
"HI"	2004	"35-02"	1	3009	570	643	1216	967	188	1186	851	290	1166
"HI"	2004	"35-03"	1	878	159	144	307	251	41	299	215	74	300
"HI"	2004	"35-04"	1	1277	264	223	489	373	83	474	333	125	476
"HI"	2004	"35-05"	1	1225	213	274	491	397	75	481	341	125	478
"HI"	2004	"35-06"	1	2819	607	663	1277	1040	176	1250	923	283	1237
"HI"	2004	"36-01"	1	2093	584	413	1002	849	122	983	701	269	986
"HI"	2004	"36-02"	1	1416	433	301	737	608	104	726	505	201	723
"HI"	2004	"36-03"	1	1957	376	409	788	575	170	769	471	264	759
"HI"	2004	"36-04"	1	213	46	43	90	57	28	90	46	35	87
"HI"	2004	"36-05"	1	2833	818	615	1440	1145	223	1398	914	448	1394
"HI"	2004	"36-06"	1	2469	628	639	1274	979	234	1241	752	445	1232
"HI"	2004	"36-07"	1	1652	395	416	815	625	160	797	506	279	799
"HI"	2004	"37-01"	1	3832	903	919	1831	1342	404	1793	1104	623	1781
"HI"	2004	"37-02"	1	3393	769	923	1708	1168	456	1672	936	655	1652
"HI"	2004	"37-03"	1	3459	901	987	1895	1355	440	1836	1069	711	1822
"HI"	2004	"37-04"	1	3291	820	780	1611	1210	327	1577	972	563	1576
"HI"	2004	"38-01"	1	3272	824	1016	1845	1361	424	1807	1072	694	1802
"HI"	2004	"38-02"	1	3772	906	1088	1999	1457	459	1944	1171	738	1949
"HI"	2004	"38-03"	1	2869	698	738	1441	1044	328	1402	777	494	1309
"HI"	2004	"38-04"	1	2869	568	782	1356	913	379	1329	732	553	1319
"HI"	2004	"38-05"	1	2487	589	708	1306	931	328	1287	762	467	1268
"HI"	2004	"39-01"	2	1745	321	486	813	578	177	788	378	409	787
"HI"	2004	"39-02"	2	1731	453	437	899	704	154	884	543	331	874
"HI"	2004	"39-03"	2	2451	590	612	1210	897	245	1182	684	491	1175
"HI"	2004	"39-04"	2	2902	595	619	1224	897	241	1186	685	487	1172
"HI"	2004	"39-05"	1	977	150	229	383	229	123	369	181	162	363
"HI"	2004	"39-06"	2	2029	463	380	847	660	147	834	502	322	824
"HI"	2004	"40-01"	2	1312	286	351	641	479	140	627	368	266	634
"HI"	2004	"40-02"	2	2259	414	631	1051	744	257	1025	471	562	1033
"HI"	2004	"40-03"	2	2883	551	763	1319	906	355	1282	588	698	1286
"HI"	2004	"40-04"	2	2979	601	834	1444	995	378	1419	676	740	1416
"HI"	2004	"40-05"	2	2919	572	804	1386	892	432	1359	639	723	1362
"HI"	2004	"40-06"	2	1463	229	434	667	424	214	653	295	351	646
"HI"	2004	"41-01"	1	2094	461	474	944	710	188	926	577	305	913
"HI"	2004	"41-02"	1	1592	306	365	671	518	124	655	405	225	646
"HI"	2004	"41-03"	1	2150	467	519	991	789	163	971	670	272	967
"HI"	2004	"41-04"	1	810	86	126	215	157	40	212	131	61	206
"HI"	2004	"41-05"	2	2893	572	740	1318	975	291	1299	747	553	1300
"HI"	2004	"41-06"	2	1914	357	573	932	675	219	919	502	417	919
"HI"	2004	"42-01"	1	1431	274	297	576	467	90	564	400	154	563
"HI"	2004	"42-02"	1	980	98	162	264	204	45	262	171	70	258
"HI"	2004	"42-03"	1	1238	229	277	513	377	113	503	311	178	504
"HI"	2004	"42-04"	1	2437	544	559	1109	872	191	1094	775	277	1085
"HI"	2004	"42-05"	1	3630	585	777	1369	983	309	1333	826	445	1326
"HI"	2004	"43-01"	1	1518	290	394	689	478	170	669	404	230	664
"HI"	2004	"43-02"	1	2529	556	781	1338	913	372	1317	746	513	1305
"HI"	2004	"43-03"	1	2032	362	550	916	663	202	898	584	287	896
"HI"	2004	"43-04"	1	2354	406	622	1032	742	235	1011	649	331	1004
"HI"	2004	"43-05"	1	2475	514	607	1126	826	243	1102	706	347	1097
"HI"	2004	"43-06"	1	2196	389	671	1065	668	347	1047	538	454	1025
"HI"	2004	"44-01"	2	916	168	225	396	275	100	388	193	195	388
"HI"	2004	"44-02"	2	2953	507	655	1177	886	203	1136	439	697	1136
"HI"	2004	"44-03"	2	2853	474	524	1007	759	189	983	432	553	985
"HI"	2004	"44-04"	2	3485	562	782	1353	952	324	1328	563	763	1326
"HI"	2004	"45-01"	2	3841	702	861	1573	1140	307	1528	708	808	1516
"HI"	2004	"45-02"	2	2119	351	422	787	595	135	776	380	383	763
"HI"	2004	"45-03"	2	1024	218	170	390	304	68	384	199	187	386
"HI"	2004	"45-04"	2	2955	548	568	1131	766	265	1091	540	553	1093
"HI"	2004	"46-01"	2	197	57	55	117	99	10	114	51	61	112
"HI"	2004	"46-02"	2	1476	106	147	254	121	88	237	104	133	237
"HI"	2004	"46-03"	2	3001	818	634	1465	1050	315	1421	834	562	1396
"HI"	2004	"46-04"	2	2974	699	635	1342	963	249	1291	716	580	1296
"HI"	2004	"46-05"	2	2751	746	586	1349	833	365	1272	729	573	1302
"HI"	2004	"46-06"	2	1401	251	406	665	458	154	645	269	374	643
"HI"	2004	"46-07"	2	1640	108	708	826	399	346	791	99	698	797
"HI"	2004	"47-01"	2	4371	574	1148	1739	957	617	1671	618	1062	1680
"HI"	2004	"47-02"	2	1918	404	386	801	555	192	773	425	350	775
"HI"	2004	"47-03"	2	2395	411	451	870	571	245	848	468	389	857
"HI"	2004	"47-04"	2	664	150	142	296	211	70	289	186	106	292
"HI"	2004	"47-05"	2	586	72	109	182	97	77	180	88	92	180
"HI"	2004	"47-06"	2	4468	918	945	1873	1337	411	1824	1141	686	1827
"HI"	2004	"48-01"	2	3149	698	636	1343	971	288	1302	810	494	1304
"HI"	2004	"48-02"	2	2606	514	485	1005	765	212	1001	599	390	989
"HI"	2004	"48-03"	2	3547	666	567	1239	943	235	1199	774	420	1194
"HI"	2004	"48-04"	2	3548	860	674	1537	1223	257	1515	1011	509	1520
"HI"	2004	"48-05"	2	1304	268	237	510	368	115	497	307	192	499
"HI"	2004	"49-01"	2	2435	581	631	1217	794	356	1192	705	490	1195
"HI"	2004	"49-02"	2	1036	263	260	523	405	103	515	339	171	510
"HI"	2004	"49-03"	2	2447	601	534	1147	840	246	1123	776	344	1120
"HI"	2004	"49-04"	2	1059	241	236	478	322	131	465	285	185	470
"HI"	2004	"49-05"	2	1863	372	399	774	552	182	760	455	306	761
"HI"	2004	"49-06"	2	1711	372	360	738	546	150	725	436	279	715
"HI"	2004	"49-07"	2	3756	746	735	1487	1043	360	1450	869	591	1460
"HI"	2004	"50-01"	2	1714	475	445	925	585	286	898	550	352	902
"HI"	2004	"50-02"	2	2386	559	544	1111	724	313	1076	610	472	1082
"HI"	2004	"50-03"	2	1569	381	416	804	511	242	775	474	305	779
"HI"	2004	"50-04"	2	2278	512	516	1037	707	271	1011	596	421	1017
"HI"	2004	"50-05"	2	2368	613	643	1263	782	403	1220	729	493	1222
"HI"	2004	"50-06"	2	2769	628	582	1217	801	340	1181	758	444	1202
"HI"	2004	"50-07"	2	1801	283	382	669	362	245	635	345	284	629
"HI"	2004	"51-01"	2	1806	511	451	967	607	286	927	606	334	940
"HI"	2004	"51-02"	2	2639	557	540	1115	762	291	1089	600	495	1095
"HI"	2004	"51-03"	2	2797	753	564	1330	1004	271	1312	721	582	1303
"HI"	2004	"51-04"	2	533	136	137	274	200	67	271	167	103	270
"HI"	2004	"51-05"	2	2887	662	738	1407	940	399	1379	824	557	1381
"HI"	2004	"51-06"	2	1499	357	370	733	464	233	717	430	276	706
"HI"	2004	"51-07"	2	1257	319	279	610	404	161	595	378	217	595
"HI"	2004	"AB Mail 01"	2	0	173	100	276	158	64	235	196	76	272
"HI"	2004	"AB Mail 02"	2	0	592	242	838	656	104	798	630	193	823
"HI"	2004	"AB Mail 03"	2	0	22	25	47	30	11	41	23	20	43
"HI"	2004	"AB Mail 04"	2	0	575	373	952	761	135	916	708	228	936
"HI"	2004	"AB Mail 05"	2	0	224	135	365	294	47	351	266	88	354
"HI"	2004	"AB Mail 06"	2	0	639	343	990	850	104	963	781	199	980
"HI"	2004	"AB Mail 07"	2	0	39	21	61	54	4	58	47	11	58
"HI"	2004	"AB Mail 08"	2	0	44	23	68	56	6	63	57	8	65
"HI"	2004	"AB Mail 09"	2	0	191	122	315	270	26	299	243	61	304
"HI"	2004	"AB Mail 10"	2	0	120	57	179	160	12	175	142	33	175
"HI"	2004	"AB Mail 11"	2	0	62	27	91	64	18	90	69	21	90
"HI"	2004	"AB Mail 12"	2	0	50	19	69	56	9	67	49	19	68
"HI"	2004	"AB Mail 13"	2	0	366	193	574	409	93	560	410	154	564
"HI"	2004	"AB Mail 14"	2	0	20	10	31	20	9	29	20	11	31
"HI"	2004	"AB Mail 15"	2	0	268	144	417	295	73	399	296	116	412
"HI"	2004	"AB Mail 16"	2	0	112	33	147	116	16	138	114	29	143
"HI"	2004	"AB Mail 17"	2	0	239	148	389	300	63	374	282	97	379
"HI"	2004	"AB Mail 18"	2	0	282	282	574	345	189	553	318	240	558
"HI"	2004	"AB Mail 19"	2	0	207	210	423	235	155	407	237	176	413
"HI"	2004	"AB Mail 20"	2	0	183	168	354	228	104	337	212	133	345
"HI"	2004	"AB Mail 21"	2	0	103	99	204	124	66	200	123	79	202
"HI"	2004	"AB Mail 22"	2	0	189	92	283	201	64	269	207	64	271
"HI"	2004	"AB Mail 23"	2	0	37	24	61	44	14	60	35	24	59
"HI"	2004	"AB Mail 24"	2	0	1067	605	1690	1363	258	1654	1222	435	1657
"HI"	2004	"AB Mail 25"	2	0	1213	539	1760	1528	175	1727	1366	375	1741
"HI"	2004	"AB Mail 26"	2	0	570	416	990	667	256	944	622	322	944
"HI"	2004	"AB Mail 27"	2	0	687	593	1299	798	413	1247	773	487	1260
"HI"	2004	"AB Mail 28"	2	0	1172	844	2028	1548	357	1963	1459	533	1992
"HI"	2004	"AB Mail 29"	2	0	673	364	1051	781	184	1011	747	278	1025
"HI"	2004	"AB Mail 30"	2	0	26	14	40	36	3	40	36	4	40
"HI"	2004	"AB Mail 31"	2	0	803	461	1270	968	212	1207	947	301	1248
"HI"	2004	"AB Mail 32"	2	0	831	520	1357	1092	189	1307	1035	302	1337
"HI"	2004	"AB Mail 33"	2	0	802	525	1333	1076	183	1283	955	336	1291
"HI"	2004	"AB Mail 34"	1	0	1575	1502	3094	2226	697	2992	1795	1112	2985
"HI"	2004	"AB Mail 35"	1	0	1381	1391	2786	1993	630	2677	1520	1080	2669
"HI"	2004	"AB Mail 36"	1	0	1314	1227	2549	1897	491	2442	1462	951	2455
"HI"	2004	"AB Mail 37"	1	0	156	97	253	199	38	240	159	77	239
"HI"	2004	"AB Mail 38"	1	0	979	681	1669	1362	228	1628	1124	448	1599
"HI"	2004	"AB Mail 39"	1	0	430	357	790	593	130	754	440	296	762
"HI"	2004	"AB Mail 40"	1	0	856	520	1391	1105	197	1338	957	348	1335
"HI"	2004	"AB Mail 41"	1	0	131	150	282	167	96	273	128	130	266
"HI"	2004	"AB Mail 42"	1	0	142	119	267	175	74	260	149	103	262
"HI"	2004	"AB Mail 43"	1	0	828	641	1476	1146	238	1431	955	432	1424
"HI"	2004	"AB Mail 44"	1	0	953	849	1817	1176	488	1741	951	723	1747
"HI"	2004	"AB Mail 45"	1	0	1580	1072	2668	2066	417	2555	1684	816	2550
"HI"	2004	"AB Mail 46"	1	0	716	550	1285	935	253	1229	763	418	1226
"HI"	2004	"AB Mail 47"	1	0	452	376	832	611	163	793	483	302	803
"HI"	2004	"AB Mail 48"	1	0	1208	916	2145	1675	363	2092	1393	645	2083
"HI"	2004	"AB Mail 49"	1	0	956	743	1711	1331	273	1651	1090	506	1644
"HI"	2004	"AB Mail 50"	1	0	58	54	112	78	31	111	73	36	111
"HI"	2004	"AB Mail 51"	1	0	111	57	169	139	21	166	117	44	165
"HI"	2004	"AB Mail 52"	1	0	84	64	150	110	29	144	104	39	145
"HI"	2004	"AB Mail 53"	1	0	472	395	881	601	204	840	499	309	844
"HI"	2004	"AB Mail 54"	1	0	153	111	267	186	51	250	162	73	251
"HI"	2004	"AB Mail 55"	1	0	533	592	1133	929	140	1110	835	242	1112
"HI"	2004	"AB Mail 56"	1	0	426	408	840	666	127	813	570	229	820
"HI"	2004	"AB Mail 57"	1	0	215	191	410	348	40	397	302	84	397
"HI"	2004	"AB Mail 58"	1	0	229	138	371	309	51	367	267	96	367
"HI"	2004	"AB Mail 59"	1	0	691	648	1344	1045	225	1306	829	426	1299
"HI"	2004	"AB Mail 60"	1	0	360	257	622	497	105	612	406	178	596
"HI"	2004	"AB Mail 61"	1	0	340	494	836	558	226	809	473	308	801
"HI"	2004	"AB Mail 62"	1	0	310	242	555	449	79	536	363	158	533
"HI"	2004	"AB Mail 63"	1	0	701	613	1319	1029	223	1276	826	417	1271
"HI"	2004	"AB Mail 64"	1	0	1136	827	1970	1638	240	1908	1362	523	1910
"HI"	2004	"AB Mail 65"	1	0	44	40	84	64	14	81	52	28	81
"HI"	2004	"AB Mail 66"	1	0	119	147	266	204	52	258	184	73	259
"HI"	2004	"AB Mail 67"	1	0	498	481	985	801	145	965	718	232	968
"HI"	2004	"AB Mail 68"	1	0	649	434	1090	883	164	1063	742	308	1065
"HI"	2004	"AB Mail 69"	1	0	353	283	637	514	94	616	427	184	619
"HI"	2004	"AB Mail 70"	1	0	13	8	21	17	3	21	11	8	20
"HI"	2004	"AB Mail 71"	1	0	281	210	493	397	78	485	319	155	485
"HI"	2004	"AB Mail 72"	1	0	703	700	1412	1082	263	1367	857	488	1364
"HI"	2004	"AB Mail 73"	1	0	275	274	553	421	106	538	343	182	539
"HI"	2004	"AB Mail 74"	1	0	349	301	653	513	120	638	426	199	634
"HI"	2004	"AB Mail 75"	1	0	602	585	1192	924	206	1159	750	374	1153
"HI"	2004	"AB Mail 76"	2	0	619	478	1109	876	167	1067	756	310	1066
"HI"	2004	"AB Mail 77"	1	0	42	56	98	54	36	95	44	41	92
"HI"	2004	"AB Mail 78"	2	0	428	545	986	701	240	965	565	401	966
"HI"	2004	"AB Mail 79"	2	0	224	305	530	345	163	521	281	237	518
"HI"	2004	"AB Mail 80"	1	0	267	304	571	434	113	556	350	192	555
"HI"	2004	"AB Mail 81"	1	0	129	91	222	183	30	220	159	51	216
"HI"	2004	"AB Mail 82"	2	0	219	258	481	360	100	471	304	153	457
"HI"	2004	"AB Mail 83"	1	0	77	61	138	123	8	133	111	23	134
"HI"	2004	"AB Mail 84"	1	0	52	49	102	88	13	103	82	17	103
"HI"	2004	"AB Mail 85"	1	0	401	491	899	711	144	883	618	237	880
"HI"	2004	"AB Mail 86"	1	0	543	782	1330	925	337	1299	768	481	1291
"HI"	2004	"AB Mail 87"	2	0	24	34	59	36	18	58	33	25	58
"HI"	2004	"AB Mail 88"	2	0	395	440	845	631	169	827	451	376	827
"HI"	2004	"AB Mail 89"	2	0	430	449	891	638	192	864	505	360	865
"HI"	2004	"AB Mail 90"	2	0	491	441	939	632	222	903	570	335	905
"HI"	2004	"AB Mail 91"	2	0	47	104	153	86	51	143	62	87	149
"HI"	2004	"AB Mail 92"	2	0	766	793	1574	1091	392	1519	950	586	1536
"HI"	2004	"AB Mail 93"	2	0	43	49	92	68	20	90	64	26	90
"HI"	2004	"AB Mail 94"	2	0	289	240	532	401	107	519	348	174	522
"HI"	2004	"AB Mail 95"	2	0	838	651	1493	1210	240	1467	1092	375	1467
"HI"	2004	"AB Mail 96"	2	0	783	722	1517	1101	334	1464	988	493	1481
"HI"	2004	"AB Mail 97"	2	0	227	240	470	322	126	457	295	163	458
"HI"	2004	"AB Mail 98"	2	0	858	922	1796	1186	501	1743	1131	615	1746
"HI"	2004	"AB Mail 99"	2	0	858	715	1585	1152	360	1549	1043	506	1549
"HI"	2004	"AB Walk 01"	2	0	183	91	277	217	43	267	200	73	273
"HI"	2004	"AB Walk 02"	2	0	435	193	633	521	65	613	475	146	621
"HI"	2004	"AB Walk 03"	2	0	39	13	54	42	6	53	39	12	51
"HI"	2004	"AB Walk 04"	2	0	655	376	1033	851	122	1002	745	273	1018
"HI"	2004	"AB Walk 05"	2	0	284	161	449	364	47	433	325	122	447
"HI"	2004	"AB Walk 06"	2	0	614	352	967	850	96	955	755	210	965
"HI"	2004	"AB Walk 07"	2	0	38	38	76	69	6	77	63	14	77
"HI"	2004	"AB Walk 08"	2	0	40	23	64	55	6	62	44	18	62
"HI"	2004	"AB Walk 09"	2	0	227	138	365	313	35	353	274	89	363
"HI"	2004	"AB Walk 10"	2	0	167	68	235	202	21	229	195	38	233
"HI"	2004	"AB Walk 11"	2	0	66	16	89	69	7	91	74	16	90
"HI"	2004	"AB Walk 12"	2	0	72	39	114	86	21	114	85	26	111
"HI"	2004	"AB Walk 13"	2	0	331	187	523	377	99	507	359	156	515
"HI"	2004	"AB Walk 14"	2	0	23	20	43	30	8	42	27	14	41
"HI"	2004	"AB Walk 15"	2	0	258	85	347	283	39	336	259	85	344
"HI"	2004	"AB Walk 16"	2	0	84	23	107	83	15	103	79	23	102
"HI"	2004	"AB Walk 17"	2	0	202	89	293	231	52	289	211	80	291
"HI"	2004	"AB Walk 18"	2	0	296	252	556	336	186	541	328	222	550
"HI"	2004	"AB Walk 19"	2	0	255	181	439	284	127	428	278	153	431
"HI"	2004	"AB Walk 20"	2	0	223	151	375	259	98	368	243	125	368
"HI"	2004	"AB Walk 21"	2	0	100	63	163	104	51	163	103	61	164
"HI"	2004	"AB Walk 22"	2	0	317	222	542	428	90	533	387	158	545
"HI"	2004	"AB Walk 23"	2	0	61	48	110	77	28	107	63	46	109
"HI"	2004	"AB Walk 24"	2	0	523	282	810	628	132	780	564	227	791
"HI"	2004	"AB Walk 25"	2	0	351	169	524	433	54	504	386	126	512
"HI"	2004	"AB Walk 26"	2	0	143	101	246	156	77	241	151	84	235
"HI"	2004	"AB Walk 27"	2	0	257	205	467	293	145	453	276	182	458
"HI"	2004	"AB Walk 28"	2	0	493	280	779	580	136	748	540	216	756
"HI"	2004	"AB Walk 29"	2	0	490	220	718	563	105	692	504	198	702
"HI"	2004	"AB Walk 30"	2	0	0	0	0	0	0	0	0	0	0
"HI"	2004	"AB Walk 31"	2	0	657	381	1045	818	136	992	731	299	1030
"HI"	2004	"AB Walk 32"	2	0	1151	658	1820	1458	215	1722	1334	450	1784
"HI"	2004	"AB Walk 33"	2	0	571	371	952	780	107	907	681	254	935
"HI"	2004	"AB Walk 34"	1	0	333	287	622	483	114	610	373	222	607
"HI"	2004	"AB Walk 35"	1	0	286	249	537	407	102	529	310	200	526
"HI"	2004	"AB Walk 36"	1	0	284	253	540	412	89	517	302	211	527
"HI"	2004	"AB Walk 37"	1	0	22	17	39	30	5	36	23	14	38
"HI"	2004	"AB Walk 38"	1	0	239	146	389	304	55	379	255	110	377
"HI"	2004	"AB Walk 39"	1	0	99	62	161	121	30	156	93	60	156
"HI"	2004	"AB Walk 40"	1	0	202	115	318	252	45	307	202	94	305
"HI"	2004	"AB Walk 41"	1	0	31	15	46	33	7	43	30	11	45
"HI"	2004	"AB Walk 42"	1	0	41	27	68	46	15	63	42	21	63
"HI"	2004	"AB Walk 43"	1	0	236	178	417	297	83	399	254	136	399
"HI"	2004	"AB Walk 44"	1	0	333	273	611	394	150	568	336	227	575
"HI"	2004	"AB Walk 45"	1	0	399	225	632	488	105	611	400	190	613
"HI"	2004	"AB Walk 46"	1	0	261	167	428	299	71	395	243	148	409
"HI"	2004	"AB Walk 47"	1	0	119	73	193	147	26	182	126	53	187
"HI"	2004	"AB Walk 48"	1	0	485	321	811	610	139	776	528	233	787
"HI"	2004	"AB Walk 49"	1	0	288	214	502	398	69	487	326	149	484
"HI"	2004	"AB Walk 50"	1	0	8	16	24	13	7	21	11	8	21
"HI"	2004	"AB Walk 51"	1	0	37	42	79	53	16	73	44	29	75
"HI"	2004	"AB Walk 52"	1	0	40	24	65	50	9	64	47	14	64
"HI"	2004	"AB Walk 53"	1	0	276	201	482	332	109	458	282	152	456
"HI"	2004	"AB Walk 54"	1	0	43	51	95	56	24	91	47	40	90
"HI"	2004	"AB Walk 55"	1	0	108	94	205	163	30	201	145	46	200
"HI"	2004	"AB Walk 56"	1	0	138	80	220	176	32	214	149	52	208
"HI"	2004	"AB Walk 57"	1	0	31	28	59	48	10	59	37	19	58
"HI"	2004	"AB Walk 58"	1	0	63	45	108	87	16	104	67	37	104
"HI"	2004	"AB Walk 59"	1	0	225	191	419	314	78	400	270	119	403
"HI"	2004	"AB Walk 60"	1	0	137	123	261	201	46	257	159	91	254
"HI"	2004	"AB Walk 61"	1	0	115	166	282	193	75	277	151	117	276
"HI"	2004	"AB Walk 62"	1	0	132	111	244	193	37	239	157	73	239
"HI"	2004	"AB Walk 63"	1	0	306	289	597	453	118	582	373	201	587
"HI"	2004	"AB Walk 64"	1	0	436	297	734	608	100	720	506	200	714
"HI"	2004	"AB Walk 65"	1	0	13	13	26	19	4	25	14	9	25
"HI"	2004	"AB Walk 66"	1	0	51	35	86	74	11	85	63	21	84
"HI"	2004	"AB Walk 67"	1	0	146	123	272	226	37	266	204	55	262
"HI"	2004	"AB Walk 68"	1	0	235	229	465	371	79	459	304	143	457
"HI"	2004	"AB Walk 69"	1	0	129	73	202	170	26	197	142	52	198
"HI"	2004	"AB Walk 70"	1	0	1	1	2	1	1	2	1	1	2
"HI"	2004	"AB Walk 71"	1	0	78	88	168	130	31	162	99	62	163
"HI"	2004	"AB Walk 72"	1	0	195	202	397	304	82	392	251	138	391
"HI"	2004	"AB Walk 73"	1	0	68	60	128	91	33	127	74	49	125
"HI"	2004	"AB Walk 74"	1	0	90	80	171	135	30	166	108	57	169
"HI"	2004	"AB Walk 75"	1	0	119	144	263	193	52	254	151	94	253
"HI"	2004	"AB Walk 76"	2	0	119	103	224	168	45	219	147	69	216
"HI"	2004	"AB Walk 77"	1	0	8	21	29	15	13	29	11	18	29
"HI"	2004	"AB Walk 78"	2	0	220	317	542	367	152	531	300	227	527
"HI"	2004	"AB Walk 79"	2	0	126	230	358	231	112	350	167	185	352
"HI"	2004	"AB Walk 80"	1	0	96	110	207	163	36	203	144	56	204
"HI"	2004	"AB Walk 81"	1	0	42	26	68	59	7	67	53	14	69
"HI"	2004	"AB Walk 82"	2	0	87	97	185	153	24	181	132	47	179
"HI"	2004	"AB Walk 83"	1	0	28	25	53	44	6	51	40	10	52
"HI"	2004	"AB Walk 84"	1	0	5	4	9	5	2	8	5	2	8
"HI"	2004	"AB Walk 85"	1	0	151	168	322	239	72	319	199	111	318
"HI"	2004	"AB Walk 86"	1	0	205	298	504	344	141	496	292	188	492
"HI"	2004	"AB Walk 87"	2	0	19	23	43	32	9	41	27	15	42
"HI"	2004	"AB Walk 88"	2	0	130	171	303	204	80	298	161	136	297
"HI"	2004	"AB Walk 89"	2	0	120	127	251	184	49	246	139	108	247
"HI"	2004	"AB Walk 90"	2	0	108	71	179	130	36	171	119	56	175
"HI"	2004	"AB Walk 91"	2	0	19	37	56	33	18	52	20	34	54
"HI"	2004	"AB Walk 92"	2	0	571	552	1135	812	254	1108	703	406	1109
"HI"	2004	"AB Walk 93"	2	0	35	47	84	58	24	83	51	30	81
"HI"	2004	"AB Walk 94"	2	0	219	219	443	340	76	427	297	138	435
"HI"	2004	"AB Walk 95"	2	0	655	453	1110	920	154	1095	808	289	1097
"HI"	2004	"AB Walk 96"	2	0	433	342	777	588	153	755	539	224	763
"HI"	2004	"AB Walk 97"	2	0	216	220	439	314	97	421	274	153	427
"HI"	2004	"AB Walk 98"	2	0	459	383	844	592	203	815	569	263	832
"HI"	2004	"AB Walk 99"	2	0	362	308	672	468	168	654	433	224	657
"HI"	2004	"OVERSEAS 100"	1	0	214	49	272	196	34	244	187	50	247
"HI"	2004	"OVERSEAS 101"	2	0	157	26	184	146	17	167	139	26	165
