state	year	county	cd	g2010_REG_tv	g2010_BALL_tv	g2010_USS_rv	g2010_USS_dv	g2010_GOV_dv	g2010_GOV_rv	g2010_LTG_rv	g2010_LTG_dv	g2010_SOS_dv	g2010_SOS_rv	g2010_COM_dv	g2010_COM_rv	g2010_TRE_rv	g2010_ATG_rv	g2010_USH_dv	g2010_USH_rv
"ID"	2010	"1"	1	2056	1270	1017	200	256	915	1003	185	205	1033	990	234	1094	1108	340.0	833.0
"ID"	2010	"2"	1	1263	826	667	128	238	521	633	124	133	660	621	160	668	672	299.0	493.0
"ID"	2010	"3"	1	1335	881	570	282	381	433	530	278	246	589	509	309	638	637	466.0	359.0
"ID"	2010	"4"	1	1142	703	553	130	260	417	521	144	130	547	503	166	575	583	261.0	405.0
"ID"	2010	"5"	1	1332	800	596	170	239	499	572	171	155	617	564	187	652	651	295.0	460.0
"ID"	2010	"6"	1	2305	1411	1027	329	503	803	948	342	306	1041	909	410	1081	1100	633.0	687.0
"ID"	2010	"7"	1	1814	1144	806	298	415	648	773	293	277	829	727	359	902	911	475.0	570.0
"ID"	2010	"8"	1	967	612	488	97	152	415	456	105	90	498	443	134	514	508	209.0	358.0
"ID"	2010	"9"	1	1913	1234	1058	155	287	894	985	162	145	1042	958	203	1062	1077	406.0	788.0
"ID"	2010	"10"	1	757	487	401	79	128	335	388	82	70	405	359	109	410	411	177.0	288.0
"ID"	2010	"11"	1	2055	1387	921	416	555	701	881	422	358	977	789	518	997	1031	733.0	549.0
"ID"	2010	"12"	1	1303	702	388	272	341	283	362	282	256	406	345	309	503	499	390.0	242.0
"ID"	2010	"13"	2	1607	911	503	377	434	377	453	395	339	543	467	402	653	663	352.0	497.0
"ID"	2010	"14"	2	749	488	276	191	230	208	261	200	157	306	246	205	309	308	181.0	282.0
"ID"	2010	"15"	2	1117	763	477	260	355	351	446	260	219	519	432	290	513	527	219.0	492.0
"ID"	2010	"16"	2	2005	1342	762	545	720	550	740	533	480	816	622	635	894	912	499.0	782.0
"ID"	2010	"17"	1	2100	1244	954	248	426	719	868	279	237	962	807	366	1025	1047	493.0	667.0
"ID"	2010	"18"	1	2012	1241	909	284	438	707	813	322	255	945	827	347	970	992	496.0	661.0
"ID"	2010	"19"	1	1095	730	538	167	260	405	495	181	148	558	470	215	556	558	318.0	348.0
"ID"	2010	"20"	1	1019	594	410	165	221	320	363	175	156	412	366	189	461	460	279.0	272.0
"ID"	2010	"21"	1	801	512	346	146	205	271	315	149	135	362	302	178	374	385	254.0	212.0
"ID"	2010	"22"	1	1872	1119	712	351	422	577	681	346	324	745	666	392	841	846	525.0	471.0
"ID"	2010	"23"	2	1165	522	300	170	194	242	273	183	183	314	296	196	372	378	156.0	293.0
"ID"	2010	"24"	2	763	513	346	152	209	276	336	155	119	384	295	192	394	390	136.0	348.0
"ID"	2010	"25"	2	2298	1292	682	561	655	494	632	559	479	773	623	595	913	935	510.0	690.0
"ID"	2010	"26"	2	1475	882	475	368	441	351	430	386	332	520	438	400	602	604	332.0	490.0
"ID"	2010	"27"	1	2048	1140	825	277	383	658	764	289	272	825	745	334	891	894	478.0	570.0
"ID"	2010	"28"	1	1452	837	596	209	297	462	526	226	192	606	517	262	628	641	366.0	412.0
"ID"	2010	"29"	1	1037	655	463	173	241	371	424	183	169	464	400	220	521	526	305.0	298.0
"ID"	2010	"30"	1	1357	819	538	231	301	429	503	248	224	572	476	299	652	650	382.0	342.0
"ID"	2010	"31"	1	1821	1013	673	307	396	535	588	339	291	697	596	369	799	814	527.0	400.0
"ID"	2010	"32"	2	827	561	366	166	219	295	354	172	146	393	323	200	430	425	144.0	381.0
"ID"	2010	"33"	2	1801	847	390	410	444	303	387	383	381	442	378	427	565	567	366.0	414.0
"ID"	2010	"34"	2	999	570	269	276	295	198	257	272	260	293	237	309	376	379	257.0	265.0
"ID"	2010	"35"	2	683	347	128	199	215	101	125	195	196	138	118	208	163	166	183.0	133.0
"ID"	2010	"36"	2	1289	723	235	459	500	161	218	444	386	304	207	470	385	381	404.0	270.0
"ID"	2010	"37"	2	1387	856	300	521	627	175	258	544	442	379	232	555	410	438	443.0	357.0
"ID"	2010	"38"	2	1454	901	436	441	567	280	435	422	386	482	351	483	544	552	392.0	473.0
"ID"	2010	"39"	2	1544	810	266	517	596	162	227	519	461	306	221	527	402	417	467.0	283.0
"ID"	2010	"40"	2	955	503	145	332	381	82	130	323	279	198	120	340	220	232	299.0	163.0
"ID"	2010	"41"	2	1863	1119	543	537	693	345	551	509	440	641	444	595	677	706	460.0	590.0
"ID"	2010	"42"	1	888	540	427	87	113	367	409	87	83	436	399	108	460	456	170.0	331.0
"ID"	2010	"43"	1	2260	1469	1164	257	370	982	1094	262	247	1191	1077	332	1255	1265	587.0	797.0
"ID"	2010	"44"	1	1527	797	585	166	222	490	554	184	163	606	554	209	672	668	261.0	458.0
"ID"	2010	"45"	1	2063	1126	781	278	335	656	730	281	290	790	761	319	915	926	460.0	550.0
"ID"	2010	"46"	1	2517	1285	936	295	377	785	915	286	267	988	891	349	1070	1074	515.0	661.0
"ID"	2010	"47"	1	1917	1115	807	261	328	683	772	265	224	850	780	270	883	899	457.0	569.0
"ID"	2010	"48"	1	1419	807	601	174	250	487	561	184	166	614	555	213	642	652	323.0	417.0
"ID"	2010	"49"	1	1757	1039	701	277	367	548	644	289	262	737	671	316	825	832	452.0	501.0
"ID"	2010	"50"	1	2441	1308	853	391	491	675	788	405	386	870	773	462	984	995	597.0	567.0
"ID"	2010	"51"	1	1588	949	632	267	353	505	596	269	254	659	578	309	743	755	436.0	425.0
"ID"	2010	"52"	1	1312	657	419	200	259	307	376	222	188	447	395	232	532	541	320.0	253.0
"ID"	2010	"53"	1	1652	909	558	297	358	442	515	321	294	584	518	341	700	701	457.0	353.0
"ID"	2010	"54"	1	1069	643	399	217	272	317	379	214	181	438	363	245	463	468	333.0	254.0
"ID"	2010	"55"	2	1532	978	591	342	413	459	541	367	334	620	538	405	731	723	297.0	616.0
"ID"	2010	"56"	2	1384	707	444	228	293	332	428	224	210	469	421	250	545	555	225.0	436.0
"ID"	2010	"57"	2	1753	851	485	330	410	342	456	326	303	521	429	389	626	617	315.0	479.0
"ID"	2010	"58"	2	898	338	135	189	188	118	120	180	176	149	137	176	208	205	156.0	154.0
"ID"	2010	"59"	2	1904	1015	328	652	730	220	339	617	558	426	294	661	518	553	604.0	352.0
"ID"	2010	"60"	2	1684	740	271	436	485	194	254	435	408	299	250	432	412	420	403.0	295.0
"ID"	2010	"61"	1	1425	786	614	132	185	529	574	144	135	631	567	181	671	678	266.0	457.0
"ID"	2010	"62"	1	1173	644	482	128	188	379	445	148	130	497	440	176	541	538	280.0	304.0
"ID"	2010	"63"	1	2094	1052	751	234	303	645	713	240	231	786	716	281	875	873	448.0	511.0
"ID"	2010	"64"	1	2602	1382	961	348	449	799	911	378	340	1003	916	402	1103	1118	634.0	650.0
"ID"	2010	"65"	1	1676	975	676	255	318	550	641	251	226	709	622	295	778	790	443.0	432.0
"ID"	2010	"66"	1	1530	709	483	190	254	371	437	206	175	505	437	232	561	565	300.0	337.0
"ID"	2010	"67"	2	1565	680	393	252	325	259	347	269	224	436	368	275	510	509	234.0	379.0
"ID"	2010	"68"	2	1246	592	326	219	256	245	308	223	215	351	293	259	415	413	200.0	329.0
"ID"	2010	"69"	2	904	546	249	275	308	185	234	272	256	272	225	291	344	349	260.0	246.0
"ID"	2010	"70"	2	866	457	208	222	255	156	175	239	206	230	187	243	277	288	211.0	213.0
"ID"	2010	"71"	2	976	450	247	186	223	188	234	182	174	260	232	200	326	333	169.0	255.0
"ID"	2010	"72"	2	1140	515	199	296	333	149	180	295	274	223	182	304	311	313	266.0	222.0
"ID"	2010	"73"	2	1332	894	445	415	560	288	414	404	345	512	356	469	567	575	388.0	456.0
"ID"	2010	"74"	2	2235	1419	839	526	676	642	769	541	486	874	725	587	930	953	480.0	852.0
"ID"	2010	"75"	2	1288	296	140	134	154	103	117	141	124	141	109	144	171	170	134.0	124.0
"ID"	2010	"76"	2	1320	792	363	389	475	264	356	370	318	422	286	438	480	489	337.0	391.0
"ID"	2010	"77"	2	1285	802	270	505	575	177	284	467	406	355	229	514	451	462	448.0	310.0
"ID"	2010	"78"	1	1992	969	694	211	260	578	651	216	202	718	674	231	777	783	360.0	490.0
"ID"	2010	"79"	1	696	389	270	92	122	207	235	100	102	266	256	102	323	324	152.0	181.0
"ID"	2010	"80"	2	751	441	265	153	201	186	245	168	139	292	241	179	310	321	142.0	275.0
"ID"	2010	"81"	2	1491	864	541	287	365	422	480	308	252	586	489	333	631	638	255.0	538.0
"ID"	2010	"82"	2	1280	628	367	214	253	279	328	228	211	390	364	234	465	473	201.0	357.0
"ID"	2010	"83"	2	1782	917	478	381	455	348	416	417	376	505	446	421	661	652	362.0	474.0
"ID"	2010	"84"	2	1020	594	312	259	316	206	272	278	237	337	269	295	402	412	257.0	305.0
"ID"	2010	"85"	2	1550	846	378	425	482	255	339	443	366	447	323	474	546	561	377.0	400.0
"ID"	2010	"86"	2	1253	459	193	236	254	140	173	235	217	214	166	251	278	291	199.0	203.0
"ID"	2010	"87"	2	1994	956	484	415	485	370	469	395	359	538	431	455	583	586	368.0	513.0
"ID"	2010	"88"	2	871	473	248	208	241	192	233	206	178	273	206	234	328	332	184.0	258.0
"ID"	2010	"89"	1	1325	822	645	155	194	559	623	154	152	647	592	188	694	693	329.0	445.0
"ID"	2010	"90"	1	1885	1202	933	230	353	765	884	245	213	964	883	268	1007	1006	471.0	648.0
"ID"	2010	"91"	1	1597	947	764	154	225	636	715	164	152	756	694	194	800	801	357.0	499.0
"ID"	2010	"92"	1	1083	637	459	145	193	375	434	166	143	478	438	176	510	522	268.0	314.0
"ID"	2010	"93"	1	1096	644	513	110	181	407	461	135	110	513	457	155	534	533	271.0	336.0
"ID"	2010	"94"	1	2149	1275	908	292	387	755	884	301	252	984	888	321	1041	1048	511.0	644.0
"ID"	2010	"95"	1	1091	634	424	159	207	358	410	162	152	458	421	181	516	517	280.0	287.0
"ID"	2010	"96"	1	1613	1046	800	187	270	677	744	202	181	829	768	215	850	841	373.0	596.0
"ID"	2010	"97"	2	1255	689	436	216	260	359	432	213	177	491	401	251	544	543	186.0	448.0
"ID"	2010	"98"	2	1531	801	461	290	325	357	438	312	293	491	432	337	615	607	270.0	466.0
"ID"	2010	"99"	2	1383	598	321	244	274	246	299	237	222	348	297	258	441	436	226.0	321.0
"ID"	2010	"100"	2	1487	796	378	365	423	274	346	384	332	438	366	395	551	553	314.0	403.0
"ID"	2010	"101"	2	971	541	307	198	201	266	296	187	172	353	320	196	411	414	179.0	310.0
"ID"	2010	"102"	2	1542	809	418	349	413	310	371	365	311	464	364	393	556	566	336.0	411.0
"ID"	2010	"103"	2	993	597	328	240	313	238	315	242	197	384	287	281	426	432	210.0	347.0
"ID"	2010	"104"	2	1577	933	523	378	481	378	495	380	296	608	449	437	677	682	322.0	560.0
"ID"	2010	"105"	2	1474	809	459	322	404	347	411	338	306	476	400	357	568	586	294.0	463.0
"ID"	2010	"106"	2	1532	1056	682	345	496	487	656	335	308	713	559	439	775	786	303.0	702.0
"ID"	2010	"107"	2	1591	838	479	319	397	344	437	324	277	523	402	358	574	583	294.0	483.0
"ID"	2010	"108"	2	1429	904	502	379	477	343	437	399	348	512	400	431	643	641	326.0	522.0
"ID"	2010	"109"	1	2759	1632	1261	296	414	1080	1168	326	299	1254	1173	345	1290	1294	597.0	910.0
"ID"	2010	"110"	1	2820	1505	1123	316	462	896	1015	342	320	1106	968	398	1113	1130	604.0	784.0
"ID"	2010	"111"	1	1941	1254	917	261	364	748	856	285	234	980	864	320	994	989	534.0	608.0
"ID"	2010	"112"	1	2094	1208	834	309	428	652	762	332	284	885	780	368	963	974	542.0	561.0
"ID"	2010	"113"	2	257	153	111	32	42	95	102	29	25	115	95	40	112	110	29.0	108.0
"ID"	2010	"114"	2	2136	1196	759	402	523	577	695	414	333	817	685	443	887	889	365.0	763.0
"ID"	2010	"115"	1	1798	987	704	244	310	589	639	258	231	722	660	274	785	786	406.0	491.0
"ID"	2010	"116"	2	1806	943	598	310	388	448	535	317	278	626	549	334	711	718	268.0	609.0
"ID"	2010	"117"	1	1526	989	822	101	169	714	776	118	114	835	775	166	846	850	317.0	612.0
"ID"	2010	"118"	1	1151	683	495	148	180	423	466	142	150	502	469	176	545	543	262.0	348.0
"ID"	2010	"119"	1	2856	1394	970	322	438	778	919	335	318	1031	978	350	1097	1131	510.0	742.0
"ID"	2010	"120"	1	1143	690	474	179	218	405	452	178	162	506	452	199	544	539	312.0	321.0
"ID"	2010	"121"	2	35	19	13	6	8	11	11	6	6	13	13	6	16	16	5.0	14.0
"ID"	2010	"122"	1	1358	703	505	141	200	417	463	158	148	525	500	153	545	547	256.0	361.0
"ID"	2010	"123"	1	1813	1033	814	152	213	689	760	158	170	802	766	182	812	819	345.0	570.0
"ID"	2010	"124"	1	1682	1049	829	159	208	717	802	135	163	840	797	175	850	849	362.0	598.0
"ID"	2010	"125"	1	64	44	39	2	4	32	37	3	3	38	34	7	40	42	10.0	29.0
"ID"	2010	"126"	1	2002	1173	917	205	248	834	894	183	206	927	892	223	972	976	356.0	731.0
"ID"	2010	"127"	1	1532	983	829	127	225	719	792	134	117	817	750	162	807	820	297.0	634.0
"ID"	2010	"128"	1	2100	1309	983	290	438	798	917	309	261	993	877	351	1032	1036	544.0	692.0
"ID"	2010	"129"	1	1385	795	534	217	261	443	497	220	216	536	482	232	575	586	329.0	376.0
"ID"	2010	"130"	1	2730	1535	1190	290	439	986	1134	305	285	1196	1142	318	1279	1289	491.0	954.0
"ID"	2010	"131"	1	2759	1512	1183	261	358	1040	1123	261	260	1192	1136	292	1268	1272	510.0	890.0
"ID"	2010	"132"	1	2639	1513	1185	279	399	1013	1078	306	269	1185	1118	312	1241	1234	523.0	914.0
"ID"	2010	"133"	1	2426	1387	1037	294	457	828	947	334	274	1071	961	362	1143	1154	511.0	781.0
"ID"	2010	"134"	1	1132	707	557	131	173	473	524	129	126	563	511	168	594	602	233.0	424.0
"ID"	2010	"135"	1	1531	909	692	182	240	572	659	203	188	704	687	196	752	761	328.0	506.0
"ID"	2010	"136"	1	1768	991	745	194	265	621	702	203	200	758	712	234	825	830	335.0	586.0
"ID"	2010	"137"	1	1250	727	579	126	171	490	554	123	115	592	540	158	621	623	239.0	425.0
"ID"	2010	"138"	1	1277	741	520	170	232	420	476	180	167	543	476	215	582	593	313.0	344.0
"ID"	2010	"139"	2	1590	811	526	260	325	411	462	270	234	537	458	298	614	627	245.0	522.0
"ID"	2010	"140"	1	1787	993	776	173	248	649	708	175	170	761	717	197	796	804	346.0	546.0
"ID"	2010	"141"	1	1867	918	664	194	250	532	603	207	210	667	633	237	758	761	360.0	435.0
"ID"	2010	"CO. TOTAL"	2	215357	122175	80273	36377	46777	63871	74972	37286	33487	84079	73546	41538	92177	93059	17444.0	24087.0
"ID"	2010	"1 Indian Valley"	1	221	176	125	32	28	117	122	28	29	136	136	30	134	138	76.0	76.0
"ID"	2010	"2 Council"	1	610	379	282	60	79	268	277	64	74	278	276	70	296	296	149.0	195.0
"ID"	2010	"3 No. Council"	1	777	515	366	99	113	343	357	100	101	381	368	106	405	400	178.0	251.0
"ID"	2010	"4 Bear"	1	36	32	27	4	6	22	29	3	4	28	27	4	27	26	15.0	15.0
"ID"	2010	"5 New Meadows"	1	997	572	401	132	145	365	408	127	115	433	403	140	468	471	238.0	270.0
"ID"	2010	"6 Little Salmon River"	1	54	40	24	11	13	22	20	12	12	26	25	13	29	29	13.0	16.0
"ID"	2010	"CO. TOTAL"	2	2695	1714	1225	338	384	1137	1213	334	335	1282	1235	363	1359	1360	0.0	0.0
"ID"	2010	"Pocatello 1"	2	790	400	235	147	187	195	210	161	141	250	225	157	296	286	137.0	220.0
"ID"	2010	"Pocatello 2"	2	824	441	292	134	182	235	260	146	132	286	268	147	344	345	122.0	301.0
"ID"	2010	"Pocatello 3"	2	765	441	260	165	214	196	209	190	153	272	244	171	332	329	155.0	254.0
"ID"	2010	"Pocatello 4"	2	924	403	180	200	229	130	156	211	209	176	183	200	272	274	181.0	181.0
"ID"	2010	"Pocatello 5"	2	914	437	241	173	232	171	213	193	186	232	222	192	343	340	148.0	244.0
"ID"	2010	"Pocatello 6"	2	709	261	107	134	150	82	97	140	135	113	105	141	169	169	123.0	111.0
"ID"	2010	"Pocatello 7"	2	540	231	142	78	111	108	124	85	71	150	142	77	182	183	71.0	146.0
"ID"	2010	"Pocatello 8"	2	569	226	102	110	131	63	82	123	122	94	100	114	162	163	101.0	103.0
"ID"	2010	"Pocatello 9"	2	635	304	174	116	159	115	144	138	127	166	167	125	242	240	111.0	160.0
"ID"	2010	"Pocatello 10"	2	929	509	308	168	219	246	273	190	190	302	301	190	430	419	169.0	290.0
"ID"	2010	"Pocatello 11"	2	753	302	195	88	138	134	165	112	102	188	189	103	257	255	87.0	197.0
"ID"	2010	"Pocatello 12"	2	787	383	236	125	160	179	214	132	133	234	230	136	295	291	113.0	234.0
"ID"	2010	"Pocatello 13"	2	742	315	185	106	141	133	160	118	114	179	178	115	251	255	101.0	182.0
"ID"	2010	"Pocatello 14"	2	821	414	264	123	152	214	245	134	132	262	267	124	333	329	108.0	266.0
"ID"	2010	"Pocatello 15"	2	657	282	173	89	114	133	156	99	95	168	169	94	229	233	86.0	169.0
"ID"	2010	"Pocatello 17"	2	722	355	217	117	147	178	196	129	119	219	221	114	278	280	109.0	216.0
"ID"	2010	"Pocatello 18"	2	763	412	286	115	172	208	247	146	148	251	267	128	339	343	122.0	261.0
"ID"	2010	"Pocatello 19"	2	614	265	150	93	129	106	139	106	113	143	150	106	210	206	79.0	153.0
"ID"	2010	"Pocatello 20"	2	601	258	142	101	129	107	122	112	111	138	132	114	189	194	101.0	133.0
"ID"	2010	"Pocatello 21"	2	686	298	196	81	133	139	171	92	98	187	172	101	244	244	78.0	180.0
"ID"	2010	"Pocatello 22"	2	835	363	210	132	171	150	187	153	136	209	208	137	302	300	127.0	203.0
"ID"	2010	"Pocatello 23"	2	737	362	202	134	186	136	184	145	137	207	208	130	297	294	116.0	207.0
"ID"	2010	"Pocatello 24"	2	623	233	102	119	144	60	83	128	124	100	92	129	155	158	117.0	101.0
"ID"	2010	"Pocatello 25"	2	587	219	104	91	113	76	83	101	95	104	103	94	136	138	90.0	97.0
"ID"	2010	"Pocatello 26"	2	727	242	109	122	147	77	91	126	133	100	96	140	141	141	113.0	108.0
"ID"	2010	"Pocatello 27"	2	736	242	136	99	132	91	116	108	96	137	130	97	173	170	93.0	130.0
"ID"	2010	"Pocatello 28"	2	966	301	167	115	129	131	155	113	108	175	168	111	229	227	105.0	156.0
"ID"	2010	"Pocatello 31"	2	718	291	119	156	193	76	92	172	164	111	104	168	190	194	142.0	115.0
"ID"	2010	"Pocatello 32"	2	566	271	145	113	135	112	128	124	111	150	133	121	207	207	101.0	151.0
"ID"	2010	"Pocatello 34"	2	763	361	229	117	153	188	216	128	117	231	221	119	294	300	111.0	214.0
"ID"	2010	"Pocatello 35"	2	1038	442	296	124	169	242	271	143	126	307	300	128	368	368	120.0	294.0
"ID"	2010	"Pocatello 36"	2	784	400	282	99	145	227	256	117	104	285	272	111	330	327	99.0	273.0
"ID"	2010	"Pocatello 37"	2	1110	569	422	133	203	336	393	147	133	420	406	148	474	477	116.0	421.0
"ID"	2010	"Pocatello 38"	2	510	264	200	61	95	155	193	62	64	196	186	71	223	226	54.0	195.0
"ID"	2010	"Pocatello 39"	2	681	289	208	69	112	167	189	80	67	205	191	79	236	232	64.0	205.0
"ID"	2010	"Pocatello 40"	2	268	139	94	36	48	82	88	40	39	94	93	41	103	107	37.0	89.0
"ID"	2010	"Pocatello 41"	2	1117	488	315	149	222	215	267	181	156	305	289	172	396	399	143.0	292.0
"ID"	2010	"Pocatello 42"	2	785	338	223	101	154	165	187	118	111	211	206	115	271	265	102.0	216.0
"ID"	2010	"Pocatello 43"	2	817	358	187	142	177	129	156	160	165	178	191	153	282	278	130.0	180.0
"ID"	2010	"Chubbuck 50"	2	954	440	304	111	156	245	273	123	126	295	298	122	364	367	113.0	291.0
"ID"	2010	"Chubbuck 51"	2	901	445	299	120	180	234	285	126	129	293	287	134	369	375	113.0	301.0
"ID"	2010	"Chubbuck 52"	2	639	316	215	80	132	162	200	97	103	202	215	87	262	264	73.0	213.0
"ID"	2010	"Chubbuck 53"	2	1017	448	275	142	207	197	243	162	154	270	275	147	368	374	132.0	271.0
"ID"	2010	"Chubbuck 54"	2	607	329	238	72	104	198	216	79	79	236	234	80	270	274	67.0	225.0
"ID"	2010	"Chubbuck 55"	2	1132	493	363	101	170	285	321	132	117	360	355	114	430	439	100.0	343.0
"ID"	2010	"Chubbuck 56"	2	676	336	237	85	128	181	213	106	96	227	229	95	288	286	77.0	235.0
"ID"	2010	"Chubbuck 57"	2	937	516	381	114	164	311	350	119	127	366	373	122	446	447	100.0	364.0
"ID"	2010	"Chubbuck 58"	2	574	264	178	67	110	132	160	81	78	177	180	75	220	211	71.0	166.0
"ID"	2010	"Chubbuck 59"	2	620	323	228	74	101	201	210	91	92	225	233	82	278	274	76.0	218.0
"ID"	2010	"Chubbuck 60"	2	744	348	154	172	212	102	121	203	201	133	124	208	219	216	164.0	143.0
"ID"	2010	"Arimo 61"	2	518	315	251	44	95	192	227	58	61	231	231	65	279	277	38.0	248.0
"ID"	2010	"Downey 62"	2	547	340	255	54	106	200	231	77	73	251	250	73	294	291	51.0	249.0
"ID"	2010	"Inkom 63"	2	690	378	244	110	162	182	220	124	119	245	227	132	315	314	103.0	236.0
"ID"	2010	"Lava Hot Springs 64"	2	670	416	272	109	136	238	249	112	113	278	281	109	308	309	106.0	252.0
"ID"	2010	"McCammon 65"	2	871	526	362	136	180	295	343	147	145	356	342	151	449	452	128.0	353.0
"ID"	2010	"Mink Creek 66"	2	883	479	296	162	218	239	262	177	166	291	287	161	361	356	159.0	284.0
"ID"	2010	"Pebble Creek 67"	2	616	349	255	84	120	207	235	94	94	241	233	95	279	283	81.0	237.0
"ID"	2010	"Swan Lake 68"	2	74	52	43	7	11	39	45	5	6	44	45	5	46	47	5.0	46.0
"ID"	2010	"CO. TOTAL"	2	42783	23942	14636	7988	10613	11308	13039	8936	8449	14489	14094	8664	18743	18741	7523.0	14248.0
"ID"	2010	"#1 Montpelier"	2	514	340	264	50	98	216	243	66	67	253	264	56	292	288	49.0	267.0
"ID"	2010	"#2 Montpelier"	2	424	272	206	48	87	166	197	50	50	202	206	45	230	229	42.0	207.0
"ID"	2010	"#3 Montpelier"	2	416	271	204	45	77	159	183	51	48	204	208	47	239	234	39.0	198.0
"ID"	2010	"#5 Bennington"	2	171	114	92	8	19	76	91	6	8	96	98	7	103	102	7.0	88.0
"ID"	2010	"#6 Bern"	2	93	66	49	14	24	36	48	14	11	51	50	13	56	56	15.0	48.0
"ID"	2010	"#7 Bloomington"	2	138	95	80	9	20	68	68	16	13	78	79	12	83	81	11.0	76.0
"ID"	2010	"#8 Dingle"	2	193	121	91	15	28	79	86	14	20	91	92	19	106	103	15.0	90.0
"ID"	2010	"#9 Fish Haven"	2	185	117	79	26	33	73	79	28	30	83	84	28	106	105	25.0	80.0
"ID"	2010	"#10 Geneva"	2	69	60	54	4	14	42	48	7	8	50	52	6	53	52	4.0	55.0
"ID"	2010	"#11 Georgetown"	2	388	275	227	32	47	207	225	35	39	228	228	36	245	246	30.0	228.0
"ID"	2010	"#12 Liberty"	2	228	165	130	20	34	119	127	27	37	124	136	24	148	150	19.0	123.0
"ID"	2010	"#13 Paris"	2	313	206	162	30	53	133	154	35	34	162	163	32	182	180	31.0	164.0
"ID"	2010	"#15 St. Charles"	2	144	117	92	18	46	65	82	24	21	94	95	19	98	99	17.0	91.0
"ID"	2010	"#16 Bailey Creek"	2	89	58	41	12	12	45	41	12	11	45	47	10	52	52	11.0	42.0
"ID"	2010	"CO. TOTAL"	2	3365	2277	1771	331	592	1484	1672	385	397	1761	1802	354	1993	1977	315.0	1757.0
"ID"	2010	"1 Benewah"	1	199	132	94	30	30	90	83	32	34	92	96	32	108	106	52.0	69.0
"ID"	2010	"2 Center"	1	497	315	226	53	71	209	212	63	61	227	223	68	248	241	138.0	147.0
"ID"	2010	"3 College"	1	555	351	245	85	100	218	227	88	93	236	233	95	280	272	162.0	161.0
"ID"	2010	"4 Emida"	1	217	126	81	34	33	77	71	32	35	86	87	32	106	102	50.0	66.0
"ID"	2010	"5 Fernwood"	1	301	168	100	38	37	95	88	38	51	104	112	45	121	118	53.0	76.0
"ID"	2010	"6 Plummer"	1	903	431	296	104	113	275	275	109	121	291	287	119	356	354	175.0	206.0
"ID"	2010	"7 Santa"	1	285	175	122	37	35	114	111	34	42	120	122	37	131	126	65.0	90.0
"ID"	2010	"8 St. Joe"	1	50	37	32	4	5	29	32	5	5	31	32	4	34	34	13.0	21.0
"ID"	2010	"9 St. Maries"	1	925	602	434	123	147	400	407	138	133	433	427	136	506	489	266.0	282.0
"ID"	2010	"10 Tensed"	1	467	262	174	59	62	164	161	58	73	181	181	71	207	205	91.0	143.0
"ID"	2010	"11 Townsite"	1	721	480	336	106	140	298	302	130	127	321	323	129	385	379	213.0	219.0
"ID"	2010	"CO. TOTAL"	2	5120	3079	2140	673	773	1969	1969	727	775	2122	2123	768	2482	2426	0.0	0.0
"ID"	2010	"Blackfoot 1"	2	1032	492	363	108	194	258	315	137	131	339	349	120	407	415	99.0	348.0
"ID"	2010	"Blackfoot 2"	2	584	290	195	80	128	137	168	94	90	188	187	86	228	230	65.0	193.0
"ID"	2010	"Blackfoot 3"	2	971	407	287	96	164	199	243	119	116	278	287	106	344	346	78.0	289.0
"ID"	2010	"Blackfoot 4"	2	980	451	327	103	197	212	284	124	117	314	302	125	375	377	86.0	330.0
"ID"	2010	"Blackfoot 5"	2	1094	444	302	119	185	217	265	140	137	293	294	130	381	376	98.0	295.0
"ID"	2010	"Blackfoot 6"	2	1030	530	388	115	230	255	331	150	132	378	365	137	448	453	91.0	391.0
"ID"	2010	"Firth 7"	2	1037	576	467	76	191	345	419	120	120	441	438	122	517	510	83.0	430.0
"ID"	2010	"Firth 8"	2	836	470	373	83	167	269	330	108	103	354	345	107	415	410	84.0	333.0
"ID"	2010	"Groveland 9"	2	1109	563	434	96	196	310	391	116	115	425	414	116	490	482	80.0	408.0
"ID"	2010	"Jamestown 10"	2	839	428	343	50	139	250	320	74	65	344	332	70	370	374	49.0	331.0
"ID"	2010	"Moreland 11"	2	588	333	262	62	113	194	234	80	81	243	246	76	274	271	66.0	251.0
"ID"	2010	"Rockford 12"	2	840	462	389	50	109	317	367	64	61	387	385	58	408	416	45.0	372.0
"ID"	2010	"Shelley 13"	2	1001	482	393	60	154	287	373	77	76	393	381	82	424	436	68.0	364.0
"ID"	2010	"Shelley 14"	2	1157	575	460	78	183	343	427	97	95	455	457	93	501	506	71.0	439.0
"ID"	2010	"Abserdeen 15"	2	956	490	391	81	165	284	331	120	102	368	365	92	423	423	84.0	365.0
"ID"	2010	"Springfield/Sterling 16"	2	359	190	155	20	44	130	150	27	30	153	159	23	172	173	18.0	150.0
"ID"	2010	"Riverside 17"	2	922	498	416	67	150	297	360	108	89	390	380	95	427	433	68.0	390.0
"ID"	2010	"Pingree 18"	2	579	309	248	49	77	210	228	61	54	244	241	57	265	268	47.0	232.0
"ID"	2010	"Wapello 19"	2	431	247	169	52	94	117	150	66	63	167	161	65	203	199	48.0	166.0
"ID"	2010	"Fort Hall 20"	2	839	303	124	165	236	48	52	230	234	57	60	231	147	140	175.0	104.0
"ID"	2010	"Shelley West 21"	2	1138	562	472	57	157	364	447	65	66	479	474	68	506	513	52.0	446.0
"ID"	2010	"Groveland 22"	2	668	339	273	52	111	202	250	68	63	266	255	71	295	303	51.0	253.0
"ID"	2010	"Blackfoot 23"	2	582	293	251	29	93	173	213	52	42	240	238	40	252	253	32.0	236.0
"ID"	2010	"Riverside 24"	2	519	259	213	35	65	174	195	42	44	207	203	46	219	218	35.0	207.0
"ID"	2010	"Moreland 25"	2	701	381	313	39	80	249	300	45	46	326	326	47	344	347	35.0	292.0
"ID"	2010	"CO. TOTAL"	2	20792	12034	9225	2182	4202	6786	8218	2837	2685	8913	8826	2669	10178	10228	2051.0	8757.0
"ID"	2010	"1 NW Ketchum"	2	870	381	152	221	276	96	125	229	201	155	118	227	229	229	191.0	176.0
"ID"	2010	"2 SW Ketchum"	2	978	368	131	226	242	112	117	217	193	149	130	208	231	230	198.0	150.0
"ID"	2010	"3 N & E Ketchum"	2	391	148	77	64	85	53	61	72	65	72	61	72	91	90	65.0	75.0
"ID"	2010	"4 S Ketchum"	2	568	205	97	99	124	77	88	103	91	105	92	100	136	130	95.0	94.0
"ID"	2010	"5 NE Blaine County"	2	634	259	111	133	171	79	99	131	113	127	95	141	172	171	109.0	129.0
"ID"	2010	"6 Hailey #1"	2	910	340	146	186	230	93	115	189	169	147	122	196	209	217	173.0	148.0
"ID"	2010	"7 Hailey #2"	2	1372	508	190	292	332	150	165	306	264	211	174	289	320	319	260.0	208.0
"ID"	2010	"8 Hailey #3"	2	1499	519	231	267	295	176	209	272	248	247	230	262	364	360	235.0	247.0
"ID"	2010	"9 Yale"	2	9	9	9	0	2	7	9	0	0	9	9	0	8	9	0.0	9.0
"ID"	2010	"10 Bellevue"	2	1541	661	334	307	355	267	296	316	285	348	318	314	465	464	276.0	344.0
"ID"	2010	"11 Gannett-Picabo"	2	414	172	121	46	64	102	118	45	42	125	120	45	135	140	39.0	120.0
"ID"	2010	"12 Carey"	2	492	261	216	33	76	168	195	41	31	222	212	40	230	229	30.0	216.0
"ID"	2010	"13 Sun Valley"	2	970	385	225	135	183	176	205	144	138	225	211	146	292	287	120.0	239.0
"ID"	2010	"14 Hailey #4"	2	1783	738	309	402	467	225	288	395	364	342	280	412	469	464	348.0	345.0
"ID"	2010	"CO. TOTAL"	2	12431	6694	3246	3213	3843	2516	2929	3257	2942	3406	2992	3276	4536	4531	2853.0	3443.0
"ID"	2010	"30 Garden Valley"	1	1292	676	507	121	148	453	495	119	118	538	503	136	560	555	226.0	383.0
"ID"	2010	"40 Horseshoe Bend"	1	942	513	409	77	103	352	399	74	80	418	387	102	433	437	181.0	275.0
"ID"	2010	"50 Idaho City"	1	743	340	222	69	91	199	217	79	73	246	221	84	256	254	131.0	141.0
"ID"	2010	"60 Lowman"	1	193	105	85	13	16	76	80	12	13	83	78	15	85	84	34.0	57.0
"ID"	2010	"70 Mores Creek"	1	1297	542	375	130	149	324	345	132	116	404	386	133	448	451	203.0	281.0
"ID"	2010	"80 Placerville"	1	250	137	95	31	43	81	93	30	36	98	84	46	103	107	74.0	48.0
"ID"	2010	"CO. TOTAL"	2	4717	2800	2022	580	717	1756	1941	607	568	2132	1973	671	2246	2253	0.0	0.0
"ID"	2010	"1 Airport"	1	867	409	284	116	129	261	269	121	116	277	253	133	312	318	199.0	178.0
"ID"	2010	"2 Algoma"	1	894	411	281	112	112	270	277	112	114	287	280	117	332	328	174.0	196.0
"ID"	2010	"3 Baldy"	1	1277	549	314	202	202	294	311	181	180	339	315	192	407	403	287.0	204.0
"ID"	2010	"4 Blue Lake"	1	142	77	63	9	16	54	55	12	12	62	59	12	63	64	26.0	41.0
"ID"	2010	"5 Careywood"	1	823	422	307	84	79	307	293	86	86	312	305	91	343	339	140.0	235.0
"ID"	2010	"6 Clark Fork"	1	773	383	267	87	90	262	260	89	93	270	259	99	310	317	136.0	193.0
"ID"	2010	"7 Cocolalla"	1	584	305	233	52	56	219	223	54	62	230	226	61	250	243	88.0	186.0
"ID"	2010	"8 Colburn"	1	1000	458	283	146	147	265	268	144	144	288	287	143	326	335	182.0	217.0
"ID"	2010	"9 Dover"	1	414	207	131	60	70	120	126	65	58	142	132	64	163	164	100.0	89.0
"ID"	2010	"10 E. Priest River"	1	816	345	243	90	109	204	222	92	97	227	231	95	280	279	168.0	135.0
"ID"	2010	"11 Edgemere"	1	1289	515	386	89	95	372	374	89	87	411	396	97	442	443	183.0	273.0
"ID"	2010	"12 Gamlin Lake"	1	543	248	158	69	68	155	155	69	68	170	164	73	186	183	96.0	111.0
"ID"	2010	"13 Grouse Creek"	1	736	389	253	114	123	234	226	121	119	241	237	120	277	274	173.0	171.0
"ID"	2010	"14 Hope"	1	725	352	195	137	142	183	194	134	122	213	196	135	257	251	195.0	142.0
"ID"	2010	"15 Humbird"	1	1028	443	241	157	156	228	232	160	154	262	250	163	313	308	209.0	181.0
"ID"	2010	"16 Kootenai"	1	1636	707	456	197	226	418	440	197	182	481	442	212	555	545	307.0	326.0
"ID"	2010	"17 Laclede"	1	394	203	142	46	50	136	139	47	48	138	137	55	168	168	77.0	89.0
"ID"	2010	"18 Lakeview"	1	64	26	20	5	4	19	20	3	4	22	23	3	24	25	5.0	12.0
"ID"	2010	"19 Lamb Creek"	1	425	183	129	53	48	128	127	50	46	129	128	50	148	153	100.0	69.0
"ID"	2010	"20 Oden"	1	501	242	173	59	60	164	167	57	63	171	165	64	191	191	97.0	133.0
"ID"	2010	"21 Oldtown"	1	1059	524	389	104	105	375	380	108	115	385	393	108	448	445	213.0	250.0
"ID"	2010	"22 Priest Lake"	1	197	78	49	26	33	37	43	29	23	52	49	25	59	56	45.0	29.0
"ID"	2010	"23 Priest River West City"	1	295	119	73	37	35	68	63	36	37	71	80	30	89	90	53.0	50.0
"ID"	2010	"24 Sagle"	1	1313	665	441	187	204	411	426	180	180	445	435	196	523	520	271.0	311.0
"ID"	2010	"25 Sandpoint"	1	925	383	183	178	193	170	178	174	166	196	177	176	254	248	223.0	113.0
"ID"	2010	"26 Selle"	1	796	366	219	124	133	192	198	131	128	212	208	134	274	272	168.0	150.0
"ID"	2010	"27 South Side"	1	180	82	66	13	10	65	62	12	11	68	66	12	70	70	20.0	57.0
"ID"	2010	"28 Spirit Valley"	1	859	436	308	94	96	290	313	92	102	324	329	96	364	366	141.0	240.0
"ID"	2010	"29 Washington"	1	1397	604	336	242	264	305	318	242	227	349	324	238	436	427	332.0	205.0
"ID"	2010	"30 West Branch"	1	305	132	96	30	31	90	90	31	32	97	97	32	112	109	43.0	79.0
"ID"	2010	"31 Westmond"	1	1027	433	311	99	101	300	299	106	97	326	312	102	351	347	177.0	224.0
"ID"	2010	"32 W. Priest River Bench"	1	387	205	152	34	35	150	147	37	34	162	158	36	165	169	69.0	102.0
"ID"	2010	"33 Wrenco"	1	299	165	122	37	43	114	114	40	41	117	121	36	137	133	65.0	86.0
"ID"	2010	"CO. TOTAL"	2	23970	14233	9372	4032	4297	8742	8998	4052	3966	9606	9285	4166	11035	10979	0.0	0.0
"ID"	2010	"1"	2	827	465	336	111	176	256	300	129	133	313	324	122	382	379	103.0	321.0
"ID"	2010	"2"	2	689	362	286	51	118	208	247	71	75	272	271	68	294	295	56.0	275.0
"ID"	2010	"3"	2	695	411	291	98	137	237	250	127	114	282	284	100	334	335	87.0	280.0
"ID"	2010	"4"	2	598	297	206	67	118	152	176	87	93	189	199	82	254	254	62.0	195.0
"ID"	2010	"5"	2	769	428	290	102	176	212	261	131	131	290	308	107	360	359	89.0	281.0
"ID"	2010	"6"	2	1716	1004	743	204	397	560	673	262	270	700	708	246	852	856	177.0	754.0
"ID"	2010	"7"	2	542	267	187	62	105	139	162	76	85	178	189	71	228	229	56.0	181.0
"ID"	2010	"8"	2	575	274	158	92	128	105	130	111	110	153	151	108	203	201	83.0	158.0
"ID"	2010	"9"	2	613	272	165	85	132	114	138	99	112	148	166	93	224	225	76.0	157.0
"ID"	2010	"10"	2	618	304	208	75	135	141	172	99	101	193	205	86	249	253	68.0	206.0
"ID"	2010	"11"	2	671	394	238	134	188	166	216	142	151	226	238	136	302	301	114.0	242.0
"ID"	2010	"12"	2	760	445	249	157	236	171	219	180	178	253	261	163	326	335	134.0	242.0
"ID"	2010	"13"	2	1377	752	584	143	333	382	488	208	191	534	527	193	620	621	143.0	559.0
"ID"	2010	"14"	2	706	461	299	139	210	222	268	161	154	297	291	151	370	368	112.0	310.0
"ID"	2010	"15"	2	1203	706	493	177	366	314	442	228	191	493	478	193	579	582	151.0	502.0
"ID"	2010	"16"	2	1222	721	515	179	327	357	446	229	194	501	473	210	584	580	154.0	511.0
"ID"	2010	"17"	2	1001	567	407	131	237	293	364	157	152	384	391	141	465	464	116.0	400.0
"ID"	2010	"18"	2	961	494	319	152	214	232	283	165	165	304	298	164	382	381	124.0	323.0
"ID"	2010	"19"	2	843	493	335	140	250	212	286	176	166	314	317	160	415	417	119.0	336.0
"ID"	2010	"20"	2	974	596	410	151	285	269	354	196	178	390	397	163	473	473	136.0	401.0
"ID"	2010	"21"	2	458	219	148	56	105	91	128	71	73	142	153	61	178	181	55.0	134.0
"ID"	2010	"22"	2	740	390	305	67	131	234	271	88	82	291	300	70	323	322	66.0	290.0
"ID"	2010	"23"	2	690	409	313	74	161	222	292	93	87	310	317	79	358	354	64.0	311.0
"ID"	2010	"24"	2	904	497	354	114	218	238	317	141	146	336	358	120	427	427	107.0	331.0
"ID"	2010	"25"	2	628	341	248	67	126	180	218	86	100	223	245	74	285	287	60.0	243.0
"ID"	2010	"26"	2	1003	597	456	115	246	320	384	163	137	441	427	145	489	491	110.0	438.0
"ID"	2010	"27"	2	1728	965	759	160	364	548	674	201	191	736	725	186	837	834	142.0	733.0
"ID"	2010	"28"	2	1538	886	662	203	384	472	580	239	220	631	594	237	714	714	177.0	658.0
"ID"	2010	"36"	2	609	359	294	52	91	250	268	68	66	282	271	73	290	291	37.0	288.0
"ID"	2010	"37"	2	752	429	333	80	169	233	291	106	98	312	301	105	324	319	81.0	304.0
"ID"	2010	"38"	2	367	216	174	32	65	129	160	44	48	166	169	42	177	179	28.0	161.0
"ID"	2010	"39"	2	890	502	411	54	148	317	377	75	70	419	416	65	449	452	51.0	386.0
"ID"	2010	"40"	2	1357	735	588	123	255	430	524	168	159	553	549	153	634	633	113.0	565.0
"ID"	2010	"41"	2	1191	664	511	125	265	358	444	161	153	493	468	161	551	548	104.0	493.0
"ID"	2010	"42"	2	536	324	261	47	98	206	235	70	57	259	249	58	275	277	41.0	249.0
"ID"	2010	"43"	2	860	490	384	67	159	289	359	84	88	388	401	71	439	444	51.0	379.0
"ID"	2010	"44"	2	669	402	310	53	132	244	297	61	71	322	325	62	347	348	46.0	305.0
"ID"	2010	"45"	2	1534	704	548	112	253	387	500	145	129	554	552	125	619	619	92.0	533.0
"ID"	2010	"46"	2	1117	502	362	101	207	253	319	144	128	352	361	114	442	443	101.0	348.0
"ID"	2010	"47"	2	947	475	379	65	167	266	340	91	98	363	375	80	432	432	61.0	366.0
"ID"	2010	"48"	2	1510	752	573	138	310	398	527	168	156	576	560	161	641	645	115.0	554.0
"ID"	2010	"49"	2	1055	541	417	78	184	307	393	93	88	436	436	88	493	494	64.0	418.0
"ID"	2010	"50"	2	1843	910	751	114	320	542	666	182	157	722	721	154	812	814	114.0	729.0
"ID"	2010	"51"	2	1309	666	527	101	227	382	467	140	117	521	525	108	555	554	93.0	507.0
"ID"	2010	"52"	2	1341	737	602	107	273	431	537	152	138	583	586	129	662	665	106.0	583.0
"ID"	2010	"53"	2	1268	739	578	100	281	401	520	131	135	571	571	136	636	643	100.0	558.0
"ID"	2010	"54"	2	476	276	224	32	61	191	216	37	40	226	235	30	248	247	19.0	224.0
"ID"	2010	"55"	2	474	244	171	62	76	149	171	58	58	183	173	67	215	213	49.0	170.0
"ID"	2010	"56"	2	28	21	15	5	5	11	15	4	5	14	15	3	18	17	4.0	15.0
"ID"	2010	"57"	2	17	9	8	0	1	6	7	0	2	4	3	2	5	6	0.0	8.0
"ID"	2010	"58"	2	1931	1014	836	113	257	699	813	143	151	836	843	138	898	900	105.0	793.0
"ID"	2010	"59"	2	672	392	311	48	105	266	302	55	43	334	318	57	342	338	43.0	298.0
"ID"	2010	"CO. TOTAL"	2	47802	29698	22073	5937	11438	16204	19755	7520	7166	21498	21449	6854	24785	24808	5280.0	21511.0
"ID"	2010	"Bonners Ferry"	1	314	181	127	44	53	116	111	48	44	125	124	41	140	141	75.0	87.0
"ID"	2010	"Copeland"	1	567	374	258	76	82	247	259	74	78	277	267	81	301	296	122.0	204.0
"ID"	2010	"Kootenai"	1	658	393	274	86	102	262	260	97	94	280	273	99	317	322	145.0	204.0
"ID"	2010	"Moyie Springs"	1	1369	847	590	162	178	577	565	177	187	619	627	178	687	685	288.0	457.0
"ID"	2010	"Naples"	1	1058	680	473	133	178	439	421	156	152	478	446	169	515	519	279.0	303.0
"ID"	2010	"North Bonners Ferry"	1	1119	620	417	143	141	412	396	138	157	435	433	153	498	491	211.0	325.0
"ID"	2010	"Valley View"	1	877	525	356	131	158	328	321	143	143	359	352	141	399	405	213.0	258.0
"ID"	2010	"CO. TOTAL"	2	5962	3620	2495	775	892	2381	2333	833	855	2573	2522	862	2857	2859	0.0	0.0
"ID"	2010	"Arco 1"	2	563	387	281	78	118	217	243	96	95	262	264	92	303	300	78.0	267.0
"ID"	2010	"Arco 2"	2	375	236	152	70	82	128	143	70	81	150	156	74	189	190	60.0	157.0
"ID"	2010	"Moore"	2	561	394	306	55	95	255	294	61	69	309	306	66	341	337	48.0	306.0
"ID"	2010	"Howe"	2	188	147	133	6	11	124	127	7	8	135	128	9	129	130	4.0	117.0
"ID"	2010	"CO. TOTAL"	2	1687	1164	872	209	306	724	807	234	253	856	854	241	962	957	190.0	847.0
"ID"	2010	"#1"	2	370	213	161	34	46	143	160	35	36	172	163	43	188	188	30.0	162.0
"ID"	2010	"#2"	2	418	248	182	40	57	162	172	49	51	186	182	50	207	211	34.0	185.0
"ID"	2010	"CO. TOTAL"	2	788	461	343	74	103	305	332	84	87	358	345	93	395	399	64.0	347.0
"ID"	2010	"1"	1	650	412	313	71	70	296	301	61	67	333	325	72	355	353	126.0	238.0
"ID"	2010	"3"	1	1626	1090	889	145	174	810	856	147	142	904	866	160	926	916	318.0	704.0
"ID"	2010	"4"	1	674	353	198	130	146	160	187	129	130	207	195	129	251	259	181.0	122.0
"ID"	2010	"5"	1	983	442	275	139	168	217	247	150	169	257	244	163	328	328	239.0	153.0
"ID"	2010	"6"	1	747	457	311	115	138	269	303	122	132	315	308	133	373	361	209.0	201.0
"ID"	2010	"7"	1	541	228	119	89	85	105	119	80	81	129	124	85	163	160	107.0	90.0
"ID"	2010	"8"	1	871	525	380	112	142	335	360	111	115	396	384	121	436	438	216.0	265.0
"ID"	2010	"9"	1	779	455	322	102	123	284	311	106	104	331	314	117	373	368	186.0	225.0
"ID"	2010	"10"	1	730	454	311	110	142	264	293	113	101	324	298	119	347	357	207.0	200.0
"ID"	2010	"11"	1	3409	1721	1204	413	487	1013	1145	421	421	1235	1182	454	1403	1403	680.0	861.0
"ID"	2010	"12"	1	1836	1084	810	200	277	715	787	223	208	834	768	241	901	898	413.0	563.0
"ID"	2010	"13"	1	1828	871	601	223	272	483	561	234	244	592	563	268	721	709	351.0	430.0
"ID"	2010	"15"	1	744	365	257	79	121	192	240	98	88	258	237	102	296	293	158.0	162.0
"ID"	2010	"18"	1	1757	1161	947	127	175	865	932	121	128	980	933	158	986	979	319.0	726.0
"ID"	2010	"19"	1	702	454	350	59	76	312	346	62	55	380	355	69	385	378	144.0	261.0
"ID"	2010	"20"	1	2069	1291	1029	195	242	921	1004	193	174	1070	991	226	1109	1101	372.0	804.0
"ID"	2010	"21"	1	1202	771	632	93	109	578	628	84	99	646	626	108	679	674	214.0	473.0
"ID"	2010	"22"	1	690	465	374	62	79	333	366	66	57	390	361	77	396	400	141.0	270.0
"ID"	2010	"23"	1	826	538	435	76	108	382	423	81	86	438	422	92	465	456	179.0	310.0
"ID"	2010	"25"	1	481	319	253	47	52	236	255	45	49	258	237	58	261	264	123.0	168.0
"ID"	2010	"27"	1	2592	1335	1049	217	270	920	998	222	229	1056	1017	255	1130	1139	390.0	805.0
"ID"	2010	"28"	1	1493	923	753	114	156	672	733	115	115	770	734	137	802	805	271.0	569.0
"ID"	2010	"29"	1	3102	1642	1212	313	366	1083	1178	301	340	1257	1209	376	1404	1408	591.0	867.0
"ID"	2010	"30"	1	2733	1458	1112	257	303	1004	1074	254	262	1141	1095	293	1232	1235	466.0	853.0
"ID"	2010	"31"	1	1813	1195	969	168	210	854	938	167	164	1006	946	211	1036	1043	380.0	708.0
"ID"	2010	"32"	1	1515	937	709	177	246	588	679	185	165	737	683	210	782	789	344.0	496.0
"ID"	2010	"33"	1	2383	1157	833	240	317	708	801	254	234	891	826	293	989	1003	437.0	594.0
"ID"	2010	"34"	1	1216	555	349	159	178	293	325	170	161	373	344	174	434	429	235.0	237.0
"ID"	2010	"35"	1	1612	869	637	172	240	520	588	194	201	636	613	208	736	729	294.0	475.0
"ID"	2010	"36"	1	1553	799	578	166	215	485	557	182	176	593	560	201	675	671	296.0	410.0
"ID"	2010	"37"	1	1541	931	732	161	238	607	684	174	159	751	706	185	799	805	298.0	552.0
"ID"	2010	"38"	1	2400	1203	886	252	303	731	852	254	241	924	866	291	1014	1014	421.0	638.0
"ID"	2010	"39"	1	2404	1469	1167	233	361	988	1111	256	234	1185	1113	277	1267	1277	503.0	848.0
"ID"	2010	"40"	1	1542	677	375	243	255	313	339	253	245	398	359	272	479	487	330.0	235.0
"ID"	2010	"41"	1	1533	947	735	175	251	581	702	182	183	740	690	218	802	797	335.0	506.0
"ID"	2010	"42"	1	769	392	242	119	141	199	213	121	129	245	243	127	304	303	172.0	171.0
"ID"	2010	"43"	1	1002	520	390	111	134	328	365	114	114	386	365	134	422	423	183.0	283.0
"ID"	2010	"44"	1	1114	585	396	155	181	323	373	161	162	406	370	180	477	486	246.0	262.0
"ID"	2010	"45"	1	1244	836	633	146	167	582	637	146	150	648	614	173	705	696	286.0	464.0
"ID"	2010	"46"	1	2069	1123	847	212	265	736	819	213	210	868	833	237	958	949	369.0	631.0
"ID"	2010	"47"	1	1638	932	678	215	260	551	636	218	206	697	638	248	774	783	375.0	462.0
"ID"	2010	"48"	1	1371	809	611	152	190	534	579	158	159	624	582	190	674	670	280.0	429.0
"ID"	2010	"49"	1	1900	1129	860	228	286	724	811	247	218	881	808	266	958	960	404.0	632.0
"ID"	2010	"50"	1	2052	1155	889	213	262	778	861	213	196	918	869	226	971	993	394.0	660.0
"ID"	2010	"51"	1	1221	720	570	107	148	480	543	108	113	583	551	136	613	606	259.0	386.0
"ID"	2010	"52"	1	991	580	471	66	91	423	472	63	77	481	460	89	502	501	190.0	313.0
"ID"	2010	"54"	1	999	684	545	105	127	483	548	98	93	575	531	125	594	587	231.0	396.0
"ID"	2010	"55"	1	903	588	487	74	102	437	465	83	72	500	462	95	505	512	180.0	359.0
"ID"	2010	"56"	1	2334	1525	1231	197	242	1099	1230	179	209	1258	1210	235	1298	1277	473.0	915.0
"ID"	2010	"57"	1	562	384	295	54	64	254	275	50	56	307	295	61	323	316	122.0	204.0
"ID"	2010	"59"	1	2853	1701	1326	282	399	1133	1243	310	298	1343	1276	334	1398	1414	566.0	997.0
"ID"	2010	"60"	1	1636	1104	870	168	248	752	846	159	157	910	864	191	961	962	320.0	702.0
"ID"	2010	"62"	1	1193	710	553	122	135	498	540	129	119	565	530	138	604	599	281.0	356.0
"ID"	2010	"CO. TOTAL"	2	78428	45030	34000	8360	10537	29431	32679	8580	8497	34930	32995	9738	37776	37763	0.0	0.0
"ID"	2010	"Soda #1"	2	755	354	274	58	115	222	250	74	67	275	270	62	313	319	63.0	266.0
"ID"	2010	"Soda #2"	2	656	332	250	52	119	193	233	68	71	255	262	63	296	290	47.0	253.0
"ID"	2010	"Soda #3"	2	454	219	171	31	75	132	153	48	39	168	160	45	194	191	30.0	166.0
"ID"	2010	"Soda #4"	2	363	200	169	29	70	122	145	42	30	160	164	28	176	178	28.0	160.0
"ID"	2010	"Grace #1"	2	689	408	310	70	137	247	289	82	79	318	320	76	370	368	70.0	305.0
"ID"	2010	"Grace #2"	2	406	200	166	19	54	133	157	23	25	166	165	29	186	184	16.0	165.0
"ID"	2010	"Bancroft"	2	477	282	242	26	62	200	225	38	33	241	241	31	263	262	26.0	233.0
"ID"	2010	"Wayan"	2	44	29	28	1	8	20	27	1	2	26	27	1	28	28	1.0	28.0
"ID"	2010	"Freedom"	2	76	45	33	0	9	25	31	1	3	40	37	2	43	42	0.0	31.0
"ID"	2010	"CO. TOTAL"	2	3920	2293	1819	323	721	1434	1669	421	382	1836	1823	379	2066	2061	313.0	1787.0
"ID"	2010	"101 Burley 1"	2	254	103	67	29	30	65	62	34	37	64	66	34	88	85	27.0	64.0
"ID"	2010	"102 Burley 2"	2	308	134	103	27	35	89	93	29	23	108	103	27	120	117	21.0	95.0
"ID"	2010	"103 Burley 3"	2	639	307	251	35	61	220	226	53	47	248	249	46	256	253	32.0	243.0
"ID"	2010	"104 Burley 4"	2	675	381	316	44	82	258	299	58	47	318	313	55	332	328	42.0	302.0
"ID"	2010	"105 Burley 5"	2	606	299	236	41	57	202	232	43	44	246	248	42	260	262	34.0	228.0
"ID"	2010	"106 Burley 6"	2	762	371	290	52	73	261	279	60	58	301	288	69	322	326	51.0	280.0
"ID"	2010	"107 Burley 7"	2	207	89	62	19	27	57	60	25	23	61	60	27	75	75	22.0	55.0
"ID"	2010	"108 Albion"	2	325	214	175	25	38	157	169	31	29	180	179	30	181	181	23.0	157.0
"ID"	2010	"109 Almo"	2	109	75	70	4	5	69	70	4	3	70	71	3	72	71	2.0	68.0
"ID"	2010	"110 Bridge"	2	42	32	27	3	5	27	27	1	4	28	30	1	27	26	1.0	29.0
"ID"	2010	"111 Declo"	2	689	417	364	28	57	325	360	30	33	369	365	34	368	369	23.0	351.0
"ID"	2010	"112 Elba"	2	115	73	67	0	10	50	55	6	4	67	65	6	65	60	3.0	64.0
"ID"	2010	"113 Grandview"	2	453	243	221	12	25	198	214	16	15	224	223	16	225	224	11.0	214.0
"ID"	2010	"114 Heglar-Yale"	2	100	66	63	2	5	58	59	3	3	62	61	5	61	62	2.0	57.0
"ID"	2010	"115 Jackson"	2	205	121	106	12	20	96	102	13	14	104	102	13	108	106	10.0	97.0
"ID"	2010	"116 Malta"	2	314	187	162	15	27	149	158	19	16	167	164	18	179	175	13.0	160.0
"ID"	2010	"117 Oakley 1"	2	305	197	179	7	23	159	170	16	15	174	170	18	177	174	10.0	173.0
"ID"	2010	"118 Oakley 2"	2	420	246	220	11	31	198	219	14	17	221	223	18	223	225	12.0	220.0
"ID"	2010	"119 Parsons"	2	72	47	44	2	5	35	44	0	1	44	41	2	41	40	2.0	41.0
"ID"	2010	"120 Pella"	2	317	190	164	12	27	152	160	15	14	171	171	13	171	170	15.0	158.0
"ID"	2010	"121 Springdale"	2	589	335	296	24	49	253	286	28	22	301	298	24	304	299	23.0	284.0
"ID"	2010	"122 Starrahs Ferry"	2	954	556	475	42	80	418	460	59	52	490	482	58	512	512	41.0	460.0
"ID"	2010	"123 Sublett"	2	44	35	30	1	3	30	28	1	4	27	31	1	32	30	1.0	30.0
"ID"	2010	"124 Unity"	2	661	377	330	27	55	291	322	33	28	338	331	35	345	331	25.0	309.0
"ID"	2010	"125 View"	2	222	132	126	5	5	117	120	7	8	122	122	8	121	118	6.0	114.0
"ID"	2010	"CO. TOTAL"	2	9387	5667	4789	537	929	4250	4599	675	627	4866	4803	678	5037	4978	509.0	4599.0
"ID"	2010	"#1"	2	176	137	104	18	34	81	93	22	20	98	102	21	109	114	15.0	100.0
"ID"	2010	"#2"	2	108	92	77	10	26	58	61	19	18	67	69	13	69	71	11.0	71.0
"ID"	2010	"#3"	2	141	120	102	12	31	88	98	17	18	106	100	18	109	107	8.0	103.0
"ID"	2010	"CO. TOTAL"	2	425	349	283	40	91	227	252	58	56	271	271	52	287	292	34.0	274.0
"ID"	2010	"1 Orofino"	1	684	285	195	70	92	160	174	87	79	196	181	88	229	224	123.0	135.0
"ID"	2010	"2 Orofino"	1	590	340	241	85	102	203	218	99	88	238	220	97	255	258	133.0	179.0
"ID"	2010	"3 Orofino"	1	676	341	224	85	113	188	210	95	87	234	84	223	240	238	144.0	152.0
"ID"	2010	"4 Orofino"	1	414	207	156	41	49	137	149	45	43	153	149	45	174	170	72.0	113.0
"ID"	2010	"5 Orofino"	1	604	321	217	76	113	161	196	94	93	209	210	94	252	246	145.0	140.0
"ID"	2010	"6 Fraser"	1	84	56	47	7	15	36	40	11	11	41	44	8	43	45	21.0	25.0
"ID"	2010	"7 Greer"	1	47	28	7	17	17	7	7	14	18	9	10	18	18	15	16.0	7.0
"ID"	2010	"8 Teakean"	1	219	132	97	25	24	97	95	27	27	98	96	27	107	105	38.0	83.0
"ID"	2010	"9 Weippe"	1	615	321	242	50	62	224	220	70	71	241	232	72	261	257	118.0	156.0
"ID"	2010	"10 Headquarters"	1	20	14	10	3	3	9	10	3	3	10	11	3	12	11	4.0	8.0
"ID"	2010	"11 Ahsahka"	1	347	170	117	43	47	98	109	45	50	109	108	46	129	131	73.0	88.0
"ID"	2010	"12 Pierce"	1	336	189	134	36	36	138	133	40	46	136	141	43	156	153	70.0	94.0
"ID"	2010	"13 Elk River"	1	108	64	40	17	22	35	30	27	23	39	42	20	52	53	30.0	26.0
"ID"	2010	"14 Grangemont"	1	111	91	55	25	32	45	48	27	21	58	51	25	62	59	43.0	29.0
"ID"	2010	"CO. TOTAL"	2	4855	2993	2049	712	891	1768	1887	832	801	2037	1841	953	2299	2270	0.0	0.0
"ID"	2010	"Challis 1"	2	610	291	208	49	56	196	196	47	45	234	230	46	246	243	39.0	195.0
"ID"	2010	"Mackay"	2	362	190	123	48	69	102	113	54	57	121	121	57	149	151	47.0	121.0
"ID"	2010	"Leslie"	2	461	299	239	39	56	213	219	48	46	245	241	46	267	266	31.0	227.0
"ID"	2010	"Battleground"	2	116	92	71	18	18	65	64	21	15	75	69	20	74	74	15.0	66.0
"ID"	2010	"Stanley"	2	230	80	39	30	41	30	38	40	30	44	40	35	47	49	31.0	37.0
"ID"	2010	"Clayton"	2	189	92	70	11	14	61	70	10	10	80	78	10	79	79	11.0	63.0
"ID"	2010	"Round Valley 1"	2	532	303	222	47	50	239	237	31	39	252	245	42	255	254	36.0	188.0
"ID"	2010	"Round Valley 2"	2	339	199	159	25	32	148	145	24	21	168	165	20	172	172	25.0	128.0
"ID"	2010	"Sunol"	2	66	51	39	10	9	41	37	10	10	37	39	9	39	39	9.0	38.0
"ID"	2010	"Absentee"	2	2905	1870	1351	344	419	1267	1287	358	340	1452	1415	355	1531	1535	316.0	1206.0
"ID"	2010	"Mt. Home #1"	2	728	210	158	37	36	154	150	33	39	166	164	39	186	190	32.0	158.0
"ID"	2010	"Mt. Home #2"	2	1129	393	287	84	101	256	275	84	78	300	280	97	338	342	88.0	283.0
"ID"	2010	"Mt. Home #3"	2	985	385	281	77	111	229	253	94	79	294	252	106	314	305	85.0	269.0
"ID"	2010	"Mt. Home #4"	2	864	342	252	74	103	205	231	75	73	254	237	77	279	276	63.0	243.0
"ID"	2010	"Mt. Home #5"	2	942	409	317	69	82	276	299	71	61	328	298	87	351	348	69.0	314.0
"ID"	2010	"Mt. Home #6"	2	780	360	279	69	108	225	250	80	64	283	254	83	300	306	70.0	270.0
"ID"	2010	"Mt. Home #7"	2	867	396	305	72	97	264	295	82	74	310	291	85	327	327	76.0	297.0
"ID"	2010	"Mt. Home #8"	2	1383	562	438	94	147	360	425	107	92	452	429	105	493	485	87.0	427.0
"ID"	2010	"Mt. Home #9"	2	1106	451	337	90	115	282	316	100	100	337	319	102	374	370	94.0	329.0
"ID"	2010	"Atlanta"	2	55	33	16	13	7	19	20	9	9	21	22	8	22	22	9.0	17.0
"ID"	2010	"Camas"	2	22	15	12	2	3	11	8	3	3	12	13	2	13	11	2.0	9.0
"ID"	2010	"Chattin Flats"	2	56	32	32	0	0	30	29	0	0	30	28	0	30	31	0.0	31.0
"ID"	2010	"Glenns Ferry"	2	794	463	330	97	116	293	324	95	95	346	334	100	389	374	81.0	332.0
"ID"	2010	"Hammett"	2	220	126	107	14	24	87	100	19	19	103	98	22	109	111	18.0	103.0
"ID"	2010	"King Hill"	2	208	120	95	20	28	80	91	20	16	102	93	24	105	104	19.0	93.0
"ID"	2010	"Mayfield"	2	201	90	65	20	23	55	66	17	18	69	62	23	78	75	17.0	66.0
"ID"	2010	"Pine"	2	132	59	48	8	6	47	46	8	9	49	46	11	52	52	8.0	47.0
"ID"	2010	"Prairie"	2	78	52	42	4	5	37	41	6	5	43	45	4	44	44	5.0	40.0
"ID"	2010	"CO. TOTAL"	2	10550	5468	4094	1061	1373	3511	3865	1132	1057	4211	3933	1223	4584	4553	1028.0	4013.0
"ID"	2010	"Preston #1"	2	494	269	220	31	83	169	205	39	46	208	215	38	236	228	30.0	216.0
"ID"	2010	"Preston #2"	2	538	286	221	29	67	195	218	31	36	243	247	29	257	241	18.0	227.0
"ID"	2010	"Preston #3"	2	461	259	213	25	64	174	210	31	36	219	225	28	242	225	20.0	208.0
"ID"	2010	"Preston #4"	2	384	194	146	25	52	134	143	32	28	159	155	32	175	163	23.0	151.0
"ID"	2010	"Preston #5"	2	482	274	214	36	63	186	213	42	39	225	235	28	244	224	29.0	212.0
"ID"	2010	"Banida-Winder #6"	2	145	99	82	5	16	75	81	9	7	88	88	7	87	79	9.0	78.0
"ID"	2010	"Clifton-Oxford #7"	2	265	169	125	16	32	115	120	23	22	134	138	16	148	141	17.0	127.0
"ID"	2010	"Dayton #8"	2	453	242	198	25	47	181	195	28	21	213	206	25	218	206	18.0	203.0
"ID"	2010	"Fairview #9"	2	403	237	192	22	59	161	191	28	25	203	200	27	212	202	24.0	185.0
"ID"	2010	"Franklin #10"	2	521	297	232	23	81	181	227	44	41	239	241	36	260	245	29.0	233.0
"ID"	2010	"Mapleton #11"	2	275	156	119	18	44	103	115	25	24	130	132	23	143	137	17.0	118.0
"ID"	2010	"Mink Creek #12"	2	175	112	94	7	26	77	91	11	6	104	103	7	105	101	4.0	97.0
"ID"	2010	"Thatcher-Cleveland #13"	2	137	89	61	15	26	57	62	19	17	71	70	17	80	71	12.0	62.0
"ID"	2010	"Treas-Riverdale #14"	2	317	199	160	17	32	153	158	19	17	174	171	20	178	173	14.0	158.0
"ID"	2010	"Weston #15"	2	470	271	216	26	40	204	219	34	36	226	233	29	245	232	25.0	231.0
"ID"	2010	"Whitney #16"	2	368	229	186	27	60	148	193	21	24	196	197	25	203	190	22.0	189.0
"ID"	2010	"Worm Creek #17"	2	254	135	112	16	27	98	112	20	12	121	117	16	122	115	16.0	113.0
"ID"	2010	"CO. TOTAL"	2	6142	3824	2996	393	890	2612	2977	500	473	3205	3221	438	3403	3214	355.0	3025.0
"ID"	2010	"1 Ashton 1"	2	504	271	222	39	68	182	206	39	40	219	213	43	233	231	31.0	210.0
"ID"	2010	"2 Ashton 2"	2	664	376	307	52	114	242	276	69	60	300	292	64	317	318	43.0	298.0
"ID"	2010	"3 Chester/Twin Groves"	2	624	331	285	30	86	220	247	42	40	274	271	41	275	282	34.0	246.0
"ID"	2010	"4 Drummond/Lamont/Squirrel"	2	157	101	88	8	12	84	86	7	6	91	88	8	90	89	7.0	83.0
"ID"	2010	"5 Egin"	2	616	331	277	23	86	217	254	34	42	271	275	36	289	290	28.0	263.0
"ID"	2010	"6 Island Park"	2	745	316	231	71	99	199	213	80	82	221	225	77	259	259	64.0	216.0
"ID"	2010	"7 Newdale"	2	218	137	130	5	27	105	118	15	13	119	121	13	122	124	7.0	120.0
"ID"	2010	"8 Parker"	2	436	251	220	21	56	184	206	28	33	211	214	28	229	230	19.0	203.0
"ID"	2010	"9 St. Anthony 1"	2	707	351	285	50	119	208	251	67	57	280	273	60	301	306	43.0	278.0
"ID"	2010	"10 St. Anthony 2"	2	443	200	150	39	77	102	126	56	58	135	137	53	158	159	41.0	143.0
"ID"	2010	"11 St. Anthony 3"	2	764	353	299	37	115	207	253	63	77	255	271	58	298	308	44.0	270.0
"ID"	2010	"12 Teton"	2	401	214	168	33	54	143	162	33	32	170	172	31	182	183	31.0	157.0
"ID"	2010	"13 Warm-River/Green Timber"	2	101	75	62	11	19	52	55	13	12	58	57	13	59	57	10.0	60.0
"ID"	2010	"14 Wilford"	2	649	326	287	30	92	211	254	50	49	263	267	44	290	294	28.0	265.0
"ID"	2010	"CO. TOTAL"	2	7029	4068	3348	530	1137	2645	3006	685	685	3209	3203	659	3469	3500	497.0	3134.0
"ID"	2010	"1 Central"	1	684	270	203	51	70	166	209	46	47	206	191	56	228	228	109.0	128.0
"ID"	2010	"2 North Emmett"	1	556	204	152	40	47	131	162	31	47	150	148	48	168	162	91.0	86.0
"ID"	2010	"3 Butteview"	1	766	300	224	56	66	191	229	45	65	219	219	71	244	245	106.0	148.0
"ID"	2010	"4 South Emmett"	1	786	280	199	58	66	179	220	48	52	215	203	66	241	240	97.0	133.0
"ID"	2010	"5 West Emmett"	1	563	254	187	46	51	172	191	37	42	202	190	52	207	208	99.0	123.0
"ID"	2010	"6 Emerson"	1	1402	604	485	85	116	432	505	59	94	484	470	103	511	512	183.0	346.0
"ID"	2010	"7 Lincoln"	1	922	428	348	61	78	305	359	43	57	363	347	69	363	360	166.0	229.0
"ID"	2010	"8 Letha"	1	1035	485	384	58	74	339	364	61	68	394	388	73	404	400	158.0	274.0
"ID"	2010	"9 Hanna"	1	686	343	278	38	48	259	271	33	42	290	270	58	283	284	84.0	230.0
"ID"	2010	"10 Brick"	1	841	418	356	49	60	328	358	39	54	355	347	59	362	367	112.0	269.0
"ID"	2010	"11 Bench"	1	581	276	219	42	57	194	238	29	39	228	208	55	233	232	87.0	160.0
"ID"	2010	"12 Sweet-Montour"	1	513	289	214	62	62	196	219	50	57	222	209	68	222	223	96.0	164.0
"ID"	2010	"13 Ola"	1	112	75	62	9	7	63	67	6	9	62	61	12	62	63	22.0	45.0
"ID"	2010	"CO. TOTAL"	2	9447	5562	4326	909	1073	3901	4460	708	927	4430	4248	1080	4609	4625	0.0	0.0
"ID"	2010	"1 E. Gooding City"	2	543	275	185	68	85	149	175	73	67	200	190	75	236	231	59.0	177.0
"ID"	2010	"2 W. Gooding City"	2	875	444	309	118	175	235	280	140	114	320	291	138	373	372	110.0	307.0
"ID"	2010	"3 Gooding Rural"	2	1467	894	714	117	185	610	675	126	121	737	711	131	768	768	95.0	717.0
"ID"	2010	"4 Wendell City"	2	1050	524	394	99	127	344	377	110	94	414	397	107	459	463	90.0	393.0
"ID"	2010	"5 Wendell Rural"	2	993	524	443	53	93	373	406	79	72	436	436	67	460	461	55.0	423.0
"ID"	2010	"6 Bliss"	2	339	194	132	41	54	107	135	39	47	139	145	44	160	168	32.0	141.0
"ID"	2010	"7 Hagerman"	2	1241	717	531	141	189	446	509	157	148	545	527	157	614	610	135.0	512.0
"ID"	2010	"CO. TOTAL"	2	6508	4007	3015	736	1024	2544	2861	827	756	3126	3015	824	3427	3418	664.0	2984.0
"ID"	2010	"1 Big Butte"	1	77	60	52	6	12	41	45	6	5	52	51	5	52	52	20.0	29.0
"ID"	2010	"2 Clearwater"	1	301	209	135	15	23	122	125	21	15	148	144	19	150	147	40.0	118.0
"ID"	2010	"3 Cottonwood #1"	1	401	244	200	30	37	185	178	39	33	192	188	33	205	205	83.0	139.0
"ID"	2010	"4 Cottonwood #2"	1	381	232	184	35	59	152	164	43	37	182	173	45	193	191	84.0	130.0
"ID"	2010	"5 Elk City"	1	301	129	95	19	19	88	91	23	23	97	91	25	101	100	33.0	76.0
"ID"	2010	"6 Fenn"	1	163	91	84	5	15	65	70	10	8	77	70	10	77	76	32.0	53.0
"ID"	2010	"7 Ferdinand"	1	226	153	117	27	22	110	108	26	23	121	120	28	128	130	56.0	84.0
"ID"	2010	"8 Greencreek"	1	211	154	118	30	42	97	103	33	31	108	86	43	117	112	72.0	73.0
"ID"	2010	"9 Glover"	1	186	109	79	11	18	70	73	11	10	96	92	11	97	98	17.0	73.0
"ID"	2010	"10 Grangeville #1"	1	562	285	212	44	57	187	195	52	56	218	212	53	237	238	107.0	145.0
"ID"	2010	"11 Grangeville #2"	1	520	253	168	55	64	149	166	51	54	182	188	48	213	211	89.0	129.0
"ID"	2010	"12 Grangeville #3"	1	573	266	192	51	61	169	174	58	48	198	187	54	218	218	100.0	135.0
"ID"	2010	"13 Grangeville #4"	1	815	437	329	83	122	280	313	86	80	336	327	86	370	370	165.0	234.0
"ID"	2010	"14 Grangeville #5"	1	875	471	368	74	107	325	338	85	67	369	350	83	398	392	181.0	244.0
"ID"	2010	"15 Harpster"	1	295	173	112	33	40	111	105	32	30	136	122	41	130	127	52.0	99.0
"ID"	2010	"16 Joseph"	1	22	12	6	3	3	7	6	3	3	8	7	4	9	9	7.0	4.0
"ID"	2010	"17 Kamiah"	1	945	536	383	106	129	325	364	111	120	399	397	118	437	437	183.0	284.0
"ID"	2010	"18 Keuterville"	1	221	137	115	19	29	99	98	28	17	113	101	26	123	122	53.0	75.0
"ID"	2010	"19 Kooskia"	1	1159	589	401	100	141	338	369	111	112	454	447	120	477	475	159.0	343.0
"ID"	2010	"20 Lowell"	1	107	78	52	21	24	43	48	24	24	52	58	20	62	60	30.0	37.0
"ID"	2010	"21 Pollock"	1	350	170	116	32	39	114	108	32	33	128	130	32	146	143	54.0	91.0
"ID"	2010	"22 Riggins"	1	533	286	199	59	62	182	195	60	62	215	216	59	239	243	87.0	169.0
"ID"	2010	"23 Slate Creek"	1	161	106	88	14	17	84	85	14	18	88	89	18	94	95	39.0	53.0
"ID"	2010	"24 Stites"	1	343	178	133	27	35	108	120	29	23	144	141	27	149	148	58.0	96.0
"ID"	2010	"25 Whitebird"	1	334	173	128	28	29	118	131	28	33	131	128	36	148	146	67.0	92.0
"ID"	2010	"26 Woodland"	1	187	106	78	11	15	68	69	11	11	90	78	18	83	80	18.0	69.0
"ID"	2010	"CO. TOTAL"	2	10249	6760	4933	1162	1505	4324	4571	1282	1199	5173	5006	1303	5540	5509	0.0	0.0
"ID"	2010	"Annis"	2	313	190	167	13	35	144	162	13	13	171	169	17	168	170	12.0	157.0
"ID"	2010	"Clark"	2	942	542	437	69	151	346	407	88	86	444	442	81	473	475	68.0	424.0
"ID"	2010	"Garfield"	2	1423	770	638	80	225	459	583	97	101	653	646	95	694	700	64.0	587.0
"ID"	2010	"Grant"	2	652	409	339	40	84	290	318	48	56	344	349	50	361	361	35.0	320.0
"ID"	2010	"Hamer"	2	292	187	160	15	24	154	157	16	17	166	169	15	168	172	11.0	156.0
"ID"	2010	"Labelle"	2	717	462	378	53	117	312	357	75	65	382	374	72	395	399	49.0	368.0
"ID"	2010	"Lewisville"	2	694	349	287	36	82	242	268	51	56	287	287	49	309	303	36.0	286.0
"ID"	2010	"Lorenzo"	2	238	154	125	18	42	100	114	25	25	128	123	24	131	134	21.0	116.0
"ID"	2010	"Menan"	2	786	486	407	49	117	331	390	59	62	414	408	62	429	434	48.0	395.0
"ID"	2010	"Monteview"	2	233	146	126	11	18	116	124	9	12	128	128	12	126	127	15.0	117.0
"ID"	2010	"Rigby 1"	2	654	343	271	49	103	204	251	64	58	275	273	62	295	296	39.0	260.0
"ID"	2010	"Rigby 2"	2	446	220	165	39	80	110	147	52	44	167	166	46	191	195	39.0	153.0
"ID"	2010	"Rigby 3"	2	2062	1034	862	109	278	668	813	134	162	846	870	137	931	945	90.0	851.0
"ID"	2010	"Rigby 4"	2	1018	535	420	76	157	332	372	104	107	416	420	99	458	461	76.0	398.0
"ID"	2010	"Ririe"	2	845	478	388	68	135	310	357	77	74	395	381	80	427	431	57.0	369.0
"ID"	2010	"Roberts"	2	575	297	242	41	79	187	224	50	48	238	231	51	260	256	39.0	231.0
"ID"	2010	"Terreton"	2	549	329	294	23	52	254	288	23	32	290	292	32	305	306	24.0	274.0
"ID"	2010	"CO. TOTAL"	2	12439	7570	6230	880	1923	5024	5827	1086	1115	6270	6255	1080	6674	6721	805.0	5961.0
"ID"	2010	"Bishop-Court"	2	717	325	245	59	82	206	215	78	68	244	234	80	283	281	57.0	235.0
"ID"	2010	"Canyonside"	2	1673	818	655	134	199	556	622	154	133	662	633	158	736	737	123.0	640.0
"ID"	2010	"Eden"	2	492	254	208	37	69	156	190	47	48	197	197	46	225	232	41.0	191.0
"ID"	2010	"Falls City"	2	492	271	210	44	58	184	196	47	46	212	205	51	227	227	44.0	192.0
"ID"	2010	"Hazelton"	2	869	438	372	44	78	320	337	63	61	361	349	70	399	401	46.0	338.0
"ID"	2010	"Northeast"	2	1099	528	415	82	137	342	372	110	96	409	392	114	458	463	76.0	409.0
"ID"	2010	"Northwest"	2	753	329	234	70	92	203	213	87	76	243	237	81	297	292	71.0	234.0
"ID"	2010	"Shepherd-View"	2	1014	510	402	82	124	338	375	99	89	400	390	98	448	448	69.0	404.0
"ID"	2010	"Southeast"	2	480	216	152	46	54	130	146	53	51	156	147	57	182	184	45.0	151.0
"ID"	2010	"Southwest"	2	969	401	304	80	93	266	303	77	75	317	315	79	348	355	69.0	304.0
"ID"	2010	"CO. TOTAL"	2	8558	4742	3709	782	1129	3138	3448	923	840	3728	3607	946	4150	4177	736.0	3587.0
"ID"	2010	"1"	1	1145	529	383	108	104	377	361	103	115	382	371	122	427	426	180.0	283.0
"ID"	2010	"2"	1	1174	531	429	71	80	416	426	74	75	438	434	80	454	457	147.0	334.0
"ID"	2010	"3"	1	1228	601	460	98	112	443	444	106	107	472	461	115	520	512	184.0	336.0
"ID"	2010	"4"	1	867	457	301	119	124	283	300	121	119	320	306	127	367	371	179.0	220.0
"ID"	2010	"5"	1	1375	554	415	105	124	382	397	115	114	426	413	121	476	470	194.0	301.0
"ID"	2010	"6"	1	1662	765	625	99	112	606	600	101	114	620	609	118	674	667	208.0	463.0
"ID"	2010	"7"	1	1371	680	488	143	152	480	469	151	153	507	495	160	557	561	227.0	380.0
"ID"	2010	"8"	1	1880	824	627	149	161	597	598	163	157	638	607	185	718	706	267.0	480.0
"ID"	2010	"9"	1	1491	607	456	116	123	436	429	127	134	455	447	140	519	513	207.0	324.0
"ID"	2010	"10"	1	665	255	178	67	72	163	175	60	62	186	179	62	206	208	104.0	125.0
"ID"	2010	"11"	1	1061	433	317	92	92	289	298	93	106	318	316	102	366	363	151.0	222.0
"ID"	2010	"12"	1	601	251	194	47	53	184	189	47	44	198	186	59	221	222	79.0	145.0
"ID"	2010	"13"	1	590	246	198	35	39	197	195	40	37	199	193	44	212	205	75.0	161.0
"ID"	2010	"14"	1	1118	433	318	89	95	289	303	95	95	322	324	98	358	357	138.0	231.0
"ID"	2010	"15"	1	1442	619	470	126	130	458	468	125	136	471	467	131	524	523	233.0	343.0
"ID"	2010	"16"	1	1531	681	513	144	150	491	500	140	139	515	487	161	558	553	245.0	389.0
"ID"	2010	"17"	1	887	396	302	77	71	297	298	66	68	319	306	77	348	344	138.0	216.0
"ID"	2010	"18"	1	1714	662	478	143	153	460	458	152	153	491	476	159	564	561	242.0	356.0
"ID"	2010	"19"	1	1215	488	364	105	118	353	345	114	105	363	352	113	408	399	190.0	256.0
"ID"	2010	"20"	1	1578	519	378	116	126	346	347	121	114	376	359	127	424	424	172.0	300.0
"ID"	2010	"21"	1	988	412	291	105	113	271	275	104	99	296	279	112	332	324	170.0	200.0
"ID"	2010	"22"	1	1477	619	457	144	155	432	448	142	129	469	457	138	514	507	238.0	344.0
"ID"	2010	"23"	1	1057	378	277	72	81	257	270	74	83	286	280	89	327	328	137.0	201.0
"ID"	2010	"24"	1	809	321	236	72	86	212	236	69	75	238	239	74	283	278	119.0	152.0
"ID"	2010	"25"	1	1404	539	364	140	134	343	347	146	146	373	366	148	443	444	210.0	275.0
"ID"	2010	"26"	1	735	297	216	65	63	209	204	67	78	211	214	71	253	255	112.0	144.0
"ID"	2010	"27"	1	768	267	202	52	53	188	176	66	67	190	191	65	238	233	107.0	130.0
"ID"	2010	"28"	1	1790	739	556	150	154	520	537	150	158	555	551	163	645	645	228.0	430.0
"ID"	2010	"29"	1	816	333	226	84	76	225	226	80	90	232	239	83	295	293	130.0	159.0
"ID"	2010	"30"	1	1280	443	330	85	84	317	329	80	94	343	352	84	391	389	134.0	256.0
"ID"	2010	"31"	1	453	147	104	32	31	103	94	35	37	98	101	33	117	118	59.0	72.0
"ID"	2010	"32"	1	1052	387	261	95	99	249	244	111	104	269	269	106	337	336	167.0	182.0
"ID"	2010	"33"	1	695	265	178	66	70	171	181	68	62	195	187	71	221	216	104.0	138.0
"ID"	2010	"34"	1	1382	579	431	120	136	412	422	124	122	439	421	136	481	487	218.0	317.0
"ID"	2010	"35"	1	941	382	273	83	92	258	267	84	83	285	274	94	314	315	125.0	228.0
"ID"	2010	"36"	1	1188	457	358	80	83	346	345	84	80	360	351	85	389	387	142.0	274.0
"ID"	2010	"37"	1	826	360	232	105	104	211	220	102	109	236	221	119	295	288	167.0	158.0
"ID"	2010	"38"	1	2928	1147	838	239	279	776	809	254	271	837	832	268	982	979	415.0	632.0
"ID"	2010	"39"	1	1701	579	405	145	156	396	389	157	143	422	397	163	480	476	210.0	312.0
"ID"	2010	"40"	1	1136	570	442	105	119	417	409	115	116	436	421	124	486	481	197.0	325.0
"ID"	2010	"41"	1	937	358	253	92	105	235	253	86	84	258	241	99	296	293	148.0	189.0
"ID"	2010	"42"	1	611	247	168	70	78	150	149	86	86	156	156	86	217	214	105.0	113.0
"ID"	2010	"43"	1	807	305	202	92	104	181	186	103	95	201	183	109	256	253	144.0	121.0
"ID"	2010	"44"	1	995	293	205	73	76	192	191	82	87	198	205	80	241	241	118.0	144.0
"ID"	2010	"45"	1	1388	518	341	147	159	321	330	153	141	359	332	166	419	419	229.0	228.0
"ID"	2010	"46"	1	1591	653	471	145	167	447	447	161	146	482	445	175	532	528	264.0	337.0
"ID"	2010	"47"	1	779	268	171	77	81	164	167	82	91	167	163	93	216	211	116.0	119.0
"ID"	2010	"48"	1	886	328	212	91	96	192	202	89	96	208	203	99	243	239	146.0	151.0
"ID"	2010	"49"	1	825	332	205	110	120	193	185	122	113	206	194	121	262	260	152.0	154.0
"ID"	2010	"50"	1	1171	475	345	113	141	306	311	126	121	336	314	137	390	384	196.0	243.0
"ID"	2010	"51"	1	665	200	104	75	74	101	100	73	80	109	112	77	152	155	107.0	72.0
"ID"	2010	"52"	1	740	311	195	101	104	178	185	102	103	199	189	108	253	254	142.0	130.0
"ID"	2010	"53"	1	952	302	161	119	119	162	159	115	125	169	162	129	228	225	147.0	118.0
"ID"	2010	"54"	1	976	282	150	116	132	132	131	129	114	153	133	131	185	187	150.0	105.0
"ID"	2010	"55"	1	800	265	131	115	112	125	127	115	112	140	135	116	195	193	133.0	104.0
"ID"	2010	"56"	1	723	270	128	122	117	124	123	131	127	136	127	133	197	198	163.0	77.0
"ID"	2010	"57"	1	815	337	188	129	141	175	177	131	134	189	180	139	240	234	174.0	137.0
"ID"	2010	"58"	1	967	351	163	162	180	144	152	170	155	178	151	178	236	231	210.0	106.0
"ID"	2010	"59"	1	662	231	105	109	100	111	103	107	107	112	103	114	162	161	127.0	69.0
"ID"	2010	"60"	1	551	176	92	70	71	88	88	73	74	94	92	75	125	124	95.0	64.0
"ID"	2010	"61"	1	1063	424	314	82	97	298	303	84	86	322	299	97	351	352	144.0	245.0
"ID"	2010	"62"	1	517	282	186	87	91	177	178	89	88	186	178	93	223	220	121.0	130.0
"ID"	2010	"63"	1	1144	551	443	83	85	424	427	83	87	440	427	91	468	473	166.0	343.0
"ID"	2010	"64"	1	711	276	227	39	44	215	214	43	39	231	231	37	251	251	88.0	170.0
"ID"	2010	"65"	1	812	411	308	82	102	283	303	90	79	320	298	101	337	340	148.0	228.0
"ID"	2010	"66"	1	888	468	342	115	119	313	326	112	116	334	325	124	389	383	182.0	252.0
"ID"	2010	"67"	1	562	218	157	53	49	163	157	51	53	160	159	51	183	181	92.0	115.0
"ID"	2010	"68"	1	223	115	80	27	31	73	77	31	30	84	77	33	91	92	47.0	53.0
"ID"	2010	"69"	1	1092	370	241	113	109	233	229	116	113	250	235	121	303	297	163.0	170.0
"ID"	2010	"70"	1	269	122	75	40	38	76	74	43	39	79	76	38	95	93	66.0	44.0
"ID"	2010	"71"	1	378	203	133	59	59	122	133	57	54	141	142	54	166	170	93.0	87.0
"ID"	2010	"CO. TOTAL"	2	73521	42719	29983	10476	11246	28381	28820	10838	10703	30557	29473	11438	35107	34928	0.0	0.0
"ID"	2010	"Moscow 1"	1	527	109	58	46	56	39	45	55	52	50	53	49	85	87	69.0	31.0
"ID"	2010	"Moscow 2"	1	1319	421	233	164	170	201	219	160	147	239	223	161	305	306	209.0	160.0
"ID"	2010	"Moscow 3"	1	997	418	226	172	204	184	209	170	160	235	222	166	298	299	221.0	169.0
"ID"	2010	"Moscow 4"	1	932	461	281	157	208	215	249	173	161	276	247	178	329	330	264.0	167.0
"ID"	2010	"Moscow 5"	1	1156	632	354	248	287	301	332	257	248	352	330	260	462	460	348.0	215.0
"ID"	2010	"Moscow 6"	1	970	322	125	183	194	99	112	179	176	126	108	188	207	200	195.0	86.0
"ID"	2010	"Moscow 7"	1	873	374	213	135	151	193	202	136	132	225	207	134	264	272	175.0	169.0
"ID"	2010	"Moscow 8"	1	496	103	62	38	45	47	60	28	32	60	55	33	73	73	58.0	43.0
"ID"	2010	"Moscow 9"	1	816	445	218	205	238	179	189	219	201	221	204	211	312	304	271.0	133.0
"ID"	2010	"Moscow 10"	1	903	438	185	233	266	139	169	232	211	197	171	231	277	274	292.0	104.0
"ID"	2010	"Moscow 11"	1	903	422	167	219	237	133	149	222	208	173	155	219	257	252	244.0	116.0
"ID"	2010	"Moscow 12"	1	990	466	288	159	199	234	254	180	151	285	257	172	346	342	255.0	172.0
"ID"	2010	"Moscow 13"	1	716	309	125	166	190	100	115	163	158	130	113	169	187	182	199.0	88.0
"ID"	2010	"Moscow 14"	1	941	367	146	193	199	123	121	198	175	157	141	183	223	214	205.0	105.0
"ID"	2010	"Moscow 15"	1	1106	497	186	293	318	146	171	294	279	194	171	288	295	299	325.0	135.0
"ID"	2010	"Moscow 16"	1	924	277	99	158	155	84	91	148	154	96	104	143	172	172	165.0	62.0
"ID"	2010	"Moscow 17"	1	834	433	233	174	200	201	208	177	163	236	223	167	291	292	240.0	156.0
"ID"	2010	"Moscow 18"	1	877	199	94	90	103	78	86	94	91	92	81	98	139	135	114.0	57.0
"ID"	2010	"Deary 19"	1	763	441	293	119	146	261	263	134	126	291	282	132	358	357	208.0	183.0
"ID"	2010	"Farmington 20"	1	36	20	18	2	1	18	17	3	2	18	18	2	19	19	10.0	10.0
"ID"	2010	"Genesee 21"	1	944	511	335	157	161	303	319	152	144	346	334	153	400	407	263.0	199.0
"ID"	2010	"Harvard 22"	1	244	139	106	31	38	92	106	31	31	107	105	30	121	120	57.0	73.0
"ID"	2010	"Juliaetta 23"	1	430	225	137	76	81	124	128	81	70	144	136	77	176	177	108.0	101.0
"ID"	2010	"Kendrick 24"	1	376	220	139	69	80	125	120	75	72	134	132	75	172	170	114.0	84.0
"ID"	2010	"Linden 25"	1	82	62	52	8	14	45	44	14	11	47	41	14	52	53	28.0	30.0
"ID"	2010	"Palouse 26"	1	303	162	102	51	49	93	96	50	48	105	102	50	131	131	83.0	62.0
"ID"	2010	"Potlatch 27"	1	803	435	262	139	150	237	247	139	127	279	279	125	366	362	197.0	190.0
"ID"	2010	"Princeton 28"	1	416	270	209	52	64	191	196	56	51	208	199	61	228	223	106.0	146.0
"ID"	2010	"Troy 29"	1	1282	767	463	259	299	415	430	277	260	472	460	259	600	589	386.0	316.0
"ID"	2010	"Viola 30"	1	361	220	143	63	83	115	134	60	62	143	134	63	163	156	103.0	92.0
"ID"	2010	"Cora 31"	1	217	132	93	32	30	91	81	33	31	97	95	31	113	111	54.0	64.0
"ID"	2010	"Bovill 32"	1	175	106	55	34	39	53	45	40	43	53	53	41	77	79	50.0	36.0
"ID"	2010	"CO. TOTAL"	2	22712	12559	6736	5162	5857	5696	6173	5274	4942	6886	6434	5202	8913	8867	0.0	0.0
"ID"	2010	"Salmon"	2	1317	836	627	151	180	547	574	173	166	618	609	172	675	674	137.0	606.0
"ID"	2010	"Depot"	2	1210	717	576	108	118	524	553	116	115	560	560	115	579	578	100.0	563.0
"ID"	2010	"Brooklyn"	2	1620	1076	764	245	272	656	719	242	246	763	757	245	831	841	209.0	747.0
"ID"	2010	"North Fork"	2	300	204	144	40	44	140	134	48	42	147	137	47	159	159	40.0	141.0
"ID"	2010	"Mineral Hill"	2	44	40	27	7	5	29	26	8	7	30	27	8	31	30	8.0	24.0
"ID"	2010	"Iron Creek"	2	197	139	87	35	40	83	82	44	40	92	89	41	103	107	31.0	82.0
"ID"	2010	"Pahsimeroi"	2	80	59	47	4	6	44	46	6	6	52	53	4	49	51	5.0	46.0
"ID"	2010	"Lemhi"	2	280	194	153	26	31	140	152	25	27	159	155	30	162	158	24.0	141.0
"ID"	2010	"Junction"	2	210	164	128	26	33	109	130	25	27	133	135	21	138	141	25.0	98.0
"ID"	2010	"CO. TOTAL"	2	5258	3429	2553	642	729	2272	2416	687	676	2554	2522	683	2727	2739	579.0	2448.0
"ID"	2010	"Nezperce"	1	437	307	212	84	97	184	202	84	85	216	191	100	244	247	164.0	110.0
"ID"	2010	"West Kamiah"	1	602	329	231	66	93	198	223	78	73	240	233	82	267	265	106.0	189.0
"ID"	2010	"East Kamiah"	1	203	118	96	14	20	83	93	16	19	94	96	19	98	98	27.0	79.0
"ID"	2010	"Craigmont"	1	402	286	205	58	71	183	195	66	60	213	208	65	242	241	124.0	136.0
"ID"	2010	"Winchester"	1	339	208	160	35	57	132	148	44	40	158	161	38	184	182	76.0	112.0
"ID"	2010	"Reubens"	1	50	29	19	6	8	14	16	6	6	19	19	6	19	20	13.0	6.0
"ID"	2010	"Mohler"	1	49	41	33	4	9	27	31	6	6	30	30	5	33	33	20.0	17.0
"ID"	2010	"Slickpoo"	1	13	11	7	4	3	6	7	4	3	7	6	4	7	8	7.0	4.0
"ID"	2010	"CO. TOTAL"	2	2095	1329	963	271	358	827	915	304	292	977	944	319	1094	1094	0.0	0.0
"ID"	2010	"1 Shoshone"	2	393	244	165	65	79	135	155	66	60	177	168	68	189	189	61.0	164.0
"ID"	2010	"2 Shoshone"	2	420	234	164	56	86	123	148	63	60	167	160	62	200	200	52.0	164.0
"ID"	2010	"3 N. Shoshone"	2	404	210	172	39	59	136	156	46	34	182	173	40	192	195	42.0	162.0
"ID"	2010	"4 Richfield"	2	562	298	226	50	73	204	216	64	57	230	225	62	254	252	54.0	225.0
"ID"	2010	"5 Dietrich"	2	375	246	214	25	54	160	211	28	22	219	219	26	227	233	20.0	213.0
"ID"	2010	"6 Kimama"	2	26	21	15	1	3	15	16	1	1	19	18	1	16	16	2.0	12.0
"ID"	2010	"CO. TOTAL"	2	2180	1253	956	236	354	773	902	268	234	994	963	259	1078	1085	231.0	940.0
"ID"	2010	"1"	2	351	218	184	15	47	146	171	19	32	174	181	22	186	189	10.0	173.0
"ID"	2010	"2"	2	1044	512	427	58	136	343	401	71	68	426	430	61	443	451	48.0	412.0
"ID"	2010	"3"	2	1170	637	565	40	181	417	518	68	68	539	542	54	563	571	38.0	528.0
"ID"	2010	"4"	2	446	250	218	16	57	178	200	28	22	210	203	26	218	222	20.0	201.0
"ID"	2010	"5"	2	1248	520	436	61	194	300	370	99	96	395	406	85	459	456	61.0	408.0
"ID"	2010	"6"	2	1043	612	533	56	217	361	478	92	87	504	493	87	545	548	60.0	507.0
"ID"	2010	"7"	2	1245	605	526	39	205	360	456	75	79	482	496	56	538	545	31.0	495.0
"ID"	2010	"8"	2	2157	817	685	73	344	434	595	135	129	641	645	120	717	723	91.0	644.0
"ID"	2010	"9"	2	670	178	142	23	66	94	119	35	27	136	134	25	146	144	19.0	145.0
"ID"	2010	"10"	2	747	138	111	15	33	87	102	17	15	114	110	16	120	120	15.0	106.0
"ID"	2010	"11"	2	267	55	45	6	16	31	43	4	5	47	42	6	46	45	5.0	41.0
"ID"	2010	"12"	2	266	21	17	0	6	15	15	0	0	18	17	0	18	18	0.0	18.0
"ID"	2010	"13"	2	127	21	18	0	3	16	15	2	0	20	18	0	20	20	0.0	16.0
"ID"	2010	"14"	2	499	131	101	8	56	60	80	23	17	100	97	21	113	117	9.0	98.0
"ID"	2010	"15"	2	1372	529	465	42	175	334	431	62	58	445	438	57	474	473	35.0	457.0
"ID"	2010	"16"	2	1800	916	746	121	391	489	677	161	150	717	724	137	796	803	107.0	727.0
"ID"	2010	"17"	2	235	133	123	6	25	95	113	11	9	117	114	13	115	119	9.0	110.0
"ID"	2010	"18"	2	821	442	375	38	131	278	338	53	60	360	363	52	382	379	39.0	357.0
"ID"	2010	"19"	2	719	375	320	34	103	245	293	51	57	295	305	44	327	327	35.0	309.0
"ID"	2010	"CO. TOTAL"	2	16227	7810	6616	734	2594	4739	5933	1119	1085	6304	6317	980	6817	6873	708.0	6302.0
"ID"	2010	"1 Acequia"	2	733	374	310	41	63	278	303	50	49	312	309	53	325	328	38.0	297.0
"ID"	2010	"2 Emerson"	2	938	546	454	61	86	424	440	75	74	462	460	75	486	499	63.0	439.0
"ID"	2010	"3 Heyburn #1"	2	862	420	311	73	98	276	301	86	85	318	312	88	339	346	75.0	290.0
"ID"	2010	"4 Heyburn #2"	2	950	492	399	60	94	358	395	70	61	417	406	78	441	447	66.0	381.0
"ID"	2010	"5 Paul"	2	798	456	353	75	107	316	343	84	96	351	348	94	387	392	87.0	323.0
"ID"	2010	"6 Pioneer"	2	902	505	434	39	75	377	427	39	47	445	448	40	467	467	32.0	418.0
"ID"	2010	"7 Rupert #1"	2	640	336	253	62	106	199	235	83	80	247	251	76	294	298	56.0	251.0
"ID"	2010	"8 Rupert #2"	2	718	376	290	55	56	270	292	62	62	300	296	68	327	332	46.0	277.0
"ID"	2010	"9 Rupert #3"	2	472	199	134	49	59	120	123	51	54	137	136	51	167	173	50.0	117.0
"ID"	2010	"10 Rupert #4"	2	694	369	277	69	82	249	274	66	66	287	284	66	300	310	64.0	263.0
"ID"	2010	"11 Rupert #5"	2	609	289	226	41	62	201	217	50	45	234	224	51	255	260	43.0	222.0
"ID"	2010	"CO. TOTAL"	2	8316	4909	3846	708	1000	3448	3737	817	811	3938	3892	835	4225	4299	694.0	3684.0
"ID"	2010	"Lewiston 1"	1	273	75	43	25	25	35	40	29	29	44	45	28	58	59	35.0	30.0
"ID"	2010	"Lewiston 2"	1	382	148	79	61	73	67	67	69	63	79	78	63	118	118	81.0	50.0
"ID"	2010	"Lewiston 3"	1	324	145	72	63	70	66	64	65	60	74	77	59	99	101	80.0	51.0
"ID"	2010	"Lewiston 4"	1	424	210	119	80	92	99	112	86	83	119	112	89	171	165	127.0	64.0
"ID"	2010	"Lewiston 5"	1	404	210	148	51	71	126	134	62	61	139	147	57	177	174	96.0	94.0
"ID"	2010	"Lewiston 6"	1	710	355	270	76	93	243	257	78	74	270	258	84	300	302	152.0	173.0
"ID"	2010	"Lewiston 7"	1	652	313	189	106	116	167	177	115	111	192	181	115	247	250	155.0	130.0
"ID"	2010	"Lewiston 8"	1	579	318	222	87	121	178	196	106	85	225	198	108	259	265	172.0	125.0
"ID"	2010	"Lewiston 9"	1	720	338	205	121	164	153	173	142	132	197	184	141	263	262	194.0	117.0
"ID"	2010	"Lewiston 10"	1	595	259	166	81	88	153	148	93	90	155	147	94	223	220	130.0	105.0
"ID"	2010	"Lewiston 11"	1	522	234	122	100	99	119	113	102	99	119	113	105	183	184	131.0	91.0
"ID"	2010	"Lewiston 12"	1	1033	604	449	144	180	401	415	156	143	436	414	163	515	508	288.0	291.0
"ID"	2010	"Lewiston 13"	1	1064	486	336	139	170	286	307	150	133	336	304	151	403	391	242.0	214.0
"ID"	2010	"Lewiston 14"	1	542	241	159	72	82	128	145	80	76	156	153	79	199	192	116.0	95.0
"ID"	2010	"Lewiston 15"	1	1052	401	253	133	155	220	221	152	141	246	229	153	322	322	215.0	161.0
"ID"	2010	"Lewiston 16"	1	714	275	197	68	88	164	168	86	74	192	174	89	233	228	131.0	121.0
"ID"	2010	"Lewiston 17"	1	603	253	174	64	75	150	150	76	75	161	151	83	204	203	121.0	113.0
"ID"	2010	"Lewiston 18"	1	738	353	257	83	112	215	221	104	94	245	232	105	297	299	180.0	150.0
"ID"	2010	"Lewiston 19"	1	445	209	141	54	54	135	136	55	54	142	131	65	169	173	98.0	91.0
"ID"	2010	"Lewiston 20"	1	684	299	208	78	90	180	191	87	84	204	203	87	251	251	132.0	142.0
"ID"	2010	"Lewiston 21"	1	893	502	352	123	145	309	317	142	132	351	338	142	434	431	226.0	228.0
"ID"	2010	"Lewiston 22"	1	633	287	200	78	90	176	186	84	77	203	196	80	256	255	124.0	135.0
"ID"	2010	"Lewiston 23"	1	835	451	311	121	134	276	287	138	138	296	291	133	385	377	212.0	205.0
"ID"	2010	"Lewiston 24"	1	928	482	317	134	163	278	289	153	149	311	293	166	387	380	233.0	200.0
"ID"	2010	"Lewiston 25"	1	965	535	389	115	149	339	339	143	136	367	366	135	444	438	233.0	243.0
"ID"	2010	"Lewiston 26"	1	957	477	332	120	160	278	301	135	131	324	301	139	403	397	216.0	215.0
"ID"	2010	"Culdesac 30"	1	370	211	137	64	69	118	130	69	69	133	134	64	172	166	99.0	84.0
"ID"	2010	"Gifford 31"	1	165	104	80	17	25	68	76	20	21	81	77	21	88	87	45.0	45.0
"ID"	2010	"Hatwai 32"	1	398	183	133	40	45	116	127	39	44	128	136	36	153	153	71.0	93.0
"ID"	2010	"Lapwai 33"	1	898	305	137	152	205	75	74	212	171	120	84	203	209	207	225.0	55.0
"ID"	2010	"Leland 34"	1	241	134	110	20	24	101	114	18	17	114	107	23	120	121	45.0	82.0
"ID"	2010	"Lenore 35"	1	277	146	88	53	54	75	78	51	57	85	83	60	119	115	69.0	53.0
"ID"	2010	"Peck 36"	1	268	150	105	33	53	85	91	46	41	102	94	49	121	120	68.0	60.0
"ID"	2010	"Rimrock 37"	1	114	58	47	10	18	34	41	14	14	42	45	11	52	48	27.0	28.0
"ID"	2010	"Spalding 38"	1	411	186	133	44	59	111	122	51	47	132	123	51	155	147	84.0	84.0
"ID"	2010	"Tammany 39"	1	630	326	255	55	71	232	226	78	76	232	229	77	276	273	129.0	170.0
"ID"	2010	"Webb 40"	1	213	93	64	22	30	55	58	26	25	63	61	28	73	75	42.0	45.0
"ID"	2010	"CO. TOTAL"	2	21656	12770	8492	3695	4438	7289	7644	4183	3921	8326	7900	4210	10395	10292	0.0	0.0
"ID"	2010	"Malad 1"	2	751	456	358	75	98	326	331	82	84	354	364	70	392	396	69.0	353.0
"ID"	2010	"Malad 2"	2	607	385	289	67	93	266	247	89	79	272	282	68	299	297	65.0	285.0
"ID"	2010	"Malad 3"	2	651	392	322	45	68	288	280	71	63	311	309	64	349	346	45.0	311.0
"ID"	2010	"Malad 4"	2	438	279	238	20	35	224	232	25	27	244	241	24	257	255	21.0	235.0
"ID"	2010	"Curlew 5"	2	110	83	69	4	6	67	69	4	5	72	68	7	72	72	4.0	65.0
"ID"	2010	"Holbrook 6"	2	76	61	53	2	8	48	45	5	2	54	51	4	58	57	2.0	51.0
"ID"	2010	"CO. TOTAL"	2	2633	1656	1329	213	308	1219	1204	276	260	1307	1315	237	1427	1423	206.0	1300.0
"ID"	2010	"1 N. Homedale"	1	744	369	285	67	80	246	275	68	78	288	257	90	332	328	126.0	192.0
"ID"	2010	"2 S. Homedale"	1	941	502	414	59	79	366	399	63	58	425	393	80	441	441	171.0	271.0
"ID"	2010	"3 N. Marsing"	1	663	331	252	51	46	240	257	44	47	273	270	49	284	287	97.0	188.0
"ID"	2010	"4 S. Marsing"	1	699	362	282	57	62	250	272	60	62	292	285	69	316	314	124.0	212.0
"ID"	2010	"5 Pleasant Valley"	1	71	53	52	0	0	53	51	0	0	51	52	0	50	50	18.0	34.0
"ID"	2010	"6 Wilson"	1	471	312	225	40	45	220	224	37	39	239	232	46	255	256	80.0	185.0
"ID"	2010	"7 Murphy"	1	255	147	129	16	26	114	129	14	17	130	127	19	134	131	45.0	89.0
"ID"	2010	"8 Oreana"	1	145	83	70	5	8	68	72	5	6	73	74	6	75	74	24.0	50.0
"ID"	2010	"9 Grand View"	1	465	259	219	24	35	196	215	20	19	235	218	30	240	242	102.0	128.0
"ID"	2010	"10 Bruneau"	1	341	215	172	24	31	159	169	25	20	177	166	32	175	173	68.0	117.0
"ID"	2010	"11 Riddle"	1	56	31	14	12	11	16	12	16	19	12	13	16	19	21	23.0	5.0
"ID"	2010	"12 Three Creek"	1	28	20	14	2	4	13	14	3	3	16	15	4	16	16	7.0	8.0
"ID"	2010	"CO. TOTAL"	2	4879	2932	2319	397	472	2128	2285	389	401	2421	2305	476	2554	2552	0.0	0.0
"ID"	2010	"1"	1	953	369	273	61	82	238	274	66	73	282	290	74	325	324	135.0	186.0
"ID"	2010	"2"	1	1948	877	676	138	167	626	674	127	140	715	720	136	752	760	328.0	484.0
"ID"	2010	"3"	1	894	363	271	72	82	236	267	67	71	271	288	66	303	301	161.0	158.0
"ID"	2010	"4"	1	533	204	156	37	36	143	166	28	36	163	172	30	170	171	73.0	106.0
"ID"	2010	"5"	1	1571	685	544	74	106	504	547	90	97	573	568	105	611	614	202.0	409.0
"ID"	2010	"6"	1	1308	570	437	106	116	394	425	558	111	444	451	99	499	497	222.0	299.0
"ID"	2010	"7"	1	307	166	138	18	18	128	140	17	12	149	143	19	155	154	43.0	110.0
"ID"	2010	"8"	1	1638	733	567	118	116	536	581	103	119	597	595	124	649	646	240.0	421.0
"ID"	2010	"9"	1	1157	585	462	72	75	431	465	64	88	473	469	95	521	510	184.0	337.0
"ID"	2010	"10"	1	239	105	83	17	20	76	79	14	13	89	85	16	92	93	34.0	58.0
"ID"	2010	"CO. TOTAL"	2	10548	6085	4684	1001	1104	4342	4696	1394	1023	4877	4882	1043	5251	5248	0.0	0.0
"ID"	2010	"1"	2	712	401	269	116	149	234	248	123	110	273	256	119	321	322	102.0	274.0
"ID"	2010	"2"	2	890	511	351	138	191	274	313	154	142	340	340	137	427	427	124.0	350.0
"ID"	2010	"3"	2	998	560	403	129	204	315	366	148	151	384	386	141	469	469	127.0	396.0
"ID"	2010	"4"	2	346	227	188	30	86	122	171	39	36	184	184	31	207	207	28.0	182.0
"ID"	2010	"5"	2	132	89	81	2	9	76	78	5	4	79	76	7	80	80	2.0	79.0
"ID"	2010	"6"	2	391	205	143	53	63	120	131	66	65	136	134	65	176	175	53.0	137.0
"ID"	2010	"CO. TOTAL"	2	3469	2246	1599	545	811	1268	1456	620	577	1568	1529	577	1865	1867	503.0	1588.0
"ID"	2010	"1 Prichard-Murray"	1	173	128	74	39	36	83	65	49	47	72	67	51	94	95	66.0	45.0
"ID"	2010	"2 Mullan"	1	446	250	81	134	123	86	65	137	137	84	82	132	150	155	162.0	36.0
"ID"	2010	"3 East Wallace"	1	412	184	95	72	70	80	88	72	74	100	90	82	132	142	104.0	48.0
"ID"	2010	"4 West Wallace"	1	345	179	99	61	63	94	90	74	64	102	92	75	135	135	99.0	56.0
"ID"	2010	"5 Silverton"	1	346	193	117	58	58	104	101	62	61	111	100	67	129	136	102.0	59.0
"ID"	2010	"6 East Osburn"	1	517	301	172	104	100	167	152	114	122	160	165	110	229	235	163.0	90.0
"ID"	2010	"7 West Osburn"	1	577	316	181	111	108	172	171	114	116	175	164	124	247	248	167.0	112.0
"ID"	2010	"8 East Kellogg"	1	367	153	95	45	47	94	87	47	52	90	87	53	114	115	78.0	55.0
"ID"	2010	"9 Middle Kellogg"	1	690	315	184	113	107	177	169	118	118	174	168	119	240	249	176.0	98.0
"ID"	2010	"10 West Kellogg"	1	309	134	81	45	57	65	65	56	50	77	66	60	107	107	76.0	44.0
"ID"	2010	"11 Wardner"	1	107	54	29	21	17	29	25	22	21	29	27	22	40	37	38.0	11.0
"ID"	2010	"12 Smelterville"	1	358	171	99	66	60	95	89	66	68	94	93	68	131	135	93.0	55.0
"ID"	2010	"13 East Pinehurst"	1	298	146	94	43	49	89	82	48	47	92	84	50	113	113	67.0	54.0
"ID"	2010	"14 West Pinehurst"	1	855	411	270	116	114	257	237	133	136	249	232	145	332	336	196.0	161.0
"ID"	2010	"15 Kingston-Cataldo"	1	801	440	265	137	136	258	251	142	153	260	259	152	340	348	223.0	155.0
"ID"	2010	"16 Calder"	1	85	75	51	14	20	45	48	15	17	55	48	18	48	54	32.0	32.0
"ID"	2010	"17 Clarkia"	1	39	29	14	12	8	15	15	12	9	19	17	12	20	20	16.0	5.0
"ID"	2010	"18 Avery"	1	45	36	23	10	15	20	23	12	13	21	22	12	23	25	18.0	11.0
"ID"	2010	"CO. TOTAL"	2	6770	3988	2286	1356	1343	2186	2060	1467	1473	2228	2112	1524	2973	3033	0.0	0.0
"ID"	2010	"1"	2	1458	604	345	248	262	283	318	232	225	340	336	225	436	428	211.0	346.0
"ID"	2010	"2"	2	1634	602	346	233	256	301	327	224	224	340	341	218	434	429	210.0	351.0
"ID"	2010	"3"	2	1434	520	256	243	268	218	240	218	208	266	261	208	346	340	207.0	262.0
"ID"	2010	"4"	2	1226	454	257	182	194	229	245	166	165	258	266	147	332	327	151.0	265.0
"ID"	2010	"CO. TOTAL"	2	5752	3437	1766	1564	1706	1470	1628	1478	1440	1763	1745	1401	2274	2250	1355.0	1796.0
"ID"	2010	"Buhl 1"	2	629	340	229	83	87	211	231	74	74	253	253	73	273	274	73.0	230.0
"ID"	2010	"Buhl 2"	2	528	273	203	57	77	174	196	53	50	210	204	57	231	232	47.0	204.0
"ID"	2010	"Buhl 3"	2	412	221	167	47	56	147	167	40	51	162	168	46	194	192	42.0	167.0
"ID"	2010	"Buhl 4"	2	549	273	182	69	77	150	175	74	78	185	188	78	219	223	62.0	181.0
"ID"	2010	"Buhl 5"	2	329	150	98	44	55	83	89	51	48	98	99	45	120	122	42.0	92.0
"ID"	2010	"Buhl 6"	2	233	123	85	33	40	68	77	33	40	79	82	35	98	99	28.0	82.0
"ID"	2010	"Buhl 7"	2	809	422	302	77	95	262	297	82	78	326	317	81	351	357	75.0	296.0
"ID"	2010	"Castleford"	2	462	255	196	34	52	188	192	40	46	201	210	35	222	221	35.0	194.0
"ID"	2010	"Clover"	2	194	107	86	11	20	76	82	13	11	94	94	9	93	95	12.0	81.0
"ID"	2010	"Deep Creek"	2	546	324	228	74	83	215	230	70	64	247	234	70	261	266	62.0	229.0
"ID"	2010	"Filer 1"	2	743	379	293	68	106	236	273	84	79	291	289	82	337	331	64.0	287.0
"ID"	2010	"Filer 2"	2	765	390	309	65	97	260	295	68	63	317	303	75	338	347	52.0	294.0
"ID"	2010	"Filer 3"	2	944	478	377	78	107	306	350	91	83	381	377	81	417	421	74.0	359.0
"ID"	2010	"Hansen"	2	1278	621	497	77	142	415	475	88	89	504	508	93	545	542	76.0	469.0
"ID"	2010	"Hollister"	2	598	324	262	40	56	228	259	43	45	273	273	39	281	281	39.0	249.0
"ID"	2010	"Kimberly 1"	2	963	503	382	90	136	316	362	99	105	382	367	115	428	430	91.0	371.0
"ID"	2010	"Kimberly 2"	2	1145	591	464	87	147	385	448	94	96	474	451	118	521	524	82.0	451.0
"ID"	2010	"Kimberly 3"	2	609	288	243	35	64	203	231	38	38	243	245	34	255	254	33.0	234.0
"ID"	2010	"Maroa"	2	313	181	150	17	38	128	143	26	22	156	152	26	157	162	15.0	147.0
"ID"	2010	"Murtaugh"	2	370	179	147	23	42	116	132	32	26	142	139	29	160	159	17.0	149.0
"ID"	2010	"Outside T.F. 21"	2	254	115	98	15	32	78	93	12	13	99	92	18	99	101	11.0	93.0
"ID"	2010	"Outside T.F. 22"	2	888	431	347	64	110	281	309	87	71	351	341	80	375	368	62.0	333.0
"ID"	2010	"Outside T.F. 23"	2	1065	485	372	86	130	297	348	98	86	380	370	95	418	413	85.0	342.0
"ID"	2010	"Outside T.F. 24"	2	707	336	264	61	104	204	250	66	55	273	254	74	293	291	56.0	260.0
"ID"	2010	"Outside T.F. 25"	2	1115	547	458	61	158	349	435	73	76	454	439	83	481	481	61.0	452.0
"ID"	2010	"Twin Falls 1"	2	564	198	131	53	61	108	123	49	54	141	134	58	158	157	44.0	133.0
"ID"	2010	"Twin Falls 2"	2	461	161	110	37	53	83	99	42	42	113	115	38	131	135	36.0	109.0
"ID"	2010	"Twin Falls 3"	2	574	239	161	61	76	131	143	74	68	163	160	72	194	197	57.0	153.0
"ID"	2010	"Twin Falls 4"	2	1452	501	368	114	165	287	335	133	123	363	360	126	429	424	105.0	368.0
"ID"	2010	"Twin Falls 5"	2	2155	910	656	198	313	507	599	229	217	661	646	227	782	791	181.0	634.0
"ID"	2010	"Twin Falls 6"	2	561	226	145	66	79	111	135	65	64	155	152	67	189	187	60.0	130.0
"ID"	2010	"Twin Falls 7"	2	623	201	145	43	68	113	140	45	47	148	142	53	168	170	42.0	140.0
"ID"	2010	"Twin Falls 8"	2	654	272	179	77	113	133	170	78	86	182	170	92	219	222	63.0	186.0
"ID"	2010	"Twin Falls 9"	2	376	151	106	27	39	87	101	31	28	110	107	33	124	125	27.0	105.0
"ID"	2010	"Twin Falls 10"	2	394	163	127	35	51	97	122	37	39	126	123	41	151	151	30.0	127.0
"ID"	2010	"Twin Falls 11"	2	1157	588	462	111	220	321	423	133	107	457	448	111	510	506	104.0	463.0
"ID"	2010	"Twin Falls 12"	2	582	244	174	56	85	141	168	65	50	190	175	61	210	207	55.0	171.0
"ID"	2010	"Twin Falls 13"	2	1340	590	438	122	200	332	408	133	132	431	414	150	502	506	106.0	445.0
"ID"	2010	"Twin Falls 14"	2	1544	739	569	137	237	452	531	158	131	586	556	150	623	634	128.0	563.0
"ID"	2010	"Twin Falls 15"	2	1386	567	393	135	198	321	377	144	140	401	395	151	477	480	121.0	396.0
"ID"	2010	"Twin Falls 16"	2	470	197	127	57	92	86	108	70	65	126	124	67	164	162	52.0	125.0
"ID"	2010	"Twin Falls 17"	2	622	239	164	59	76	132	156	56	60	173	170	63	200	203	58.0	154.0
"ID"	2010	"Twin Falls 18"	2	1577	595	448	118	189	343	419	130	120	444	436	129	510	514	108.0	427.0
"ID"	2010	"Twin Falls 19"	2	1008	479	340	109	164	272	322	123	118	350	347	119	413	412	111.0	328.0
"ID"	2010	"Twin Falls 20"	2	490	183	114	49	72	91	112	54	50	123	119	53	144	149	44.0	116.0
"ID"	2010	"CO. TOTAL"	2	34438	19042	14181	3761	5650	11511	13380	4155	3878	14518	14092	4193	16078	16133	3496.0	13843.0
"ID"	2010	"Alpha"	1	411	171	140	19	36	119	136	22	24	144	135	31	143	143	59.0	95.0
"ID"	2010	"Cascade"	1	654	265	179	64	76	158	180	62	64	179	174	62	203	208	132.0	92.0
"ID"	2010	"Donnelly"	1	80	41	22	13	16	20	25	13	15	23	25	13	33	32	22.0	11.0
"ID"	2010	"McCall"	1	1939	710	361	316	364	304	359	307	297	375	342	311	456	458	426.0	222.0
"ID"	2010	"Payette"	1	937	407	233	149	165	213	236	143	143	235	220	160	281	272	213.0	149.0
"ID"	2010	"Roseberry"	1	1851	807	501	252	273	438	486	234	229	529	494	251	603	585	403.0	305.0
"ID"	2010	"West Mountain"	1	644	320	235	59	71	209	236	48	61	241	238	54	258	262	114.0	170.0
"ID"	2010	"Yellow Pine"	1	69	48	39	5	6	37	41	6	7	35	34	8	39	38	22.0	20.0
"ID"	2010	"CO. TOTAL"	2	6585	3921	2453	1227	1385	2170	2458	1145	1140	2559	2371	1262	2875	2847	0.0	0.0
"ID"	2010	"1 Eaton Hale"	1	568	388	300	49	65	289	320	43	41	334	318	57	333	336	133.0	201.0
"ID"	2010	"2 West Weiser"	1	455	286	183	64	75	177	187	76	64	208	199	74	230	231	122.0	125.0
"ID"	2010	"3 South Weiser"	1	354	200	119	46	58	123	119	59	57	140	137	58	161	162	87.0	86.0
"ID"	2010	"4 Weiser"	1	583	367	252	80	111	224	272	74	77	278	262	88	308	302	173.0	161.0
"ID"	2010	"5 Middle Weiser"	1	417	260	162	61	61	165	171	62	60	184	168	71	206	209	116.0	106.0
"ID"	2010	"6 East Weiser"	1	386	270	197	37	58	191	218	38	29	236	222	43	236	238	88.0	154.0
"ID"	2010	"7 Midvale"	1	483	357	302	29	37	291	297	28	33	312	301	41	319	313	93.0	229.0
"ID"	2010	"8 Cambridge"	1	633	419	319	69	84	291	330	65	78	328	322	85	350	349	166.0	219.0
"ID"	2010	"9 Pioneer"	1	567	355	237	83	93	228	242	86	80	256	241	99	279	285	156.0	151.0
"ID"	2010	"10 Sunnyside"	1	483	372	253	43	62	290	303	41	41	321	311	48	331	332	114.0	231.0
"ID"	2010	"11 Mineral"	1	397	295	232	30	42	236	247	29	28	260	248	41	254	257	94.0	164.0
"ID"	2010	"CO. TOTAL"	2	5326	3569	2556	591	746	2505	2706	601	588	2857	2729	705	3007	3014	0.0	0.0
"ID"	2010	"STATE TOTAL"	2	790676	457748	319953	112057	148680	267483	299979	120174	113164	326453	308207	125571	367260	367737	48749.0	137468.0
"ID"	2010	"1st Cong. Dist."	2	432995	252910	179204	58539	71304	156788	170736	61468	58794	183958	172891	66508	204344	204402	0.0	0.0
"ID"	2010	"2nd Cong. Dist"	2	357681	204838	140045	53274	77066	110106	129243	58706	54370	142495	135316	59063	162916	163335	48749.0	137468.0
"ID"	2010	"1st Cong. Dist."	2	133460	77247	56170	16822	23286	45855	52928	17918	16388	57985	52513	20425	61972	62483	0.0	0.0
"ID"	2010	"2nd Cong"	2	81897	44928	23399	19311	23181	17427	22044	19368	17099	26094	21033	21113	30205	30576	17444.0	24087.0
"ID"	2010	"Total Ada"	2	215357	122175	79569	36133	46467	63282	74972	37286	33487	84079	73546	41538	92177	93059	17444.0	24087.0
