state	year	precinct	county	cd	g2008_REG_tv	g2008_BALL_tv	g2008_USP_rv	g2008_USP_dv	g2008_USS_dv	g2008_USS_rv	g2008_USH_dv	g2008_USH_rv
"ID"	2008	"Ada 1"	"Ada"	1	1947	1630	1116	465	405	1071	648	925
"ID"	2008	"Ada 2"	"Ada"	1	1278	1077	731	321	284	702	476	556
"ID"	2008	"Ada 3"	"Ada"	1	1215	1105	519	569	483	566	707	375
"ID"	2008	"Ada 4"	"Ada"	1	1189	979	625	337	281	632	441	498
"ID"	2008	"Ada 5"	"Ada"	1	1387	1120	690	392	334	680	568	519
"ID"	2008	"Ada 6"	"Ada"	1	2576	1999	1144	790	715	1089	1067	874
"ID"	2008	"Ada 7"	"Ada"	1	1808	1517	845	623	533	831	828	629
"ID"	2008	"Ada 8"	"Ada"	1	1115	929	638	260	209	639	395	498
"ID"	2008	"Ada 9"	"Ada"	1	1893	1600	1129	446	356	1139	698	854
"ID"	2008	"Ada 10"	"Ada"	1	742	607	393	210	162	398	297	282
"ID"	2008	"Ada 11"	"Ada"	1	2182	1795	937	823	713	970	1083	643
"ID"	2008	"Ada 12"	"Ada"	1	1452	1113	437	631	571	430	730	331
"ID"	2008	"Ada 13"	"Ada"	2	1795	1348	551	762	700	530	537	735
"ID"	2008	"Ada 14"	"Ada"	2	813	670	286	366	350	284	253	393
"ID"	2008	"Ada 15"	"Ada"	2	1190	1004	460	514	462	471	299	665
"ID"	2008	"Ada 16"	"Ada"	2	2085	1760	704	1006	882	794	599	1085
"ID"	2008	"Ada 17"	"Ada"	1	2277	1764	1065	655	551	1104	858	856
"ID"	2008	"Ada 18"	"Ada"	1	1905	1579	948	585	525	927	798	733
"ID"	2008	"Ada 19"	"Ada"	1	1250	1012	552	434	388	527	561	407
"ID"	2008	"Ada 20"	"Ada"	1	1121	892	488	369	328	470	498	373
"ID"	2008	"Ada 21"	"Ada"	1	895	711	378	303	284	364	417	276
"ID"	2008	"Ada 22"	"Ada"	1	2193	1666	845	767	710	813	995	630
"ID"	2008	"Ada 23"	"Ada"	2	1382	934	426	450	429	378	416	472
"ID"	2008	"Ada 24"	"Ada"	2	803	699	357	334	290	364	181	485
"ID"	2008	"Ada 25"	"Ada"	2	2549	1929	746	1098	999	748	803	1018
"ID"	2008	"Ada 26"	"Ada"	2	1630	1294	505	734	706	477	570	670
"ID"	2008	"Ada 27"	"Ada"	1	2149	1734	953	730	648	987	940	750
"ID"	2008	"Ada 28"	"Ada"	1	1606	1246	697	502	443	675	645	561
"ID"	2008	"Ada 29"	"Ada"	1	1121	902	502	369	342	484	510	371
"ID"	2008	"Ada 30"	"Ada"	1	1533	1193	640	504	435	620	626	512
"ID"	2008	"Ada 31"	"Ada"	1	2032	1557	778	735	655	761	956	530
"ID"	2008	"Ada 32"	"Ada"	2	880	742	403	319	294	392	201	514
"ID"	2008	"Ada 33"	"Ada"	2	2140	1501	536	893	804	546	685	696
"ID"	2008	"Ada 34"	"Ada"	2	1125	898	319	547	508	312	432	421
"ID"	2008	"Ada 35"	"Ada"	2	806	585	159	400	375	168	296	244
"ID"	2008	"Ada 36"	"Ada"	2	1376	1066	267	765	702	272	578	436
"ID"	2008	"Ada 37"	"Ada"	2	1490	1210	248	924	845	283	648	492
"ID"	2008	"Ada 38"	"Ada"	2	1583	1287	394	871	790	427	582	657
"ID"	2008	"Ada 39"	"Ada"	2	1775	1340	210	1090	992	268	794	471
"ID"	2008	"Ada 40"	"Ada"	2	1073	777	135	613	574	149	477	271
"ID"	2008	"Ada 41"	"Ada"	2	1943	1547	463	1035	915	534	670	806
"ID"	2008	"Ada 42"	"Ada"	1	961	761	510	222	192	495	320	421
"ID"	2008	"Ada 43"	"Ada"	1	2476	2044	1330	665	624	1266	1000	989
"ID"	2008	"Ada 44"	"Ada"	1	1639	1259	790	419	375	750	574	636
"ID"	2008	"Ada 45"	"Ada"	1	2235	1671	981	633	571	915	866	747
"ID"	2008	"Ada 46"	"Ada"	1	2759	2166	1304	783	694	1252	1072	1011
"ID"	2008	"Ada 47"	"Ada"	1	2239	1730	1045	629	550	1038	885	782
"ID"	2008	"Ada 48"	"Ada"	1	1436	1182	691	442	393	685	586	541
"ID"	2008	"Ada 49"	"Ada"	1	1943	1506	859	596	539	821	828	630
"ID"	2008	"Ada 50"	"Ada"	1	2653	2094	1092	928	840	1067	1197	803
"ID"	2008	"Ada 51"	"Ada"	1	1774	1403	731	633	559	693	816	542
"ID"	2008	"Ada 52"	"Ada"	1	1552	1154	556	555	512	520	689	423
"ID"	2008	"Ada 53"	"Ada"	1	1862	1427	687	678	659	638	870	505
"ID"	2008	"Ada 54"	"Ada"	1	1174	954	478	442	407	443	590	321
"ID"	2008	"Ada 55"	"Ada"	2	1686	1363	622	687	650	601	501	811
"ID"	2008	"Ada 56"	"Ada"	2	1589	1164	538	581	526	517	426	677
"ID"	2008	"Ada 57"	"Ada"	2	2151	1548	623	856	788	591	646	807
"ID"	2008	"Ada 58"	"Ada"	2	1151	713	195	489	446	210	349	310
"ID"	2008	"Ada 59"	"Ada"	2	2042	1528	323	1159	1071	355	861	594
"ID"	2008	"Ada 60"	"Ada"	2	1990	1237	283	899	809	297	674	465
"ID"	2008	"Ada 61"	"Ada"	1	1464	1175	771	363	333	731	518	624
"ID"	2008	"Ada 62"	"Ada"	1	1352	1020	648	341	338	581	470	518
"ID"	2008	"Ada 63"	"Ada"	1	2483	1786	1047	664	603	993	897	812
"ID"	2008	"Ada 64"	"Ada"	1	2891	2191	1208	912	860	1127	1192	924
"ID"	2008	"Ada 65"	"Ada"	1	1866	1450	811	589	506	797	768	620
"ID"	2008	"Ada 66"	"Ada"	1	1894	1323	654	620	537	628	733	503
"ID"	2008	"Ada 67"	"Ada"	2	1917	1322	573	686	615	534	521	710
"ID"	2008	"Ada 68"	"Ada"	2	1499	1016	425	548	491	397	419	531
"ID"	2008	"Ada 69"	"Ada"	2	983	758	277	437	405	284	340	379
"ID"	2008	"Ada 70"	"Ada"	2	968	715	237	456	411	229	363	309
"ID"	2008	"Ada 71"	"Ada"	2	1132	744	292	421	357	297	287	410
"ID"	2008	"Ada 72"	"Ada"	2	1333	899	236	630	552	250	452	371
"ID"	2008	"Ada 73"	"Ada"	2	1403	1173	380	769	712	413	489	636
"ID"	2008	"Ada 74"	"Ada"	2	2363	1930	835	1054	921	865	655	1192
"ID"	2008	"Ada 75"	"Ada"	2	1812	1026	324	621	553	345	436	481
"ID"	2008	"Ada 76"	"Ada"	2	1471	1079	340	714	650	357	451	558
"ID"	2008	"Ada 77"	"Ada"	2	1393	1114	219	859	784	252	556	481
"ID"	2008	"Ada 78"	"Ada"	1	2330	1669	991	619	554	899	843	747
"ID"	2008	"Ada 79"	"Ada"	1	804	606	325	256	237	318	323	258
"ID"	2008	"Ada 80"	"Ada"	2	794	637	291	324	308	271	235	379
"ID"	2008	"Ada 81"	"Ada"	2	1707	1297	618	636	604	589	456	784
"ID"	2008	"Ada 82"	"Ada"	2	1508	1110	511	540	513	483	399	630
"ID"	2008	"Ada 83"	"Ada"	2	1948	1499	570	852	802	519	689	721
"ID"	2008	"Ada 84"	"Ada"	2	1194	891	315	546	492	326	389	458
"ID"	2008	"Ada 85"	"Ada"	2	1803	1388	454	870	807	455	628	688
"ID"	2008	"Ada 86"	"Ada"	2	1500	1002	330	624	555	339	447	478
"ID"	2008	"Ada 87"	"Ada"	2	2361	1636	588	983	843	657	658	873
"ID"	2008	"Ada 88"	"Ada"	2	974	736	278	430	396	275	291	408
"ID"	2008	"Ada 89"	"Ada"	1	1531	1203	813	364	340	744	556	600
"ID"	2008	"Ada 90"	"Ada"	1	2023	1668	1106	518	450	1084	776	841
"ID"	2008	"Ada 91"	"Ada"	1	1708	1362	863	464	403	799	670	643
"ID"	2008	"Ada 92"	"Ada"	1	1182	950	596	331	322	548	492	430
"ID"	2008	"Ada 93"	"Ada"	1	1342	1097	674	398	338	684	539	512
"ID"	2008	"Ada 94"	"Ada"	1	2357	1853	1095	712	639	1039	952	832
"ID"	2008	"Ada 95"	"Ada"	1	1213	935	509	380	360	465	513	389
"ID"	2008	"Ada 96"	"Ada"	1	1384	1216	797	387	334	783	596	588
"ID"	2008	"Ada 97"	"Ada"	2	1474	1095	509	545	495	500	353	705
"ID"	2008	"Ada 98"	"Ada"	2	1789	1339	580	697	664	531	524	744
"ID"	2008	"Ada 99"	"Ada"	2	1437	1095	402	637	550	411	495	533
"ID"	2008	"Ada 100"	"Ada"	2	1707	1282	502	738	669	458	560	654
"ID"	2008	"Ada 101"	"Ada"	2	1148	826	380	423	384	363	299	479
"ID"	2008	"Ada 102"	"Ada"	2	1801	1323	495	762	688	505	566	678
"ID"	2008	"Ada 103"	"Ada"	2	1089	854	315	502	427	369	331	479
"ID"	2008	"Ada 104"	"Ada"	2	1743	1351	516	790	703	549	451	830
"ID"	2008	"Ada 105"	"Ada"	2	1676	1274	457	775	667	532	488	711
"ID"	2008	"Ada 106"	"Ada"	2	1588	1359	593	737	599	695	379	933
"ID"	2008	"Ada 107"	"Ada"	2	1757	1372	572	736	679	578	480	821
"ID"	2008	"Ada 108"	"Ada"	2	1551	1253	503	716	659	506	446	759
"ID"	2008	"Ada 109"	"Ada"	1	2378	2126	1381	691	581	1348	927	1123
"ID"	2008	"Ada 110"	"Ada"	1	2694	2284	1321	893	796	1265	1204	990
"ID"	2008	"Ada 111"	"Ada"	1	2090	1733	1066	589	528	1016	862	823
"ID"	2008	"Ada 112"	"Ada"	1	2233	1813	1027	728	653	1012	996	769
"ID"	2008	"Ada 113"	"Ada"	2	272	213	120	79	70	105	59	143
"ID"	2008	"Ada 114"	"Ada"	2	2337	1820	850	918	787	893	585	1145
"ID"	2008	"Ada 115"	"Ada"	1	1693	1414	830	540	484	781	729	640
"ID"	2008	"Ada 116"	"Ada"	2	1999	1535	763	719	645	765	501	971
"ID"	2008	"Ada 117"	"Ada"	1	1512	1285	937	309	257	870	486	758
"ID"	2008	"Ada 118"	"Ada"	1	1178	963	623	300	293	555	472	445
"ID"	2008	"Ada 119"	"Ada"	1	2868	2340	1304	949	814	1246	1203	1041
"ID"	2008	"Ada 120"	"Ada"	1	1263	1021	578	417	372	540	579	404
"ID"	2008	"Ada 121"	"Ada"	2	52	36	20	15	12	22	9	27
"ID"	2008	"Ada 122"	"Ada"	1	1577	1136	734	359	313	686	512	584
"ID"	2008	"Ada 123"	"Ada"	1	1836	1459	1023	381	350	918	608	808
"ID"	2008	"Ada 124"	"Ada"	1	1829	1500	1047	402	389	944	661	791
"ID"	2008	"Ada 125"	"Ada"	1	67	52	44	4	8	34	11	41
"ID"	2008	"Ada 126"	"Ada"	1	2049	1620	1093	487	449	1016	719	852
"ID"	2008	"Ada 127"	"Ada"	1	1497	1249	891	328	269	899	491	725
"ID"	2008	"Ada 128"	"Ada"	1	2198	1773	1027	703	618	1027	946	775
"ID"	2008	"Ada 129"	"Ada"	1	1614	1186	636	498	473	615	678	472
"ID"	2008	"Ada 130"	"Ada"	1	2294	2052	1392	630	518	1390	872	1102
"ID"	2008	"Ada 131"	"Ada"	1	2546	2096	1389	665	575	1340	923	1079
"ID"	2008	"Ada 132"	"Ada"	1	2293	1984	1302	627	555	1269	895	1013
"ID"	2008	"Ada 133"	"Ada"	1	2643	2049	1218	766	665	1242	981	983
"ID"	2008	"Ada 134"	"Ada"	1	978	851	556	272	245	520	353	463
"ID"	2008	"Ada 135"	"Ada"	1	1545	1234	808	397	342	772	567	633
"ID"	2008	"Ada 136"	"Ada"	1	1956	1479	950	480	427	937	680	754
"ID"	2008	"Ada 137"	"Ada"	1	1405	1031	683	315	267	652	454	531
"ID"	2008	"Ada 138"	"Ada"	1	1383	1075	623	409	342	617	566	466
"ID"	2008	"Ada 139"	"Ada"	2	1733	1301	650	604	534	641	412	812
"ID"	2008	"Ada 140"	"Ada"	1	1700	1337	867	428	352	866	592	706
"ID"	2008	"Ada 141"	"Ada"	1	2062	1488	893	521	453	838	717	719
"ID"	2008	"001 Indian Valley"	"Adams"	1	261	216	144	53	58	119	93	107
"ID"	2008	"002 Council"	"Adams"	1	689	546	366	138	150	295	221	272
"ID"	2008	"003 No. Council"	"Adams"	1	825	710	481	188	176	379	279	361
"ID"	2008	"004 Bear"	"Adams"	1	43	40	27	5	7	21	17	14
"ID"	2008	"005 New Meadows"	"Adams"	1	1056	825	462	330	293	425	424	361
"ID"	2008	"006 Little Salmon River"	"Adams"	1	68	50	37	14	14	29	17	31
"ID"	2008	"Pocatello 1"	"Bannock"	2	837	332	202	116	114	202	99	221
"ID"	2008	"Pocatello 2"	"Bannock"	2	884	460	267	174	142	266	128	323
"ID"	2008	"Pocatello 3"	"Bannock"	2	805	441	251	176	160	241	129	300
"ID"	2008	"Pocatello 4"	"Bannock"	2	1129	568	247	291	275	221	275	273
"ID"	2008	"Pocatello 5"	"Bannock"	2	1040	603	277	285	252	265	269	320
"ID"	2008	"Pocatello 6"	"Bannock"	2	842	434	160	250	216	159	212	207
"ID"	2008	"Pocatello 7"	"Bannock"	2	631	305	161	128	114	159	107	190
"ID"	2008	"Pocatello 8"	"Bannock"	2	669	355	132	196	154	151	164	178
"ID"	2008	"Pocatello 9"	"Bannock"	2	758	430	205	201	175	197	178	232
"ID"	2008	"Pocatello 10"	"Bannock"	2	1211	686	366	273	264	334	260	405
"ID"	2008	"Pocatello 11"	"Bannock"	2	627	330	182	133	127	171	119	200
"ID"	2008	"Pocatello 12"	"Bannock"	2	923	481	297	161	146	273	149	322
"ID"	2008	"Pocatello 13"	"Bannock"	2	898	459	257	173	158	242	168	278
"ID"	2008	"Pocatello 14"	"Bannock"	2	958	516	315	180	179	277	178	316
"ID"	2008	"Pocatello 15"	"Bannock"	2	788	446	226	179	152	228	155	275
"ID"	2008	"Pocatello 17"	"Bannock"	2	885	458	255	176	162	243	166	278
"ID"	2008	"Pocatello 18"	"Bannock"	2	860	484	296	165	157	278	149	326
"ID"	2008	"Pocatello 19"	"Bannock"	2	755	403	222	147	138	203	138	251
"ID"	2008	"Pocatello 20"	"Bannock"	2	720	430	223	184	171	216	170	245
"ID"	2008	"Pocatello 21"	"Bannock"	2	836	470	246	195	148	261	134	310
"ID"	2008	"Pocatello 22"	"Bannock"	2	949	496	277	197	182	267	158	320
"ID"	2008	"Pocatello 23"	"Bannock"	2	847	483	271	184	164	266	152	303
"ID"	2008	"Pocatello 24"	"Bannock"	2	724	369	153	199	178	158	162	192
"ID"	2008	"Pocatello 25"	"Bannock"	2	755	339	164	148	139	166	134	195
"ID"	2008	"Pocatello 26"	"Bannock"	2	926	413	165	229	198	156	189	214
"ID"	2008	"Pocatello 27"	"Bannock"	2	846	426	222	182	166	212	130	269
"ID"	2008	"Pocatello 28"	"Bannock"	2	1117	571	304	241	202	299	209	344
"ID"	2008	"Pocatello 31"	"Bannock"	2	821	373	148	202	177	161	163	198
"ID"	2008	"Pocatello 32"	"Bannock"	2	624	309	157	140	134	145	101	197
"ID"	2008	"Pocatello 34"	"Bannock"	2	869	447	271	158	133	274	126	311
"ID"	2008	"Pocatello 35"	"Bannock"	2	1105	492	307	164	137	297	130	347
"ID"	2008	"Pocatello 36"	"Bannock"	2	889	441	291	129	127	272	109	317
"ID"	2008	"Pocatello 37"	"Bannock"	2	1220	659	469	168	155	454	128	517
"ID"	2008	"Pocatello 38"	"Bannock"	2	504	254	184	66	57	175	45	201
"ID"	2008	"Pocatello 39"	"Bannock"	2	750	353	217	126	112	210	94	244
"ID"	2008	"Pocatello 40"	"Bannock"	2	437	177	117	48	46	103	46	124
"ID"	2008	"Pocatello 41"	"Bannock"	2	1256	636	366	243	194	373	182	425
"ID"	2008	"Pocatello 42"	"Bannock"	2	915	388	223	147	132	224	116	259
"ID"	2008	"Pocatello 43"	"Bannock"	2	861	510	245	233	215	232	227	262
"ID"	2008	"Chubbuck 50"	"Bannock"	2	1049	556	359	168	144	335	133	407
"ID"	2008	"Chubbuck 51"	"Bannock"	2	960	550	353	182	167	325	136	401
"ID"	2008	"Chubbuck 52"	"Bannock"	2	752	435	270	144	142	245	125	297
"ID"	2008	"Chubbuck 53"	"Bannock"	2	1106	652	369	249	230	360	213	407
"ID"	2008	"Chubbuck 54"	"Bannock"	2	546	341	232	96	82	222	81	253
"ID"	2008	"Chubbuck 55"	"Bannock"	2	1559	796	518	245	210	498	199	572
"ID"	2008	"Chubbuck 56"	"Bannock"	2	694	374	262	104	94	253	91	277
"ID"	2008	"Chubbuck 57"	"Bannock"	2	815	509	333	142	126	322	137	367
"ID"	2008	"Chubbuck 58"	"Bannock"	2	676	385	268	113	98	240	90	281
"ID"	2008	"Chubbuck 59"	"Bannock"	2	666	344	225	98	91	204	103	228
"ID"	2008	"Chubbuck 60"	"Bannock"	2	864	553	180	352	297	189	314	209
"ID"	2008	"Arimo 61"	"Bannock"	2	520	362	282	64	71	241	65	286
"ID"	2008	"Downey 62"	"Bannock"	2	546	437	309	96	111	270	101	322
"ID"	2008	"Inkom 63"	"Bannock"	2	716	463	285	157	144	257	152	303
"ID"	2008	"Lava Hot Springs 64"	"Bannock"	2	739	201	296	167	152	285	164	315
"ID"	2008	"McCammon 65"	"Bannock"	2	982	631	441	150	176	374	170	441
"ID"	2008	"Mink Creek 66"	"Bannock"	2	912	523	315	193	188	295	164	334
"ID"	2008	"Pebble Creek 67"	"Bannock"	2	675	431	295	112	116	248	115	304
"ID"	2008	"Swan Lake 68"	"Bannock"	2	66	59	49	9	10	44	7	51
"ID"	2008	"Absentee 69"	"Bannock"	2		5807	2897	2651	2491	2740	2207	3418
"ID"	2008	"Absentee 70"	"Bannock"	2		3991	1480	2313	2208	1335	2090	1770
"ID"	2008	"#1 Montpelier"	"Bear Lake"	2	567	422	320	77	98	288	67	332
"ID"	2008	"#2 Montpelier"	"Bear Lake"	2	512	390	307	74	66	281	62	304
"ID"	2008	"#3 Montpelier"	"Bear Lake"	2	507	420	285	72	70	255	69	275
"ID"	2008	"#5 Bennington"	"Bear Lake"	2	190	162	145	10	11	134	14	139
"ID"	2008	"#6 Bern"	"Bear Lake"	2	104	91	72	16	22	59	16	70
"ID"	2008	"#7 Bloomington"	"Bear Lake"	2	166	140	116	19	21	98	18	118
"ID"	2008	"#8 Dingle"	"Bear Lake"	2	191	171	130	27	32	115	29	132
"ID"	2008	"#9 Fish Haven"	"Bear Lake"	2	209	161	111	42	50	101	55	101
"ID"	2008	"#10 Geneva"	"Bear Lake"	2	87	84	59	8	7	58	8	59
"ID"	2008	"#11 Georgetown"	"Bear Lake"	2	435	353	293	38	28	278	34	301
"ID"	2008	"#12 Liberty"	"Bear Lake"	2	272	209	161	34	31	158	30	169
"ID"	2008	"#13 Paris"	"Bear Lake"	2	353	288	220	49	55	192	38	227
"ID"	2008	"#15 St. Charles"	"Bear Lake"	2	164	125	95	24	23	84	25	94
"ID"	2008	"#16 Bailey Creek"	"Bear Lake"	2	101	96	63	12	11	61	10	65
"ID"	2008	"1 Benewah"	"Benewah"	1	191	166	99	58	51	101	80	78
"ID"	2008	"2 Center"	"Benewah"	1	510	415	287	111	102	281	190	204
"ID"	2008	"3 College"	"Benewah"	1	599	464	284	157	173	252	228	198
"ID"	2008	"4 Emida"	"Benewah"	1	205	176	111	46	58	87	91	69
"ID"	2008	"5 Fernwood"	"Benewah"	1	314	229	136	61	78	114	107	104
"ID"	2008	"6 Plummer"	"Benewah"	1	982	724	367	313	262	331	383	301
"ID"	2008	"7 Santa"	"Benewah"	1	268	240	157	62	64	135	89	123
"ID"	2008	"8 St. Joe"	"Benewah"	1	56	48	34	11	13	33	24	22
"ID"	2008	"9 St. Maries"	"Benewah"	1	1019	823	564	229	245	505	355	392
"ID"	2008	"10 Tensed"	"Benewah"	1	494	396	202	169	130	187	193	170
"ID"	2008	"11 Townsite"	"Benewah"	1	788	624	405	190	201	350	320	260
"ID"	2008	"Blackfoot 1"	"Bingham"	2	1120	629	435	169	143	380	128	483
"ID"	2008	"Blackfoot 2"	"Bingham"	2	671	384	255	112	105	213	91	283
"ID"	2008	"Blackfoot 3"	"Bingham"	2	1113	533	340	174	135	301	143	377
"ID"	2008	"Blackfoot 4"	"Bingham"	2	1181	613	393	193	182	329	155	442
"ID"	2008	"Blackfoot 5"	"Bingham"	2	1293	658	412	216	180	374	170	474
"ID"	2008	"Blackfoot 6"	"Bingham"	2	1154	639	453	159	164	392	121	503
"ID"	2008	"Firth 7"	"Bingham"	2	1175	778	614	135	129	489	127	631
"ID"	2008	"Firth 8"	"Bingham"	2	922	604	468	108	106	382	118	474
"ID"	2008	"Groveland 9"	"Bingham"	2	1230	689	492	167	125	428	139	531
"ID"	2008	"Jamestown 10"	"Bingham"	2	902	621	488	91	94	425	105	507
"ID"	2008	"Moreland 11"	"Bingham"	2	693	430	310	100	94	279	89	336
"ID"	2008	"Rockford 12"	"Bingham"	2	939	578	471	74	70	406	76	489
"ID"	2008	"Shelley 13"	"Bingham"	2	1164	780	630	123	129	511	124	639
"ID"	2008	"Shelley 14"	"Bingham"	2	1239	837	662	143	140	581	133	691
"ID"	2008	"Aberdeen 15"	"Bingham"	2	1040	676	455	197	171	395	158	489
"ID"	2008	"Springfield/Sterling 16"	"Bingham"	2	377	252	196	46	43	171	45	196
"ID"	2008	"Riverside 17"	"Bingham"	2	993	593	460	117	111	389	102	483
"ID"	2008	"Pingree 18"	"Bingham"	2	648	387	297	76	65	258	61	317
"ID"	2008	"Wapello 19"	"Bingham"	2	479	317	210	86	74	171	79	226
"ID"	2008	"Fort Hall 20"	"Bingham"	2	1052	577	90	464	372	129	378	183
"ID"	2008	"Shelley 21"	"Bingham"	2	1244	824	675	100	114	586	117	690
"ID"	2008	"Groveland 22"	"Bingham"	2	721	433	329	86	89	284	72	357
"ID"	2008	"Blackfoot 23"	"Bingham"	2	601	369	270	79	67	229	61	298
"ID"	2008	"Riverside 24"	"Bingham"	2	576	340	250	73	63	221	58	267
"ID"	2008	"Moreland 25"	"Bingham"	2	783	493	393	75	80	317	83	398
"ID"	2008	"Absentee 27"	"Bingham"	2		100	70	14	11	65	28	71
"ID"	2008	"Absentee 28"	"Bingham"	2		3385	2112	1047	1002	1750	903	2378
"ID"	2008	"001 NW Ketchum"	"Blaine"	2	939	436	83	338	286	120	182	224
"ID"	2008	"002 SW Ketchum"	"Blaine"	2	1149	581	127	438	381	168	270	278
"ID"	2008	"003 N & E Ketchum"	"Blaine"	2	445	159	52	102	88	64	50	101
"ID"	2008	"004 S Ketchum"	"Blaine"	2	659	269	62	199	175	84	125	125
"ID"	2008	"005 NE Blaine County"	"Blaine"	2	722	291	94	186	166	105	105	176
"ID"	2008	"006 Hailey #1"	"Blaine"	2	1024	402	91	303	261	110	198	179
"ID"	2008	"007 Hailey #2"	"Blaine"	2	1537	543	142	381	336	156	241	275
"ID"	2008	"008 Hailey #3"	"Blaine"	2	1728	748	261	458	407	262	314	390
"ID"	2008	"009 Yale"	"Blaine"	2	10	7	5	2	0	7	0	7
"ID"	2008	"010 Bellevue"	"Blaine"	2	1741	834	363	442	394	363	308	486
"ID"	2008	"011 Gannett-Picabo"	"Blaine"	2	496	225	116	105	86	121	60	157
"ID"	2008	"012 Carey"	"Blaine"	2	522	348	242	93	94	224	47	292
"ID"	2008	"013 Sun Valley"	"Blaine"	2	1106	465	194	256	213	225	139	306
"ID"	2008	"014 Hailey #4"	"Blaine"	2	1910	756	261	474	410	302	300	426
"ID"	2008	"Absentee"	"Blaine"	2		4643	1346	3170	2829	1471	2198	2211
"ID"	2008	"30 Garden Valley"	"Boise"	1	1472	875	594	256	238	534	365	461
"ID"	2008	"40 Horseshoe Bend"	"Boise"	1	1049	671	487	153	162	427	274	363
"ID"	2008	"50 Idaho City"	"Boise"	1	784	465	265	164	161	244	232	198
"ID"	2008	"60 Lowman"	"Boise"	1	213	116	79	31	32	70	53	52
"ID"	2008	"70 Mores Creek"	"Boise"	1	1364	690	421	246	232	393	340	343
"ID"	2008	"80 Placerville"	"Boise"	1	263	154	91	48	55	83	83	66
"ID"	2008	"Absentee"	"Boise"	1		869	496	342	316	467	463	473
"ID"	2008	"1 Airport"	"Bonner"	1	892	713	374	309	262	388	368	304
"ID"	2008	"2 Algoma"	"Bonner"	1	975	768	460	277	232	465	378	344
"ID"	2008	"3 Baldy"	"Bonner"	1	1391	1047	491	505	412	494	606	353
"ID"	2008	"4 Blue Lake"	"Bonner"	1	152	135	97	32	33	82	49	73
"ID"	2008	"5 Careywood"	"Bonner"	1	895	712	453	213	185	429	287	381
"ID"	2008	"6 Clark Fork"	"Bonner"	1	843	649	384	214	200	367	298	314
"ID"	2008	"7 Cocolalla"	"Bonner"	1	612	494	303	159	136	313	186	280
"ID"	2008	"8 Colburn"	"Bonner"	1	1059	846	427	385	346	386	476	315
"ID"	2008	"9 Dover"	"Bonner"	1	440	357	168	175	138	184	200	137
"ID"	2008	"10 E. Priest River"	"Bonner"	1	890	631	365	220	224	329	319	274
"ID"	2008	"11 Edgemere"	"Bonner"	1	1358	1003	686	262	263	609	437	502
"ID"	2008	"12 Gamlin Lake"	"Bonner"	1	565	499	265	214	193	252	280	190
"ID"	2008	"13 Grouse Creek"	"Bonner"	1	784	619	335	259	252	303	331	257
"ID"	2008	"14 Hope"	"Bonner"	1	832	668	302	339	254	339	402	228
"ID"	2008	"15 Humbird"	"Bonner"	1	1148	853	360	442	387	364	520	273
"ID"	2008	"16 Kootenai"	"Bonner"	1	1720	1308	765	482	442	723	672	554
"ID"	2008	"17 Laclede"	"Bonner"	1	419	341	204	112	110	194	159	161
"ID"	2008	"18 Lakeview"	"Bonner"	1	64	51	41	6	6	40	16	35
"ID"	2008	"19 Lamb Creek"	"Bonner"	1	460	365	217	136	123	213	175	167
"ID"	2008	"21 Oden"	"Bonner"	1	537	436	274	145	122	274	191	221
"ID"	2008	"22 Oldtown"	"Bonner"	1	1182	877	556	280	266	491	417	409
"ID"	2008	"23 Priest Lake"	"Bonner"	1	193	158	88	64	56	89	90	63
"ID"	2008	"24 Priest River West City"	"Bonner"	1	332	243	116	108	113	104	150	79
"ID"	2008	"25 Sagle"	"Bonner"	1	1385	1123	661	402	359	640	540	518
"ID"	2008	"26 Sandpoint"	"Bonner"	1	1081	801	321	444	388	337	540	223
"ID"	2008	"27 Selle"	"Bonner"	1	869	661	344	271	247	323	343	270
"ID"	2008	"28 South Side"	"Bonner"	1	201	170	99	55	49	98	67	94
"ID"	2008	"29 Spirit Valley"	"Bonner"	1	897	691	471	186	183	422	286	367
"ID"	2008	"30 Washington"	"Bonner"	1	1508	1123	502	565	471	538	664	377
"ID"	2008	"31 West Branch"	"Bonner"	1	316	229	139	79	74	126	100	119
"ID"	2008	"32 Westmond"	"Bonner"	1	1076	866	507	303	266	496	398	416
"ID"	2008	"33 W. Priest River Bench"	"Bonner"	1	429	341	213	104	92	209	161	167
"ID"	2008	"34 Wrenco"	"Bonner"	1	317	264	157	93	86	158	115	139
"ID"	2008	"1"	"Bonneville"	2	1045	511	347	141	135	304	106	388
"ID"	2008	"2"	"Bonneville"	2	879	538	359	158	133	319	126	391
"ID"	2008	"3"	"Bonneville"	2	877	549	368	157	157	296	123	400
"ID"	2008	"4"	"Bonneville"	2	713	427	269	139	127	246	118	295
"ID"	2008	"5"	"Bonneville"	2	983	623	389	202	196	322	186	409
"ID"	2008	"6"	"Bonneville"	2	1862	1095	793	258	253	712	184	861
"ID"	2008	"7"	"Bonneville"	2	783	423	268	128	116	219	112	288
"ID"	2008	"8"	"Bonneville"	2	847	454	224	209	165	189	159	272
"ID"	2008	"9"	"Bonneville"	2	791	458	254	174	141	236	158	282
"ID"	2008	"10"	"Bonneville"	2	880	506	294	183	151	262	131	354
"ID"	2008	"11"	"Bonneville"	2	839	514	280	211	173	235	159	323
"ID"	2008	"12"	"Bonneville"	2	980	591	311	246	211	273	177	376
"ID"	2008	"13"	"Bonneville"	2	1529	908	657	230	212	570	165	709
"ID"	2008	"14"	"Bonneville"	2	885	525	315	185	171	280	131	376
"ID"	2008	"15"	"Bonneville"	2	1412	834	559	239	223	500	165	638
"ID"	2008	"16"	"Bonneville"	2	1366	763	507	234	235	412	159	565
"ID"	2008	"17"	"Bonneville"	2	1306	820	507	272	245	453	201	576
"ID"	2008	"18"	"Bonneville"	2	1191	742	431	290	270	367	236	474
"ID"	2008	"19"	"Bonneville"	2	1077	666	420	224	224	341	163	476
"ID"	2008	"20"	"Bonneville"	2	1246	746	472	251	241	389	183	528
"ID"	2008	"21"	"Bonneville"	2	659	385	231	137	119	204	105	258
"ID"	2008	"22"	"Bonneville"	2	868	530	414	99	92	356	86	424
"ID"	2008	"23"	"Bonneville"	2	880	562	393	144	138	346	115	424
"ID"	2008	"24"	"Bonneville"	2	1214	726	513	187	154	469	147	554
"ID"	2008	"25"	"Bonneville"	2	855	437	281	143	116	255	116	304
"ID"	2008	"26"	"Bonneville"	2	1149	670	456	194	173	402	134	509
"ID"	2008	"27"	"Bonneville"	2	1792	1097	812	250	231	688	152	884
"ID"	2008	"28"	"Bonneville"	2	1749	988	693	276	262	626	190	763
"ID"	2008	"36"	"Bonneville"	2	663	429	354	64	66	304	51	362
"ID"	2008	"37"	"Bonneville"	2	817	511	394	105	108	339	73	415
"ID"	2008	"38"	"Bonneville"	2	395	293	231	51	55	193	57	226
"ID"	2008	"39"	"Bonneville"	2	944	676	568	81	95	494	72	578
"ID"	2008	"40"	"Bonneville"	2	1507	835	618	193	171	565	133	677
"ID"	2008	"41"	"Bonneville"	2	1263	723	536	168	155	461	102	591
"ID"	2008	"42"	"Bonneville"	2	571	402	304	84	77	256	62	316
"ID"	2008	"43"	"Bonneville"	2	970	682	563	88	94	470	99	557
"ID"	2008	"44"	"Bonneville"	2	713	486	371	92	78	321	73	383
"ID"	2008	"45"	"Bonneville"	2	1537	1060	825	203	200	733	179	837
"ID"	2008	"46"	"Bonneville"	2	1239	781	551	200	182	467	156	590
"ID"	2008	"47"	"Bonneville"	2	1086	713	526	150	120	466	112	570
"ID"	2008	"48"	"Bonneville"	2	1660	962	732	191	193	618	162	759
"ID"	2008	"49"	"Bonneville"	2	1155	761	569	163	136	487	131	575
"ID"	2008	"50"	"Bonneville"	2	2037	1266	1003	222	224	867	178	1049
"ID"	2008	"51"	"Bonneville"	2	1399	887	678	184	167	581	143	716
"ID"	2008	"52"	"Bonneville"	2	1397	918	732	158	127	657	126	761
"ID"	2008	"53"	"Bonneville"	2	1376	930	739	144	149	660	146	753
"ID"	2008	"54"	"Bonneville"	2	511	360	308	40	47	241	49	294
"ID"	2008	"55"	"Bonneville"	2	505	335	229	87	81	178	78	232
"ID"	2008	"56"	"Bonneville"	2	32	24	5	2	1	0	6	16
"ID"	2008	"57"	"Bonneville"	2	20	13	3	0	0	2	1	10
"ID"	2008	"58"	"Bonneville"	2	1988	1201	1000	166	155	863	138	1006
"ID"	2008	"59"	"Bonneville"	2	742	466	396	49	54	331	60	394
"ID"	2008	"31 Absentee"	"Bonneville"	2		818	586	196	196	467	177	602
"ID"	2008	"32 Absentee"	"Bonneville"	2		4543	2935	1453	1404	2480	1127	3213
"ID"	2008	"33 Absentee"	"Bonneville"	2		3213	1761	1322	1303	1429	1011	2044
"ID"	2008	"1 Bonners Ferry"	"Boundary"	1	356	265	155	100	101	140	118	130
"ID"	2008	"2 Copeland"	"Boundary"	1	643	461	302	132	126	254	182	252
"ID"	2008	"3 Kootenai"	"Boundary"	1	726	544	324	186	177	299	235	274
"ID"	2008	"4 Moyie Springs"	"Boundary"	1	1462	1112	737	302	278	669	444	584
"ID"	2008	"5 Naples"	"Boundary"	1	1104	910	571	293	282	522	429	426
"ID"	2008	"6 North Bonners Ferry"	"Boundary"	1	1192	840	542	252	234	495	343	435
"ID"	2008	"7 Valley View"	"Boundary"	1	963	715	447	219	208	419	314	353
"ID"	2008	"Arco 1"	"Butte"	2	638	467	322	122	126	273	112	332
"ID"	2008	"Arco 2"	"Butte"	2	443	325	198	107	111	159	105	202
"ID"	2008	"Moore"	"Butte"	2	587	490	380	83	81	328	78	386
"ID"	2008	"Howe"	"Butte"	2	203	164	156	6	8	120	14	131
"ID"	2008	"#1"	"Camas"	2	405	293	203	82	76	179	56	220
"ID"	2008	"#2"	"Camas"	2	432	335	219	105	98	193	70	249
"ID"	2008	"1"	"Canyon"	1	672	557	424	114	113	374	183	349
"ID"	2008	"3"	"Canyon"	1	1641	1400	1059	297	286	982	495	862
"ID"	2008	"4"	"Canyon"	1	712	529	248	253	228	233	317	198
"ID"	2008	"5"	"Canyon"	1	1093	702	285	372	322	283	420	236
"ID"	2008	"6"	"Canyon"	1	842	648	391	236	221	349	332	286
"ID"	2008	"7"	"Canyon"	1	608	419	182	197	193	152	234	152
"ID"	2008	"8"	"Canyon"	1	931	744	448	264	257	387	345	364
"ID"	2008	"9"	"Canyon"	1	840	644	394	223	211	346	316	312
"ID"	2008	"10"	"Canyon"	1	749	620	366	233	214	328	326	267
"ID"	2008	"11"	"Canyon"	1	3190	2516	1470	962	870	1364	1242	1138
"ID"	2008	"12"	"Canyon"	1	1964	1566	1004	516	471	910	692	813
"ID"	2008	"13"	"Canyon"	1	1765	1351	704	582	511	680	703	583
"ID"	2008	"15"	"Canyon"	1	852	585	327	231	206	294	288	268
"ID"	2008	"18"	"Canyon"	1	1803	1511	1120	347	332	1039	563	890
"ID"	2008	"19"	"Canyon"	1	695	561	413	124	131	363	221	325
"ID"	2008	"20"	"Canyon"	1	2075	1747	1230	456	442	1136	650	1024
"ID"	2008	"21"	"Canyon"	1	1288	1028	775	216	203	715	346	649
"ID"	2008	"22"	"Canyon"	1	722	643	460	159	143	425	236	382
"ID"	2008	"23"	"Canyon"	1	951	814	591	192	204	520	312	469
"ID"	2008	"25"	"Canyon"	1	663	536	399	129	130	366	226	303
"ID"	2008	"27"	"Canyon"	1	2263	2031	1330	634	540	1210	871	1056
"ID"	2008	"28"	"Canyon"	1	1551	1220	903	266	260	816	434	745
"ID"	2008	"29"	"Canyon"	1	3172	2492	1663	725	684	1522	1105	1302
"ID"	2008	"30"	"Canyon"	1	2738	2252	1491	689	616	1364	966	1208
"ID"	2008	"31"	"Canyon"	1	1875	1570	1149	364	373	1018	600	912
"ID"	2008	"32"	"Canyon"	1	1645	1351	880	419	428	792	593	701
"ID"	2008	"33"	"Canyon"	1	2625	1946	1191	655	595	1111	879	1012
"ID"	2008	"34"	"Canyon"	1	1387	969	548	390	347	510	482	436
"ID"	2008	"35"	"Canyon"	1	1771	1367	852	463	422	778	618	692
"ID"	2008	"36"	"Canyon"	1	1787	1303	803	438	398	727	584	651
"ID"	2008	"37"	"Canyon"	1	1737	1338	883	410	378	833	561	730
"ID"	2008	"38"	"Canyon"	1	2710	1981	1252	677	583	1154	909	994
"ID"	2008	"39"	"Canyon"	1	2526	1996	1366	585	548	1288	843	1079
"ID"	2008	"40"	"Canyon"	1	1837	1188	549	570	533	518	692	449
"ID"	2008	"41"	"Canyon"	1	1720	1367	916	406	381	876	571	750
"ID"	2008	"42"	"Canyon"	1	881	630	328	270	245	296	332	267
"ID"	2008	"43"	"Canyon"	1	1204	855	538	280	281	469	387	423
"ID"	2008	"44"	"Canyon"	1	1232	947	547	357	326	502	473	436
"ID"	2008	"45"	"Canyon"	1	1328	1048	712	295	309	620	467	549
"ID"	2008	"46"	"Canyon"	1	1847	1609	1026	535	472	982	710	855
"ID"	2008	"47"	"Canyon"	1	1819	1364	852	466	442	772	658	656
"ID"	2008	"48"	"Canyon"	1	1567	1185	747	383	355	717	509	643
"ID"	2008	"49"	"Canyon"	1	1916	1654	1098	516	513	991	729	873
"ID"	2008	"50"	"Canyon"	1	1960	1724	1206	478	448	1127	676	976
"ID"	2008	"51"	"Canyon"	1	1278	1017	721	243	241	631	394	579
"ID"	2008	"52"	"Canyon"	1	1051	820	569	211	208	507	367	418
"ID"	2008	"54"	"Canyon"	1	1064	882	624	219	210	561	313	544
"ID"	2008	"55"	"Canyon"	1	934	791	588	173	167	531	282	479
"ID"	2008	"56"	"Canyon"	1	2482	1970	1412	469	481	1285	762	1136
"ID"	2008	"57"	"Canyon"	1	585	512	370	107	96	337	190	299
"ID"	2008	"59"	"Canyon"	1	2781	2386	1636	684	613	1503	975	1298
"ID"	2008	"60"	"Canyon"	1	1718	1489	1084	350	330	1023	540	906
"ID"	2008	"62"	"Canyon"	1	1275	984	628	317	293	596	448	500
"ID"	2008	"Soda Springs #1"	"Caribou"	2	884	592	473	95	99	423	78	488
"ID"	2008	"Soda Springs #2"	"Caribou"	2	704	429	313	85	72	298	75	335
"ID"	2008	"Soda Springs #3"	"Caribou"	2	532	319	241	60	68	216	51	258
"ID"	2008	"Soda Springs #4"	"Caribou"	2	433	253	200	36	41	182	26	219
"ID"	2008	"Grace #1"	"Caribou"	2	773	574	455	87	80	422	79	465
"ID"	2008	"Grace #2"	"Caribou"	2	464	316	245	50	35	223	40	255
"ID"	2008	"Bancroft"	"Caribou"	2	528	364	311	30	37	276	41	312
"ID"	2008	"Wayan"	"Caribou"	2	51	35	32	1	0	26	1	31
"ID"	2008	"Freedom"	"Caribou"	2	93	61	57	2	1	51	5	54
"ID"	2008	"Absentee"	"Caribou"	2		461	329	107	101	282	101	344
"ID"	2008	"101 Burley 1"	"Cassia"	2	304	193	98	77	72	95	76	109
"ID"	2008	"102 Burley 2"	"Cassia"	2	351	210	141	60	52	129	50	152
"ID"	2008	"103 Burley 3"	"Cassia"	2	724	424	308	93	85	291	91	316
"ID"	2008	"104 Burley 4"	"Cassia"	2	740	478	372	88	93	325	91	366
"ID"	2008	"105 Burley 5"	"Cassia"	2	712	431	317	94	87	292	88	327
"ID"	2008	"106 Burley 6"	"Cassia"	2	920	513	380	110	116	331	124	370
"ID"	2008	"107 Burley 7"	"Cassia"	2	263	147	73	59	53	68	55	81
"ID"	2008	"108 Albion"	"Cassia"	2	319	259	211	39	40	172	50	197
"ID"	2008	"109 Almo"	"Cassia"	2	108	87	77	7	7	72	10	74
"ID"	2008	"110 Bridge"	"Cassia"	2	55	41	38	2	2	32	5	33
"ID"	2008	"111 Declo"	"Cassia"	2	760	527	453	56	70	376	61	432
"ID"	2008	"112 Elba"	"Cassia"	2	117	100	97	2	5	80	1	92
"ID"	2008	"113 Grandview"	"Cassia"	2	474	298	254	37	33	223	44	242
"ID"	2008	"114 Heglar-Yale"	"Cassia"	2	123	80	69	6	6	72	5	74
"ID"	2008	"115 Jackson"	"Cassia"	2	222	162	128	23	28	116	29	121
"ID"	2008	"116 Malta"	"Cassia"	2	331	243	211	12	16	205	13	216
"ID"	2008	"117 Oakley 1"	"Cassia"	2	324	240	206	26	14	184	28	197
"ID"	2008	"118 Oakley 2"	"Cassia"	2	441	315	282	20	17	253	25	276
"ID"	2008	"119 Parsons"	"Cassia"	2	75	64	52	11	12	39	8	51
"ID"	2008	"120 Pella"	"Cassia"	2	347	239	201	27	26	183	23	207
"ID"	2008	"121 Springdale"	"Cassia"	2	628	432	364	53	46	326	49	360
"ID"	2008	"122 Starrahs Ferry"	"Cassia"	2	1063	731	588	119	136	493	121	583
"ID"	2008	"123 Sublett"	"Cassia"	2	45	38	33	5	1	27	1	34
"ID"	2008	"124 Unity"	"Cassia"	2	681	449	377	52	60	306	63	357
"ID"	2008	"125 View"	"Cassia"	2	258	164	149	7	7	133	9	143
"ID"	2008	"Absentee"	"Cassia"	2		1114	830	247	232	730	217	830
"ID"	2008	"#1"	"Clark"	2	193	154	111	31	33	86	25	121
"ID"	2008	"#2"	"Clark"	2	103	97	75	20	22	51	20	66
"ID"	2008	"#3"	"Clark"	2	152	139	119	13	15	92	20	112
"ID"	2008	"1 Orofino"	"Clearwater"	1	651	376	216	129	144	183	143	152
"ID"	2008	"2 Orofino"	"Clearwater"	1	630	384	249	118	116	237	131	145
"ID"	2008	"3 Orofino"	"Clearwater"	1	729	490	313	146	157	272	131	163
"ID"	2008	"4 Orofino"	"Clearwater"	1	485	298	207	80	91	180	64	78
"ID"	2008	"5 Orofino"	"Clearwater"	1	661	412	244	148	159	231	130	105
"ID"	2008	"6 Fraser"	"Clearwater"	1	101	65	44	14	23	37	18	22
"ID"	2008	"7 Greer"	"Clearwater"	1	50	38	12	25	24	13	25	9
"ID"	2008	"8 Teakean"	"Clearwater"	1	193	148	108	32	40	94	34	78
"ID"	2008	"9 Weippe"	"Clearwater"	1	602	412	285	100	116	249	104	124
"ID"	2008	"10 Headquarters"	"Clearwater"	1	26	21	16	5	4	13	8	12
"ID"	2008	"11 Ahsahka"	"Clearwater"	1	355	235	153	75	88	130	79	68
"ID"	2008	"12 Pierce"	"Clearwater"	1	388	260	189	45	58	169	65	95
"ID"	2008	"13 Elk River"	"Clearwater"	1	118	79	37	33	33	40	24	28
"ID"	2008	"14 Grangemont"	"Clearwater"	1	112	100	63	33	37	55	42	50
"ID"	2008	"15 Absentee"	"Clearwater"	1		694	433	228	240	375	282	295
"ID"	2008	"001-Challis"	"Custer"	2	601	495	353	122	114	289	110	336
"ID"	2008	"003-Round Valley 1"	"Custer"	2	582	462	380	67	67	293	87	335
"ID"	2008	"004-Round Valley 2"	"Custer"	2	361	295	225	58	42	200	48	212
"ID"	2008	"005-Mackay"	"Custer"	2	355	282	179	86	93	133	89	176
"ID"	2008	"006-Leslie"	"Custer"	2	440	358	263	80	76	219	74	267
"ID"	2008	"007-Battleground"	"Custer"	2	112	98	65	26	24	52	23	68
"ID"	2008	"008-Sunol"	"Custer"	2	64	58	44	12	11	32	11	44
"ID"	2008	"009-Clayton"	"Custer"	2	202	166	116	28	26	97	32	102
"ID"	2008	"011-Stanley"	"Custer"	2	267	205	69	132	114	74	105	89
"ID"	2008	"1-Atlanta"	"Elmore"	2	56	37	18	15	17	12	15	20
"ID"	2008	"2-Camas"	"Elmore"	2	18	10	5	4	4	3	4	4
"ID"	2008	"3-Chattin Flats"	"Elmore"	2	64	47	40	5	9	37	7	39
"ID"	2008	"4-Glenns Ferry"	"Elmore"	2	902	601	394	168	188	319	152	421
"ID"	2008	"5-Hammett"	"Elmore"	2	261	174	131	35	41	118	40	126
"ID"	2008	"6-King Hill"	"Elmore"	2	250	157	105	43	50	90	35	114
"ID"	2008	"7-Mayfield"	"Elmore"	2	204	126	89	33	30	80	20	103
"ID"	2008	"8-Mtn. Home #1"	"Elmore"	2	991	362	259	91	76	238	92	244
"ID"	2008	"9-Mtn. Home #2"	"Elmore"	2	1260	520	345	156	129	331	136	365
"ID"	2008	"10-Mtn. Home #3"	"Elmore"	2	1148	546	346	164	164	316	127	392
"ID"	2008	"11-Mtn. Home #4"	"Elmore"	2	1025	459	324	121	123	301	92	341
"ID"	2008	"12-Mtn. Home #5"	"Elmore"	2	995	509	358	122	127	330	98	382
"ID"	2008	"13-Mtn. Home #6"	"Elmore"	2	813	395	287	95	100	274	70	310
"ID"	2008	"14-Mtn. Home #7"	"Elmore"	2	976	475	324	144	142	293	111	350
"ID"	2008	"15-Mtn. Home #8"	"Elmore"	2	1491	684	473	193	199	423	160	479
"ID"	2008	"16-Mtn. Home #9"	"Elmore"	2	1214	659	460	185	178	435	144	488
"ID"	2008	"17-Pine"	"Elmore"	2	139	82	61	18	16	50	15	62
"ID"	2008	"18-Prairie"	"Elmore"	2	74	64	53	7	14	40	9	53
"ID"	2008	"19-Absentee"	"Elmore"	2		2676	1593	992	954	1434	763	1759
"ID"	2008	"Preston #1"	"Franklin"	2	528	387	300	68	65	289	58	316
"ID"	2008	"Preston #2"	"Franklin"	2	638	473	384	56	67	348	52	392
"ID"	2008	"Preston #3"	"Franklin"	2	530	397	329	40	46	310	42	338
"ID"	2008	"Preston #4"	"Franklin"	2	489	334	265	46	35	257	43	263
"ID"	2008	"Preston #5"	"Franklin"	2	527	411	340	48	51	315	56	344
"ID"	2008	"Banida-Winder #6"	"Franklin"	2	160	134	119	8	11	112	15	112
"ID"	2008	"Clifton-Oxford #7"	"Franklin"	2	288	231	190	21	28	177	16	202
"ID"	2008	"Dayton #8"	"Franklin"	2	488	364	293	30	39	279	41	304
"ID"	2008	"Fairview #9"	"Franklin"	2	437	357	285	51	46	266	46	290
"ID"	2008	"Franklin #10"	"Franklin"	2	564	444	348	49	57	351	59	376
"ID"	2008	"Mapleton #11"	"Franklin"	2	290	239	199	23	24	193	23	208
"ID"	2008	"Mink Creek #12"	"Franklin"	2	175	144	118	11	13	113	14	126
"ID"	2008	"Thatcher-Cleveland #13"	"Franklin"	2	149	116	89	13	16	85	21	88
"ID"	2008	"Treas.-Riverdale #14"	"Franklin"	2	328	267	213	33	44	193	30	226
"ID"	2008	"Weston #15"	"Franklin"	2	500	401	336	37	45	313	40	343
"ID"	2008	"Whitney #16"	"Franklin"	2	388	325	261	28	39	255	35	282
"ID"	2008	"Worm Creek #17"	"Franklin"	2	274	221	177	38	34	167	33	173
"ID"	2008	"1 Ashton #1"	"Fremont"	2	537	375	291	64	58	256	53	306
"ID"	2008	"2 Ashton #2"	"Fremont"	2	708	506	414	77	71	361	64	430
"ID"	2008	"3 Chester/Twin Groves"	"Fremont"	2	687	484	391	73	52	311	55	404
"ID"	2008	"4 Drummond/Lamont/Squirrel"	"Fremont"	2	151	109	92	13	6	92	10	94
"ID"	2008	"5 Egin"	"Fremont"	2	654	466	397	52	37	317	40	411
"ID"	2008	"6 Island Park"	"Fremont"	2	778	375	263	98	102	228	96	262
"ID"	2008	"7 Newdale"	"Fremont"	2	244	176	152	17	18	121	14	156
"ID"	2008	"8 Parker"	"Fremont"	2	472	340	286	40	49	231	34	287
"ID"	2008	"9 St. Anthony 1"	"Fremont"	2	780	485	371	91	70	331	58	404
"ID"	2008	"10 St. Anthony 2"	"Fremont"	2	511	336	235	87	63	217	61	257
"ID"	2008	"11 St. Anthony 3"	"Fremont"	2	817	549	416	115	102	347	85	442
"ID"	2008	"12 Teton"	"Fremont"	2	420	305	253	38	41	211	46	250
"ID"	2008	"13 Warm-River/Green Timber"	"Fremont"	2	114	83	66	12	17	57	7	72
"ID"	2008	"14 Wilford"	"Fremont"	2	680	483	400	62	50	343	53	414
"ID"	2008	"15 Absentee Leg Dist 34"	"Fremont"	2		708	519	155	136	432	110	568
"ID"	2008	"16 Absentee Leg Dist 35"	"Fremont"	2		235	154	71	72	138	74	155
"ID"	2008	"01 Central"	"Gem"	1	748	405	238	137	131	213	214	167
"ID"	2008	"02 North Emmett"	"Gem"	1	649	308	203	86	84	180	141	157
"ID"	2008	"03 Butteview"	"Gem"	1	850	423	281	123	125	242	205	184
"ID"	2008	"04 South Emmett"	"Gem"	1	864	454	295	130	143	260	216	209
"ID"	2008	"05 West Emmett"	"Gem"	1	577	294	205	76	70	176	132	151
"ID"	2008	"06 Emerson"	"Gem"	1	1448	757	563	162	165	511	311	410
"ID"	2008	"07 Lincoln"	"Gem"	1	956	535	407	108	111	365	204	311
"ID"	2008	"08 Letha"	"Gem"	1	1115	642	457	139	131	399	230	388
"ID"	2008	"09 Hanna"	"Gem"	1	722	399	316	71	73	284	133	251
"ID"	2008	"10 Brick"	"Gem"	1	893	521	416	87	97	366	183	321
"ID"	2008	"11 Bench"	"Gem"	1	618	342	248	81	83	223	134	193
"ID"	2008	"12 Sweet/Montour"	"Gem"	1	539	388	264	109	100	245	151	221
"ID"	2008	"13 Ola"	"Gem"	1	115	82	61	19	19	56	37	40
"ID"	2008	"14 Absentee"	"Gem"	1		2568	1631	838	807	1493	1256	1216
"ID"	2008	"1 E. Gooding City"	"Gooding"	2	577	383	233	122	129	205	110	260
"ID"	2008	"2 W. Gooding City"	"Gooding"	2	878	527	311	178	174	307	133	378
"ID"	2008	"3 Gooding Rural"	"Gooding"	2	1469	1018	783	199	193	693	141	824
"ID"	2008	"4 Wendell City"	"Gooding"	2	1093	737	487	217	196	444	176	531
"ID"	2008	"5 Wendell Rural"	"Gooding"	2	1041	753	595	119	140	516	114	600
"ID"	2008	"6 Bliss"	"Gooding"	2	406	240	160	72	68	145	46	178
"ID"	2008	"7 Hagerman"	"Gooding"	2	1354	958	636	269	268	577	252	663
"ID"	2008	"Absentee"	"Gooding"	2		921	560	313	276	515	236	636
"ID"	2008	"001 Big Butte"	"Idaho"	1	85	71	60	11	16	51	33	39
"ID"	2008	"002 Clearwater"	"Idaho"	1	282	180	137	32	30	131	56	114
"ID"	2008	"003 Cottonwood #1"	"Idaho"	1	425	260	212	47	50	193	92	157
"ID"	2008	"004 Cottonwood #2"	"Idaho"	1	444	292	211	65	70	193	106	162
"ID"	2008	"005 Elk City"	"Idaho"	1	347	155	113	34	34	100	56	84
"ID"	2008	"006 Fenn"	"Idaho"	1	169	114	91	18	25	76	28	78
"ID"	2008	"007 Ferdinand"	"Idaho"	1	233	162	123	25	35	110	57	95
"ID"	2008	"008 Glover"	"Idaho"	1	143	104	67	21	15	72	26	67
"ID"	2008	"009 Greencreek"	"Idaho"	1	208	145	100	37	43	91	69	72
"ID"	2008	"010 Grangeville #1"	"Idaho"	1	570	321	259	52	55	232	108	199
"ID"	2008	"011 Grangeville #2"	"Idaho"	1	590	335	225	89	88	199	144	172
"ID"	2008	"012 Grangeville #3"	"Idaho"	1	592	332	247	70	78	234	135	186
"ID"	2008	"013 Grangeville #4"	"Idaho"	1	845	468	349	104	104	331	191	254
"ID"	2008	"014 Grangeville #5"	"Idaho"	1	919	489	373	100	99	360	195	279
"ID"	2008	"015 Harpster"	"Idaho"	1	267	186	120	38	42	118	71	102
"ID"	2008	"016 Joseph"	"Idaho"	1	21	13	8	2	4	9	6	7
"ID"	2008	"017 Kamiah"	"Idaho"	1	1060	681	448	191	208	409	311	343
"ID"	2008	"018 Keuterville"	"Idaho"	1	241	149	111	36	41	98	55	90
"ID"	2008	"019 Kooskia"	"Idaho"	1	1241	733	463	164	194	436	286	405
"ID"	2008	"020 Lowell"	"Idaho"	1	110	88	52	30	29	53	43	43
"ID"	2008	"021 Pollock"	"Idaho"	1	381	234	159	64	63	131	96	119
"ID"	2008	"022 Riggins"	"Idaho"	1	563	343	244	83	90	206	131	188
"ID"	2008	"023 Slate Creek"	"Idaho"	1	153	114	88	26	20	89	47	69
"ID"	2008	"024 Stites"	"Idaho"	1	363	234	170	44	65	140	100	124
"ID"	2008	"025 Whitebird"	"Idaho"	1	366	225	166	48	38	155	65	139
"ID"	2008	"026 Woodland"	"Idaho"	1	196	126	81	14	19	81	24	93
"ID"	2008	"Absentee"	"Idaho"	1		1965	1218	572	551	1135	828	965
"ID"	2008	"Annis"	"Jefferson"	2	319	245	209	27	21	162	28	211
"ID"	2008	"Clark"	"Jefferson"	2	939	685	555	103	109	479	95	578
"ID"	2008	"Garfield"	"Jefferson"	2	1430	934	788	107	100	689	105	799
"ID"	2008	"Grant"	"Jefferson"	2	652	494	414	67	55	352	54	427
"ID"	2008	"Hamer"	"Jefferson"	2	316	221	188	24	24	162	26	185
"ID"	2008	"Labelle"	"Jefferson"	2	732	514	435	58	57	370	65	442
"ID"	2008	"Lewisville"	"Jefferson"	2	737	503	404	83	74	353	79	412
"ID"	2008	"Lorenzo"	"Jefferson"	2	243	186	155	22	19	124	20	158
"ID"	2008	"Menan"	"Jefferson"	2	808	616	515	72	73	424	81	506
"ID"	2008	"Monteview"	"Jefferson"	2	256	199	165	20	22	125	22	171
"ID"	2008	"Rigby 1"	"Jefferson"	2	690	453	348	82	67	293	73	356
"ID"	2008	"Rigby 2"	"Jefferson"	2	483	326	232	76	73	171	66	247
"ID"	2008	"Rigby 3"	"Jefferson"	2	2153	1462	1202	197	156	1040	168	1248
"ID"	2008	"Rigby 4"	"Jefferson"	2	1005	735	578	127	123	504	105	612
"ID"	2008	"Ririe"	"Jefferson"	2	924	658	493	128	110	416	112	523
"ID"	2008	"Roberts"	"Jefferson"	2	599	439	322	103	97	259	114	309
"ID"	2008	"Terreton"	"Jefferson"	2	587	443	370	53	54	308	47	384
"ID"	2008	"Absentee"	"Jefferson"	2		1517	1167	292	277	966	282	1181
"ID"	2008	"Bishop-Court"	"Jerome"	2	910	484	319	142	131	307	116	343
"ID"	2008	"Canyonside"	"Jerome"	2	1844	1017	769	212	217	695	173	800
"ID"	2008	"Eden"	"Jerome"	2	582	347	241	86	90	218	68	262
"ID"	2008	"Falls City"	"Jerome"	2	564	351	266	74	80	231	61	275
"ID"	2008	"Hazelton"	"Jerome"	2	1008	630	474	112	134	380	105	478
"ID"	2008	"Northeast"	"Jerome"	2	1306	735	480	217	201	449	150	545
"ID"	2008	"Northwest"	"Jerome"	2	903	476	316	141	128	279	112	345
"ID"	2008	"Shepherd-View"	"Jerome"	2	1205	692	508	142	155	446	109	551
"ID"	2008	"Southeast"	"Jerome"	2	608	329	201	105	96	192	79	235
"ID"	2008	"Southwest"	"Jerome"	2	1168	640	424	173	172	402	151	471
"ID"	2008	"Absentee"	"Jerome"	2		1354	899	390	382	744	335	926
"ID"	2008	"1"	"Kootenai"	1	1166	721	479	200	207	401	315	364
"ID"	2008	"2"	"Kootenai"	1	1206	700	526	150	139	502	254	425
"ID"	2008	"3"	"Kootenai"	1	1288	724	514	179	169	465	284	403
"ID"	2008	"4"	"Kootenai"	1	908	523	322	178	176	305	248	257
"ID"	2008	"5"	"Kootenai"	1	1468	776	514	235	225	492	326	425
"ID"	2008	"6"	"Kootenai"	1	1819	1072	818	207	232	721	403	632
"ID"	2008	"7"	"Kootenai"	1	1480	857	566	247	261	516	368	464
"ID"	2008	"8"	"Kootenai"	1	1988	1045	713	302	281	644	449	559
"ID"	2008	"9"	"Kootenai"	1	1537	821	578	215	231	508	348	438
"ID"	2008	"10"	"Kootenai"	1	757	400	265	115	119	230	185	203
"ID"	2008	"11"	"Kootenai"	1	1171	617	415	179	178	379	256	335
"ID"	2008	"12"	"Kootenai"	1	658	332	227	96	90	208	133	184
"ID"	2008	"13"	"Kootenai"	1	589	304	222	74	59	225	97	196
"ID"	2008	"14"	"Kootenai"	1	1202	650	462	163	156	419	282	345
"ID"	2008	"15"	"Kootenai"	1	1514	824	540	260	228	527	356	440
"ID"	2008	"16"	"Kootenai"	1	1604	817	585	217	185	571	321	463
"ID"	2008	"17"	"Kootenai"	1	970	569	378	167	152	360	232	308
"ID"	2008	"18"	"Kootenai"	1	1867	974	668	262	264	611	412	529
"ID"	2008	"19"	"Kootenai"	1	1347	760	526	200	201	478	326	399
"ID"	2008	"20"	"Kootenai"	1	1654	570	373	166	158	344	242	291
"ID"	2008	"21"	"Kootenai"	1	1116	587	385	178	165	368	253	312
"ID"	2008	"22"	"Kootenai"	1	1549	714	516	185	172	487	263	437
"ID"	2008	"23"	"Kootenai"	1	1209	680	445	201	191	416	322	334
"ID"	2008	"24"	"Kootenai"	1	907	507	317	166	162	289	241	240
"ID"	2008	"25"	"Kootenai"	1	1505	838	538	267	250	479	368	434
"ID"	2008	"26"	"Kootenai"	1	857	495	286	192	176	277	246	230
"ID"	2008	"27"	"Kootenai"	1	860	419	268	140	130	247	197	203
"ID"	2008	"28"	"Kootenai"	1	1733	977	630	311	270	615	410	532
"ID"	2008	"29"	"Kootenai"	1	893	522	323	159	177	267	273	230
"ID"	2008	"30"	"Kootenai"	1	1371	742	512	201	209	442	308	400
"ID"	2008	"31"	"Kootenai"	1	498	205	113	75	75	101	112	83
"ID"	2008	"32"	"Kootenai"	1	1253	639	387	217	205	343	310	296
"ID"	2008	"33"	"Kootenai"	1	735	389	234	135	119	227	188	190
"ID"	2008	"34"	"Kootenai"	1	1523	763	526	207	185	505	293	447
"ID"	2008	"35"	"Kootenai"	1	974	517	329	167	165	311	222	274
"ID"	2008	"36"	"Kootenai"	1	1316	640	453	162	151	440	250	368
"ID"	2008	"37"	"Kootenai"	1	888	432	271	148	144	249	194	224
"ID"	2008	"38"	"Kootenai"	1	2835	1540	963	531	463	922	676	802
"ID"	2008	"39"	"Kootenai"	1	1927	818	473	318	275	466	403	389
"ID"	2008	"40"	"Kootenai"	1	1231	725	486	198	195	459	288	403
"ID"	2008	"41"	"Kootenai"	1	1025	473	294	166	155	278	253	207
"ID"	2008	"42"	"Kootenai"	1	663	361	192	158	148	177	210	142
"ID"	2008	"43"	"Kootenai"	1	998	455	255	187	157	256	230	206
"ID"	2008	"44"	"Kootenai"	1	1075	491	290	183	189	251	245	219
"ID"	2008	"45"	"Kootenai"	1	1534	669	397	252	246	368	334	313
"ID"	2008	"46"	"Kootenai"	1	1699	759	473	258	225	480	333	404
"ID"	2008	"47"	"Kootenai"	1	908	415	214	182	160	205	224	172
"ID"	2008	"48"	"Kootenai"	1	989	506	273	205	190	251	270	206
"ID"	2008	"49"	"Kootenai"	1	927	476	267	199	183	252	250	212
"ID"	2008	"50"	"Kootenai"	1	1208	552	340	196	158	346	249	274
"ID"	2008	"51"	"Kootenai"	1	785	308	143	152	136	131	182	112
"ID"	2008	"52"	"Kootenai"	1	874	434	227	182	169	212	240	167
"ID"	2008	"53"	"Kootenai"	1	1121	524	274	226	216	249	293	212
"ID"	2008	"54"	"Kootenai"	1	1103	413	157	226	208	164	252	141
"ID"	2008	"55"	"Kootenai"	1	933	413	150	236	197	153	257	136
"ID"	2008	"56"	"Kootenai"	1	824	409	176	214	193	179	240	154
"ID"	2008	"57"	"Kootenai"	1	907	433	208	194	181	205	250	174
"ID"	2008	"58"	"Kootenai"	1	1018	470	179	259	226	178	303	142
"ID"	2008	"59"	"Kootenai"	1	712	312	142	150	137	124	179	106
"ID"	2008	"60"	"Kootenai"	1	633	299	119	164	146	118	187	104
"ID"	2008	"61"	"Kootenai"	1	1069	505	374	118	113	362	200	287
"ID"	2008	"62"	"Kootenai"	1	554	376	223	133	145	201	207	164
"ID"	2008	"63"	"Kootenai"	1	1124	607	432	149	139	417	223	365
"ID"	2008	"64"	"Kootenai"	1	761	347	266	66	72	248	117	220
"ID"	2008	"65"	"Kootenai"	1	846	480	327	139	125	321	188	272
"ID"	2008	"66"	"Kootenai"	1	915	557	355	180	154	356	230	308
"ID"	2008	"67"	"Kootenai"	1	587	278	192	77	72	180	125	150
"ID"	2008	"68"	"Kootenai"	1	230	135	83	45	51	74	75	59
"ID"	2008	"69"	"Kootenai"	1	1151	624	300	293	256	288	358	246
"ID"	2008	"70"	"Kootenai"	1	290	152	90	52	58	81	80	69
"ID"	2008	"71"	"Kootenai"	1	392	265	165	85	84	154	123	133
"ID"	2008	"Absentee 2"	"Kootenai"	1		315	174	132	120	179	163	145
"ID"	2008	"Absentee 3"	"Kootenai"	1		7404	4581	2562	2357	4382	3439	3657
"ID"	2008	"Absentee 4"	"Kootenai"	1		7826	3898	3618	3355	3721	4465	3050
"ID"	2008	"Absentee 5"	"Kootenai"	1		6786	4011	2512	2247	3828	3289	3245
"ID"	2008	"Moscow 1"	"Latah"	1	849	403	128	251	200	137	208	155
"ID"	2008	"Moscow 2"	"Latah"	1	1618	802	325	438	381	331	449	305
"ID"	2008	"Moscow 3"	"Latah"	1	1064	581	287	262	248	286	312	247
"ID"	2008	"Moscow 4"	"Latah"	1	973	547	269	245	233	257	317	215
"ID"	2008	"Moscow 5"	"Latah"	1	1154	673	323	327	304	320	399	249
"ID"	2008	"Moscow 6"	"Latah"	1	1202	550	175	337	328	171	365	167
"ID"	2008	"Moscow 7"	"Latah"	1	990	510	258	228	217	236	271	215
"ID"	2008	"Moscow 8"	"Latah"	1	721	391	160	217	163	176	198	147
"ID"	2008	"Moscow 9"	"Latah"	1	893	491	217	247	239	222	304	175
"ID"	2008	"Moscow 10"	"Latah"	1	1033	539	198	320	312	192	368	160
"ID"	2008	"Moscow 11"	"Latah"	1	1016	563	185	337	325	176	382	163
"ID"	2008	"Moscow 12"	"Latah"	1	1053	584	288	276	255	293	329	238
"ID"	2008	"Moscow 13"	"Latah"	1	830	406	144	244	236	148	271	120
"ID"	2008	"Moscow 14"	"Latah"	1	1201	553	193	310	301	200	345	185
"ID"	2008	"Moscow 15"	"Latah"	1	1274	652	230	389	378	221	421	208
"ID"	2008	"Moscow 16"	"Latah"	1	1256	563	165	371	321	164	367	151
"ID"	2008	"Moscow 17"	"Latah"	1	942	544	257	258	249	253	315	208
"ID"	2008	"Moscow 18"	"Latah"	1	1191	538	176	328	275	187	315	177
"ID"	2008	"19 Deary"	"Latah"	1	858	578	339	207	241	304	303	256
"ID"	2008	"20 Farmington"	"Latah"	1	37	31	26	5	4	26	12	19
"ID"	2008	"21 Genesee"	"Latah"	1	1016	643	364	252	258	343	342	293
"ID"	2008	"22 Harvard"	"Latah"	1	257	168	121	43	52	104	72	91
"ID"	2008	"23 Juliaetta"	"Latah"	1	495	346	211	111	152	164	172	161
"ID"	2008	"24 Kendrick"	"Latah"	1	417	282	172	94	109	148	142	132
"ID"	2008	"25 Linden"	"Latah"	1	78	70	50	15	21	45	33	36
"ID"	2008	"26 Palouse"	"Latah"	1	326	201	130	66	63	121	97	97
"ID"	2008	"27 Potlatch"	"Latah"	1	896	611	357	218	235	324	322	261
"ID"	2008	"28 Princeton"	"Latah"	1	426	299	198	82	94	193	131	163
"ID"	2008	"29 Troy"	"Latah"	1	1327	857	435	368	384	403	495	338
"ID"	2008	"30 Viola"	"Latah"	1	386	257	157	87	89	152	122	128
"ID"	2008	"31 Cora"	"Latah"	1	212	135	85	44	49	77	63	68
"ID"	2008	"32 Bovill"	"Latah"	1	182	119	55	50	54	50	71	39
"ID"	2008	"Absentee"	"Latah"	1		3584	1310	2168	2084	1282	2482	996
"ID"	2008	"Salmon"	"Lemhi"	2	1372	1031	727	254	237	629	237	748
"ID"	2008	"Depot"	"Lemhi"	2	1191	918	685	196	186	611	160	723
"ID"	2008	"Brooklyn"	"Lemhi"	2	1654	1258	794	417	356	725	335	856
"ID"	2008	"North Fork"	"Lemhi"	2	328	281	188	80	78	161	78	181
"ID"	2008	"Mineral Hill"	"Lemhi"	2	55	51	37	11	14	31	15	35
"ID"	2008	"Iron Creek"	"Lemhi"	2	215	179	135	36	45	107	52	116
"ID"	2008	"Pahsimeroi"	"Lemhi"	2	89	79	61	13	9	55	16	59
"ID"	2008	"Lemhi"	"Lemhi"	2	287	216	169	33	32	136	32	170
"ID"	2008	"Junction"	"Lemhi"	2	221	173	142	21	29	115	30	134
"ID"	2008	"001 Nezperce"	"Lewis"	1	467	406	254	128	114	251	207	183
"ID"	2008	"002 West Kamiah"	"Lewis"	1	693	497	343	122	131	306	220	253
"ID"	2008	"003 East Kamiah"	"Lewis"	1	238	165	121	31	38	111	60	94
"ID"	2008	"004 Craigmont"	"Lewis"	1	442	370	263	91	108	211	173	167
"ID"	2008	"005 Winchester"	"Lewis"	1	355	315	224	79	81	198	141	160
"ID"	2008	"006 Reubens"	"Lewis"	1	53	44	26	16	8	30	15	26
"ID"	2008	"007 Mohler"	"Lewis"	1	52	47	36	8	10	35	21	25
"ID"	2008	"008 Slickpoo"	"Lewis"	1	13	12	8	4	2	8	9	2
"ID"	2008	"Shoshone #1"	"Lincoln"	2	444	334	201	110	112	171	91	220
"ID"	2008	"Shoshone #2"	"Lincoln"	2	511	384	196	174	147	177	117	236
"ID"	2008	"N. Shoshone #3"	"Lincoln"	2	469	358	248	94	89	220	80	262
"ID"	2008	"Richfield #4"	"Lincoln"	2	582	444	299	117	125	255	99	313
"ID"	2008	"Dietrich #5"	"Lincoln"	2	433	353	265	48	48	227	43	266
"ID"	2008	"Kimama #6"	"Lincoln"	2	32	26	23	2	0	18	4	18
"ID"	2008	"1"	"Madison"	2	391	274	236	23	30	186	23	237
"ID"	2008	"2"	"Madison"	2	1116	742	615	101	84	531	86	630
"ID"	2008	"3"	"Madison"	2	1231	853	742	76	66	631	73	761
"ID"	2008	"4"	"Madison"	2	498	351	298	31	26	265	33	310
"ID"	2008	"5"	"Madison"	2	1572	930	755	117	92	652	90	799
"ID"	2008	"6"	"Madison"	2	1147	821	710	86	73	609	75	728
"ID"	2008	"7"	"Madison"	2	1384	886	746	96	62	622	57	784
"ID"	2008	"8"	"Madison"	2	2246	1486	1250	186	122	1144	128	1269
"ID"	2008	"9"	"Madison"	2	921	505	416	66	44	370	43	414
"ID"	2008	"10"	"Madison"	2	1039	536	449	55	34	401	43	447
"ID"	2008	"11"	"Madison"	2	344	198	178	16	12	153	13	167
"ID"	2008	"12"	"Madison"	2	310	231	197	18	17	166	22	180
"ID"	2008	"13"	"Madison"	2	204	148	127	15	4	121	10	126
"ID"	2008	"14"	"Madison"	2	550	361	280	53	37	237	35	283
"ID"	2008	"15"	"Madison"	2	1530	927	811	82	57	731	53	822
"ID"	2008	"16"	"Madison"	2	2044	1217	980	183	143	878	120	1045
"ID"	2008	"17"	"Madison"	2	249	177	145	22	18	120	20	152
"ID"	2008	"18"	"Madison"	2	896	645	537	87	70	425	66	556
"ID"	2008	"19"	"Madison"	2	792	535	478	44	58	388	51	474
"ID"	2008	"Absentee"	"Madison"	2		1507	1181	270	233	922	179	1262
"ID"	2008	"001 Acequia"	"Minidoka"	2	826	506	412	78	75	355	72	403
"ID"	2008	"002 Emerson"	"Minidoka"	2	1021	691	540	117	115	465	114	556
"ID"	2008	"003 Heyburn #1"	"Minidoka"	2	1020	576	397	146	151	339	153	405
"ID"	2008	"004 Heyburn #2"	"Minidoka"	2	1056	712	553	140	127	474	138	543
"ID"	2008	"005 Paul"	"Minidoka"	2	890	607	429	144	133	383	135	445
"ID"	2008	"006 Pioneer"	"Minidoka"	2	1040	648	500	108	103	441	89	542
"ID"	2008	"007 Rupert #1"	"Minidoka"	2	728	430	281	115	117	274	112	304
"ID"	2008	"008 Rupert #2"	"Minidoka"	2	785	464	322	105	102	279	104	347
"ID"	2008	"009 Rupert #3"	"Minidoka"	2	583	297	199	75	84	175	87	195
"ID"	2008	"010 Rupert #4"	"Minidoka"	2	773	490	345	112	109	311	120	347
"ID"	2008	"011 Rupert #5"	"Minidoka"	2	687	390	270	93	106	235	96	274
"ID"	2008	"Absentee"	"Minidoka"	2		1307	839	397	359	715	341	901
"ID"	2008	"Lewiston 1"	"Nez Perce"	1	360	207	92	95	101	86	127	67
"ID"	2008	"Lewiston 2"	"Nez Perce"	1	445	312	132	166	147	131	183	106
"ID"	2008	"Lewiston 3"	"Nez Perce"	1	405	277	109	153	141	114	170	94
"ID"	2008	"Lewiston 4"	"Nez Perce"	1	481	350	170	165	159	158	206	123
"ID"	2008	"Lewiston 5"	"Nez Perce"	1	466	355	195	140	147	181	181	154
"ID"	2008	"Lewiston 6"	"Nez Perce"	1	683	568	389	167	179	360	254	293
"ID"	2008	"Lewiston 7"	"Nez Perce"	1	783	552	275	258	246	259	320	212
"ID"	2008	"Lewiston 8"	"Nez Perce"	1	643	492	260	205	198	258	284	183
"ID"	2008	"Lewiston 9"	"Nez Perce"	1	811	617	315	281	292	273	364	220
"ID"	2008	"Lewiston 10"	"Nez Perce"	1	707	527	296	210	216	258	289	213
"ID"	2008	"Lewiston 11"	"Nez Perce"	1	605	437	223	191	201	187	246	166
"ID"	2008	"Lewiston 12"	"Nez Perce"	1	1142	922	580	314	300	575	454	439
"ID"	2008	"Lewiston 13"	"Nez Perce"	1	1197	927	545	352	369	499	501	384
"ID"	2008	"Lewiston 14"	"Nez Perce"	1	653	459	257	164	186	229	260	183
"ID"	2008	"Lewiston 15"	"Nez Perce"	1	1136	869	427	389	395	398	505	289
"ID"	2008	"Lewiston 16"	"Nez Perce"	1	796	585	329	212	246	281	309	247
"ID"	2008	"Lewiston 17"	"Nez Perce"	1	718	516	288	208	208	261	281	215
"ID"	2008	"Lewiston 18"	"Nez Perce"	1	849	647	367	246	270	339	371	247
"ID"	2008	"Lewiston 19"	"Nez Perce"	1	511	379	222	127	155	189	195	166
"ID"	2008	"Lewiston 20"	"Nez Perce"	1	804	609	331	250	275	280	322	253
"ID"	2008	"Lewiston 21"	"Nez Perce"	1	992	769	473	259	293	420	391	340
"ID"	2008	"Lewiston 22"	"Nez Perce"	1	749	536	314	201	209	276	274	228
"ID"	2008	"Lewiston 23"	"Nez Perce"	1	940	714	433	246	272	373	370	312
"ID"	2008	"Lewiston 24"	"Nez Perce"	1	1040	808	494	280	320	423	436	345
"ID"	2008	"Lewiston 25"	"Nez Perce"	1	1082	868	567	256	315	465	426	390
"ID"	2008	"Lewiston 26"	"Nez Perce"	1	1059	798	477	289	335	405	432	333
"ID"	2008	"Culdesac 30"	"Nez Perce"	1	416	318	186	116	147	147	166	135
"ID"	2008	"Gifford 31"	"Nez Perce"	1	183	147	105	38	51	86	76	69
"ID"	2008	"Hatwai 32"	"Nez Perce"	1	458	333	194	123	136	172	168	148
"ID"	2008	"Lapwai 33"	"Nez Perce"	1	949	644	140	464	469	118	500	117
"ID"	2008	"Leland 34"	"Nez Perce"	1	256	212	160	43	60	136	84	119
"ID"	2008	"Lenore 35"	"Nez Perce"	1	291	234	129	92	96	117	121	105
"ID"	2008	"Peck 36"	"Nez Perce"	1	259	216	129	80	99	103	118	93
"ID"	2008	"Rimrock 37"	"Nez Perce"	1	118	94	68	24	31	58	40	51
"ID"	2008	"Spalding 38"	"Nez Perce"	1	438	351	211	124	129	197	170	162
"ID"	2008	"Tammany 39"	"Nez Perce"	1	650	531	377	135	143	348	199	314
"ID"	2008	"Webb 40"	"Nez Perce"	1	207	164	98	60	64	81	89	66
"ID"	2008	"Malad 1"	"Oneida"	2	801	631	490	112	124	427	99	490
"ID"	2008	"Malad 2"	"Oneida"	2	674	521	369	129	118	332	101	376
"ID"	2008	"Malad 3"	"Oneida"	2	691	534	418	89	94	371	83	428
"ID"	2008	"Malad 4"	"Oneida"	2	474	372	314	38	34	276	49	304
"ID"	2008	"Curlew 5"	"Oneida"	2	120	97	80	9	7	73	7	78
"ID"	2008	"Holbrook 6"	"Oneida"	2	81	62	53	4	8	44	9	48
"ID"	2008	"01 N. Homedale"	"Owyhee"	1	795	567	355	180	156	330	243	288
"ID"	2008	"02 S. Homedale"	"Owyhee"	1	1040	721	519	166	151	482	263	418
"ID"	2008	"03 N. Marsing"	"Owyhee"	1	738	493	348	114	122	293	204	271
"ID"	2008	"04 S. Marsing"	"Owyhee"	1	726	505	369	124	121	322	188	282
"ID"	2008	"05 Pleasant Valley"	"Owyhee"	1	77	66	63	1	1	62	8	58
"ID"	2008	"06 Wilson"	"Owyhee"	1	489	363	279	65	60	249	99	251
"ID"	2008	"07 Murphy"	"Owyhee"	1	259	167	131	29	28	118	50	107
"ID"	2008	"08 Oreana"	"Owyhee"	1	151	122	103	10	15	87	34	82
"ID"	2008	"09 Grand View"	"Owyhee"	1	512	379	278	59	66	268	121	233
"ID"	2008	"10 Bruneau"	"Owyhee"	1	368	262	196	52	56	176	78	175
"ID"	2008	"11 Riddle"	"Owyhee"	1	106	59	16	36	37	16	35	24
"ID"	2008	"12 Three Creek"	"Owyhee"	1	19	17	15	2	3	14	3	14
"ID"	2008	"Absentee"	"Owyhee"	1		466	352	106	102	326	168	278
"ID"	2008	"1"	"Payette"	1	960	510	325	160	142	309	239	257
"ID"	2008	"2"	"Payette"	1	2044	991	731	221	211	704	420	548
"ID"	2008	"3"	"Payette"	1	1000	496	316	157	150	280	258	211
"ID"	2008	"4"	"Payette"	1	608	288	211	65	82	176	118	161
"ID"	2008	"5"	"Payette"	1	1628	903	631	230	218	577	386	466
"ID"	2008	"6"	"Payette"	1	1366	635	453	164	161	423	276	349
"ID"	2008	"7"	"Payette"	1	337	191	152	37	38	145	72	116
"ID"	2008	"8"	"Payette"	1	1911	885	641	206	200	595	359	498
"ID"	2008	"9"	"Payette"	1	1280	754	555	149	152	517	288	455
"ID"	2008	"10"	"Payette"	1	200	135	95	34	32	88	56	75
"ID"	2008	"Absentee"	"Payette"	1		2987	1878	992	946	1740	1514	1374
"ID"	2008	"1"	"Power"	2	760	497	277	208	176	277	131	337
"ID"	2008	"2"	"Power"	2	968	645	383	243	190	380	164	454
"ID"	2008	"3"	"Power"	2	1071	700	427	241	228	397	184	479
"ID"	2008	"4"	"Power"	2	354	248	185	53	45	161	34	198
"ID"	2008	"5"	"Power"	2	128	99	88	11	12	84	8	88
"ID"	2008	"6"	"Power"	2	433	290	163	110	87	154	89	184
"ID"	2008	"Absentee"	"Power"	2		421	231	161	166	188	126	267
"ID"	2008	"01-Prichard/Murray"	"Shoshone"	1	173	127	63	53	52	60	73	48
"ID"	2008	"02-Mullan"	"Shoshone"	1	467	357	122	193	214	100	244	83
"ID"	2008	"03-Wallace"	"Shoshone"	1	431	271	122	123	120	113	180	76
"ID"	2008	"04-Wallace"	"Shoshone"	1	357	251	110	126	125	101	158	80
"ID"	2008	"05-Silverton"	"Shoshone"	1	380	267	144	111	115	118	156	96
"ID"	2008	"06-Osburn"	"Shoshone"	1	569	419	206	177	171	196	249	156
"ID"	2008	"07-Osburn"	"Shoshone"	1	639	450	233	191	213	189	278	159
"ID"	2008	"08-Kellogg"	"Shoshone"	1	377	260	134	107	100	134	141	104
"ID"	2008	"09-Kellogg"	"Shoshone"	1	725	536	264	213	258	205	338	173
"ID"	2008	"10-Kellogg"	"Shoshone"	1	318	214	110	91	101	87	140	67
"ID"	2008	"11-Wardner"	"Shoshone"	1	116	70	34	31	37	24	43	25
"ID"	2008	"12-Smelterville"	"Shoshone"	1	365	263	97	142	151	79	174	75
"ID"	2008	"13-Pinehurst"	"Shoshone"	1	341	247	137	94	110	113	134	96
"ID"	2008	"14-Pinehurst"	"Shoshone"	1	891	653	363	250	285	312	395	224
"ID"	2008	"15-Kingston"	"Shoshone"	1	820	610	344	238	238	312	347	242
"ID"	2008	"16-Calder"	"Shoshone"	1	96	78	50	21	22	46	37	39
"ID"	2008	"17-Clarkia"	"Shoshone"	1	50	42	21	16	21	17	30	10
"ID"	2008	"18-Avery"	"Shoshone"	1	51	39	24	15	17	17	22	17
"ID"	2008	"Absentee"	"Shoshone"	1		754	375	329	344	329	424	282
"ID"	2008	"1"	"Teton"	2	1462	684	378	287	254	304	250	397
"ID"	2008	"2"	"Teton"	2	1740	608	345	246	223	301	208	360
"ID"	2008	"3"	"Teton"	2	1515	514	244	259	210	203	197	281
"ID"	2008	"4"	"Teton"	2	1358	513	311	184	162	209	146	340
"ID"	2008	"Absentee"	"Teton"	2		2398	985	1326	1223	795	1145	1109
"ID"	2008	"Buhl 1"	"Twin Falls"	2	694	481	329	126	153	257	116	341
"ID"	2008	"Buhl 2"	"Twin Falls"	2	579	393	261	108	114	221	81	292
"ID"	2008	"Buhl 3"	"Twin Falls"	2	429	293	202	77	83	167	63	213
"ID"	2008	"Buhl 4"	"Twin Falls"	2	627	381	232	122	132	194	109	241
"ID"	2008	"Buhl 5"	"Twin Falls"	2	352	251	140	88	84	127	85	154
"ID"	2008	"Buhl 6"	"Twin Falls"	2	251	170	104	56	59	91	51	110
"ID"	2008	"Buhl 7"	"Twin Falls"	2	918	614	394	180	163	356	142	432
"ID"	2008	"Castleford"	"Twin Falls"	2	503	342	257	71	81	200	62	252
"ID"	2008	"Clover"	"Twin Falls"	2	203	159	120	25	27	103	20	132
"ID"	2008	"Deep Creek"	"Twin Falls"	2	605	403	277	102	112	240	89	301
"ID"	2008	"Filer 1"	"Twin Falls"	2	770	522	357	137	150	306	115	381
"ID"	2008	"Filer 2"	"Twin Falls"	2	855	537	396	113	109	350	90	421
"ID"	2008	"Filer 3"	"Twin Falls"	2	935	631	459	145	151	398	110	490
"ID"	2008	"Hansen"	"Twin Falls"	2	1262	829	632	156	175	545	149	641
"ID"	2008	"Hollister"	"Twin Falls"	2	679	448	333	90	102	279	99	329
"ID"	2008	"Kimberly 1"	"Twin Falls"	2	895	648	472	144	141	424	101	506
"ID"	2008	"Kimberly 2"	"Twin Falls"	2	1192	794	602	150	173	507	151	609
"ID"	2008	"Kimberly 3"	"Twin Falls"	2	622	379	278	80	87	229	70	289
"ID"	2008	"Maroa"	"Twin Falls"	2	320	202	155	35	46	125	41	148
"ID"	2008	"Murtaugh"	"Twin Falls"	2	423	273	205	50	47	193	41	217
"ID"	2008	"Outside Twin Falls 21"	"Twin Falls"	2	274	128	105	20	28	88	15	105
"ID"	2008	"Outside Twin Falls 22"	"Twin Falls"	2	940	523	421	86	108	355	83	420
"ID"	2008	"Outside Twin Falls 23"	"Twin Falls"	2	1114	668	455	172	168	401	148	482
"ID"	2008	"Outside Twin Falls 24"	"Twin Falls"	2	748	400	301	86	92	275	69	322
"ID"	2008	"Outside Twin Falls 25"	"Twin Falls"	2	1187	633	469	142	135	440	96	503
"ID"	2008	"Twin Falls 1"	"Twin Falls"	2	672	337	184	117	136	162	99	213
"ID"	2008	"Twin Falls 2"	"Twin Falls"	2	590	279	143	110	87	145	90	170
"ID"	2008	"Twin Falls 3"	"Twin Falls"	2	663	396	240	119	118	220	104	263
"ID"	2008	"Twin Falls 4"	"Twin Falls"	2	1711	805	494	285	251	459	214	548
"ID"	2008	"Twin Falls 5"	"Twin Falls"	2	2251	1261	782	391	371	735	293	879
"ID"	2008	"Twin Falls 6"	"Twin Falls"	2	701	396	213	158	164	181	135	237
"ID"	2008	"Twin Falls 7"	"Twin Falls"	2	844	390	232	135	129	187	98	252
"ID"	2008	"Twin Falls 8"	"Twin Falls"	2	809	414	233	158	145	221	111	274
"ID"	2008	"Twin Falls 9"	"Twin Falls"	2	454	248	177	58	56	176	45	196
"ID"	2008	"Twin Falls 10"	"Twin Falls"	2	475	252	155	84	76	140	65	173
"ID"	2008	"Twin Falls 11"	"Twin Falls"	2	1212	698	471	191	194	438	121	542
"ID"	2008	"Twin Falls 12"	"Twin Falls"	2	651	345	215	105	107	203	85	244
"ID"	2008	"Twin Falls 13"	"Twin Falls"	2	1473	699	488	187	180	467	144	527
"ID"	2008	"Twin Falls 14"	"Twin Falls"	2	1566	837	583	218	205	549	144	650
"ID"	2008	"Twin Falls 15"	"Twin Falls"	2	1595	879	547	287	263	488	209	626
"ID"	2008	"Twin Falls 16"	"Twin Falls"	2	558	306	177	108	111	160	85	200
"ID"	2008	"Twin Falls 17"	"Twin Falls"	2	759	369	207	137	130	182	110	239
"ID"	2008	"Twin Falls 18"	"Twin Falls"	2	1611	977	626	302	283	584	231	689
"ID"	2008	"Twin Falls 19"	"Twin Falls"	2	1167	637	426	177	188	366	127	457
"ID"	2008	"Twin Falls 20"	"Twin Falls"	2	541	324	167	128	117	166	114	189
"ID"	2008	"Absentee 23"	"Twin Falls"	2		2641	1616	900	840	1423	716	1793
"ID"	2008	"Absentee 24"	"Twin Falls"	2		4633	2700	1705	1616	2440	1299	3089
"ID"	2008	"Alpha"	"Vallet"	1	438	190	130	45	52	126	83	98
"ID"	2008	"Cascade"	"Vallet"	1	714	335	171	144	128	169	190	134
"ID"	2008	"Donnelly"	"Vallet"	1	89	51	21	30	23	25	31	19
"ID"	2008	"McCall"	"Vallet"	1	2101	1057	448	578	543	444	667	363
"ID"	2008	"Payette"	"Vallet"	1	1016	569	275	269	259	261	338	212
"ID"	2008	"Roseberry"	"Vallet"	1	1931	1028	538	465	413	539	578	418
"ID"	2008	"West Mountain"	"Vallet"	1	682	352	232	108	98	230	161	182
"ID"	2008	"Yellow Pine"	"Vallet"	1	78	56	40	10	9	39	17	33
"ID"	2008	"Absentee"	"Vallet"	1		1722	917	756	740	861	993	665
"ID"	2008	"01 Eaton Hale"	"Washington"	1	622	485	363	103	109	323	208	264
"ID"	2008	"02 West Weiser"	"Washington"	1	514	380	221	137	141	179	195	159
"ID"	2008	"03 South Weiser"	"Washington"	1	428	315	179	118	119	151	176	127
"ID"	2008	"04 Weiser"	"Washington"	1	661	510	329	162	170	292	265	219
"ID"	2008	"05 Middle Weiser"	"Washington"	1	486	372	209	129	141	183	197	152
"ID"	2008	"06 East Weiser"	"Washington"	1	393	330	247	65	67	218	111	200
"ID"	2008	"07 Midvale"	"Washington"	1	492	422	351	56	77	281	120	277
"ID"	2008	"08 Cambridge"	"Washington"	1	687	561	407	135	146	353	237	295
"ID"	2008	"09 Pioneer"	"Washington"	1	690	477	263	190	189	228	254	188
"ID"	2008	"10 Sunnyside"	"Washington"	1	498	426	340	76	87	295	149	265
"ID"	2008	"11 Mineral"	"Washington"	1	410	337	259	70	74	223	128	201
