state	year	precinct	county	cd	g2006_REG_tv	g2006_BALL_tv	g2006_GOV_dv	g2006_GOV_rv	g2006_LTG_dv	g2006_LTG_rv	g2006_SOS_rv	g2006_COM_rv	g2006_COM_dv	g2006_TRE_rv	g2006_TRE_dv	g2006_ATG_dv	g2006_ATG_rv	g2006_USH_dv	g2006_USH_rv
"ID"	2006	"1"	"Ada"	1	2986	1849	565	1229	498	1260	1556	1250	519	1365	388	445	1326	625	1084
"ID"	2006	"2"	"Ada"	1	2438	1454	516	905	391	1024	1237	932	460	1054	331	356	1028	577	802
"ID"	2006	"3"	"Ada"	1	1815	1101	616	460	497	560	838	502	542	633	387	449	590	612	408
"ID"	2006	"4"	"Ada"	1	2685	1502	644	824	483	949	1252	862	569	1050	361	443	983	674	756
"ID"	2006	"5"	"Ada"	1	1158	648	246	384	210	416	539	394	228	442	166	193	428	266	330
"ID"	2006	"6"	"Ada"	1	2337	1252	582	615	474	710	1010	654	521	752	410	451	728	606	517
"ID"	2006	"7"	"Ada"	1	2428	1238	586	606	512	664	974	640	541	756	424	463	712	629	530
"ID"	2006	"8"	"Ada"	1	3316	1511	515	938	402	1048	1275	984	461	1081	370	406	1052	558	862
"ID"	2006	"9"	"Ada"	1	5660	2864	1054	1730	819	1938	2468	1865	884	2082	641	759	1990	1131	1608
"ID"	2006	"10"	"Ada"	1	653	371	154	210	108	250	310	220	135	264	88	114	239	167	180
"ID"	2006	"11"	"Ada"	1	2061	1218	633	551	538	633	975	592	569	717	405	446	692	701	438
"ID"	2006	"12"	"Ada"	1	1304	723	430	258	374	310	550	282	390	342	326	345	335	424	224
"ID"	2006	"13"	"Ada"	2	1691	877	302	174	259	215	367	192	277	238	227	236	235	415	229
"ID"	2006	"14"	"Ada"	2	793	508	313	178	276	214	397	180	296	254	220	252	226	248	235
"ID"	2006	"15"	"Ada"	2	1146	727	410	297	355	346	583	300	398	408	278	311	387	319	379
"ID"	2006	"16"	"Ada"	2	1969	1183	753	390	647	499	916	405	723	587	509	585	534	583	555
"ID"	2006	"17"	"Ada"	1	2077	1091	460	603	363	696	956	635	413	789	243	277	765	491	540
"ID"	2006	"18"	"Ada"	1	1892	1098	469	593	391	666	919	593	446	734	287	347	690	486	544
"ID"	2006	"19"	"Ada"	1	1193	715	317	374	270	418	598	391	294	463	203	237	430	347	320
"ID"	2006	"20"	"Ada"	1	1041	556	245	290	214	312	459	310	221	364	164	185	348	270	254
"ID"	2006	"21"	"Ada"	1	846	538	270	251	225	287	433	263	251	324	189	194	325	281	215
"ID"	2006	"22"	"Ada"	1	1981	1056	548	470	457	568	849	510	492	600	390	423	585	572	398
"ID"	2006	"23"	"Ada"	2	1318	483	245	196	230	212	361	209	241	220	236	247	209	206	224
"ID"	2006	"24"	"Ada"	2	757	455	229	218	195	246	374	201	231	273	149	161	270	170	275
"ID"	2006	"25"	"Ada"	2	2419	1260	783	437	721	498	994	488	730	568	627	634	573	644	568
"ID"	2006	"26"	"Ada"	2	1571	903	563	302	497	369	676	317	544	410	437	465	397	460	396
"ID"	2006	"27"	"Ada"	1	1969	1014	426	557	352	611	833	576	387	682	270	309	653	445	511
"ID"	2006	"28"	"Ada"	1	1511	833	376	421	310	489	668	446	326	531	236	260	502	366	391
"ID"	2006	"29"	"Ada"	1	1055	635	289	312	256	350	527	347	257	410	181	210	391	321	272
"ID"	2006	"30"	"Ada"	1	1433	846	407	401	348	456	715	438	369	523	280	311	491	405	363
"ID"	2006	"31"	"Ada"	1	1846	990	513	439	449	506	822	476	467	585	348	369	583	551	373
"ID"	2006	"32"	"Ada"	2	843	563	284	252	247	295	453	277	249	336	183	192	333	207	327
"ID"	2006	"33"	"Ada"	2	1869	854	499	313	456	354	631	308	494	365	426	443	350	431	353
"ID"	2006	"34"	"Ada"	2	1048	605	395	185	368	217	414	195	376	228	335	349	224	344	222
"ID"	2006	"35"	"Ada"	2	718	398	269	116	265	115	272	104	271	129	229	255	114	235	143
"ID"	2006	"36"	"Ada"	2	1278	728	550	154	515	190	485	167	527	221	454	477	214	503	186
"ID"	2006	"37"	"Ada"	2	1346	911	723	162	663	213	576	192	681	280	564	593	265	636	234
"ID"	2006	"38"	"Ada"	2	1460	944	660	263	593	327	672	254	653	415	479	514	384	529	375
"ID"	2006	"39"	"Ada"	2	1502	901	752	115	714	147	521	142	713	185	641	663	178	674	172
"ID"	2006	"40"	"Ada"	2	985	531	436	83	404	116	322	105	410	132	365	381	130	382	120
"ID"	2006	"41"	"Ada"	2	1773	1026	725	282	654	339	729	259	724	424	525	581	394	604	384
"ID"	2006	"42"	"Ada"	1	758	408	135	261	116	278	352	276	111	309	75	87	303	133	255
"ID"	2006	"43"	"Ada"	1	3550	1858	683	1103	577	1183	1561	1224	558	1341	436	502	1278	721	1000
"ID"	2006	"44"	"Ada"	1	3239	1631	643	921	522	1027	1394	1006	537	1100	428	477	1058	633	848
"ID"	2006	"45"	"Ada"	1	1940	947	399	508	353	546	773	541	352	580	318	332	569	416	456
"ID"	2006	"46"	"Ada"	1	2199	1160	447	671	369	743	996	722	392	819	291	340	774	451	634
"ID"	2006	"47"	"Ada"	1	2048	1093	431	627	378	683	928	670	371	742	294	333	715	438	562
"ID"	2006	"48"	"Ada"	1	929	483	190	269	169	289	405	285	174	317	137	162	298	188	254
"ID"	2006	"49"	"Ada"	1	1878	999	432	521	381	566	832	553	397	631	306	334	616	436	493
"ID"	2006	"50"	"Ada"	1	2246	1177	544	589	474	635	966	621	515	717	399	451	678	579	503
"ID"	2006	"51"	"Ada"	1	1676	935	463	431	377	511	756	472	418	565	309	355	535	474	384
"ID"	2006	"52"	"Ada"	1	1348	688	340	314	304	339	550	329	323	375	267	295	351	342	291
"ID"	2006	"53"	"Ada"	1	1643	846	428	380	377	430	679	386	421	447	354	378	427	452	309
"ID"	2006	"54"	"Ada"	1	1029	648	351	273	291	329	519	296	324	347	262	261	358	362	226
"ID"	2006	"55"	"Ada"	2	1618	1024	555	421	497	482	818	449	535	563	408	459	526	436	538
"ID"	2006	"56"	"Ada"	2	1454	683	357	304	315	342	550	340	313	403	239	266	384	266	383
"ID"	2006	"57"	"Ada"	2	1917	882	514	322	481	363	675	350	487	419	408	434	405	425	395
"ID"	2006	"58"	"Ada"	2	1017	425	289	115	278	127	286	117	280	144	251	265	132	268	130
"ID"	2006	"59"	"Ada"	2	1920	1123	895	196	812	281	743	218	857	298	730	754	316	792	284
"ID"	2006	"60"	"Ada"	2	1805	752	548	161	531	175	482	141	557	194	496	506	193	511	188
"ID"	2006	"61"	"Ada"	1	1157	684	238	426	205	449	577	439	213	466	179	182	463	247	385
"ID"	2006	"62"	"Ada"	1	1213	646	260	343	232	385	549	393	224	430	183	204	417	250	337
"ID"	2006	"63"	"Ada"	1	2170	992	400	542	333	618	842	587	364	652	290	301	649	383	514
"ID"	2006	"64"	"Ada"	1	2547	1272	553	663	512	690	1068	697	520	822	387	455	759	586	588
"ID"	2006	"65"	"Ada"	1	1689	852	335	470	281	522	719	506	305	580	227	242	571	374	419
"ID"	2006	"66"	"Ada"	1	1578	701	361	310	302	367	549	340	328	390	274	285	372	359	291
"ID"	2006	"67"	"Ada"	2	1627	706	381	289	352	322	543	295	376	339	323	344	325	310	335
"ID"	2006	"68"	"Ada"	2	1358	661	376	241	334	277	505	270	357	298	319	322	306	324	277
"ID"	2006	"69"	"Ada"	2	887	495	339	141	310	171	376	177	297	227	240	265	204	266	205
"ID"	2006	"70"	"Ada"	2	873	494	327	141	9	302	362	149	326	188	278	285	183	295	173
"ID"	2006	"71"	"Ada"	2	1068	513	283	209	243	230	384	228	254	248	229	228	254	226	258
"ID"	2006	"72"	"Ada"	2	1215	551	399	131	378	157	373	131	393	169	340	358	170	361	157
"ID"	2006	"73"	"Ada"	2	1352	871	618	237	546	304	647	233	600	333	459	462	349	493	347
"ID"	2006	"74"	"Ada"	2	2198	1253	752	451	649	560	957	484	693	630	526	561	617	603	577
"ID"	2006	"75"	"Ada"	2	1513	546	330	173	305	206	393	175	314	195	286	305	189	288	216
"ID"	2006	"76"	"Ada"	2	1370	716	492	199	433	252	519	205	472	304	353	380	289	392	281
"ID"	2006	"77"	"Ada"	2	1361	799	640	137	579	194	560	187	579	231	522	521	248	529	232
"ID"	2006	"78"	"Ada"	1	2100	903	363	482	317	536	750	518	332	558	290	305	548	384	434
"ID"	2006	"79"	"Ada"	1	769	421	190	209	153	238	344	238	162	246	152	158	244	189	178
"ID"	2006	"80"	"Ada"	2	752	442	218	204	203	216	361	224	201	256	168	168	257	177	241
"ID"	2006	"81"	"Ada"	2	1665	923	503	379	482	410	746	408	490	480	409	414	482	395	474
"ID"	2006	"82"	"Ada"	2	1388	709	372	314	335	340	569	327	351	364	308	318	358	305	353
"ID"	2006	"83"	"Ada"	2	1606	909	542	318	516	336	661	329	543	365	493	491	376	492	359
"ID"	2006	"84"	"Ada"	2	1074	618	400	193	352	231	475	235	362	282	304	311	279	305	275
"ID"	2006	"85"	"Ada"	2	1700	961	644	265	567	357	721	311	608	398	504	522	392	521	378
"ID"	2006	"86"	"Ada"	2	1287	552	358	164	330	196	408	180	335	199	314	312	206	301	213
"ID"	2006	"87"	"Ada"	2	2090	949	631	285	560	348	703	308	592	398	492	492	404	498	394
"ID"	2006	"88"	"Ada"	2	898	482	309	150	266	192	371	170	289	209	233	247	198	251	204
"ID"	2006	"89"	"Ada"	1	2418	1361	479	827	410	888	1170	845	460	956	337	370	930	507	757
"ID"	2006	"90"	"Ada"	1	1883	1063	380	648	283	722	905	660	350	764	228	253	755	394	594
"ID"	2006	"91"	"Ada"	1	1524	819	321	458	258	514	684	514	266	580	191	214	560	319	445
"ID"	2006	"92"	"Ada"	1	1176	661	266	369	240	394	562	382	253	437	195	194	438	296	323
"ID"	2006	"93"	"Ada"	1	2249	1297	506	749	409	824	1076	784	452	882	336	358	879	528	680
"ID"	2006	"94"	"Ada"	1	2728	1472	618	785	535	873	1240	847	557	951	441	474	937	631	727
"ID"	2006	"95"	"Ada"	1	598	301	135	146	118	161	233	154	126	171	106	108	172	149	112
"ID"	2006	"96"	"Ada"	2	49	14	7	5	8	5	11	5	8	5	9	9	5	7	6
"ID"	2006	"97"	"Ada"	2	1398	740	387	313	358	343	607	324	387	413	291	310	398	316	384
"ID"	2006	"98"	"Ada"	2	1632	872	500	334	406	414	684	367	463	446	372	399	439	369	451
"ID"	2006	"99"	"Ada"	2	1453	700	403	248	354	307	553	267	395	298	353	365	296	331	314
"ID"	2006	"100"	"Ada"	2	1510	856	539	267	488	318	645	308	519	378	444	454	368	35	10
"ID"	2006	"101"	"Ada"	2	972	493	269	199	238	227	382	211	255	252	215	220	246	209	249
"ID"	2006	"102"	"Ada"	2	1600	828	531	267	473	325	631	300	491	339	446	460	337	434	335
"ID"	2006	"103"	"Ada"	2	1069	614	367	222	311	272	490	238	349	302	272	273	308	286	299
"ID"	2006	"104"	"Ada"	2	1672	934	561	347	492	413	744	367	512	480	381	394	483	420	461
"ID"	2006	"105"	"Ada"	2	1539	818	279	152	238	193	348	157	262	211	203	208	207	204	413
"ID"	2006	"106"	"Ada"	2	1472	857	490	343	392	440	690	330	485	496	312	328	486	332	493
"ID"	2006	"107"	"Ada"	2	1564	853	534	290	484	339	673	309	510	399	398	396	418	414	397
"ID"	2006	"108"	"Ada"	2	1461	873	570	271	501	342	697	301	538	408	410	400	429	432	409
"ID"	2006	"109"	"Ada"	1	1311	758	292	447	247	490	643	468	264	530	195	224	514	291	433
"ID"	2006	"110"	"Ada"	1	1773	963	389	533	341	588	814	542	365	638	275	310	609	407	493
"ID"	2006	"111"	"Ada"	1	1918	1186	483	654	419	723	980	668	462	767	346	341	783	499	601
"ID"	2006	"112"	"Ada"	1	1875	1154	522	581	443	661	959	637	462	714	372	397	703	557	515
"ID"	2006	"113"	"Ada"	2	272	143	49	87	47	90	111	91	44	100	30	36	96	33	100
"ID"	2006	"114"	"Ada"	2	2087	1144	644	456	547	556	909	484	613	643	437	455	636	475	616
"ID"	2006	"115"	"Ada"	1	2271	1352	596	708	480	807	1087	771	509	852	407	429	849	589	663
"ID"	2006	"116"	"Ada"	2	3220	1752	914	775	736	955	1392	834	825	1031	615	667	987	656	1000
"ID"	2006	"117"	"Ada"	1	3107	1762	628	1054	546	1126	1512	1157	526	1221	455	476	1221	621	1006
"ID"	2006	"118"	"Ada"	1	1025	617	254	338	202	377	491	367	224	419	173	181	411	237	315
"ID"	2006	"119"	"Ada"	1	1811	970	408	517	335	581	811	574	359	636	292	302	628	393	496
"ID"	2006	"120"	"Ada"	1	1171	636	309	304	252	363	521	312	285	370	221	222	378	328	261
"ID"	2006	"121"	"Ada"	2	58	21	14	7	15	5	19	8	12	9	11	8	11	11	10
"ID"	2006	"122"	"Ada"	1	2288	1043	384	600	343	635	865	652	336	692	295	315	676	387	565
"ID"	2006	"123"	"Ada"	1	1363	770	256	478	206	531	669	516	227	555	182	196	548	249	451
"ID"	2006	"124"	"Ada"	1	1606	933	346	537	298	569	777	572	319	630	248	262	618	361	480
"ID"	2006	"125"	"Ada"	1	60	41	12	29	12	25	35	30	8	29	9	12	26	13	22
"ID"	2006	"126"	"Ada"	1		987	491	471	429	515	768	491	458	591	347	378	572	514	423
"ID"	2006	"127"	"Ada"	1		4	4	0	4	0	2	0	4	0	3	4	0	4	0
"ID"	2006	"128"	"Ada"	1		802	284	500	262	514	660	511	253	575	180	209	553	327	435
"ID"	2006	"129"	"Ada"	1		690	361	301	313	345	537	327	330	395	257	267	389	387	260
"ID"	2006	"130"	"Ada"	1		2	1	1	0	2	2	1	1	1	1	0	2	1	0
"ID"	2006	"131"	"Ada"	1		1542	781	712	732	724	1213	770	709	889	579	589	895	835	610
"ID"	2006	"132"	"Ada"	1		373	212	149	201	160	279	160	198	190	159	172	188	236	113
"ID"	2006	"133"	"Ada"	1		53	39	13	37	13	36	8	41	16	34	36	15	39	9
"ID"	2006	"134"	"Ada"	1		36	15	18	14	21	33	20	15	22	13	15	21	16	18
"ID"	2006	"135"	"Ada"	1		13	10	2	11	1	9	3	10	4	9	11	2	12	1
"ID"	2006	"136"	"Ada"	1		264	127	126	118	126	206	127	129	152	97	100	153	148	95
"ID"	2006	"137"	"Ada"	1		863	397	443	372	445	697	455	363	531	278	283	533	433	375
"ID"	2006	"138"	"Ada"	1		865	363	466	346	479	721	496	333	549	277	284	545	380	422
"ID"	2006	"139"	"Ada"	1		4	3	1	3	1	4	1	3	1	3	2	1	3	1
"ID"	2006	"140"	"Ada"	1		138	58	70	59	68	107	75	54	81	47	44	85	62	61
"ID"	2006	"141"	"Ada"	1		235	95	125	71	150	197	142	81	167	50	59	165	96	120
"ID"	2006	"142"	"Ada"	1		1282	569	657	532	696	1030	695	521	794	411	447	784	597	599
"ID"	2006	"143"	"Ada"	2		65	28	31	33	24	52	34	29	37	24	26	34	25	34
"ID"	2006	"144"	"Ada"	2		455	272	168	260	165	329	186	247	229	198	220	212	212	198
"ID"	2006	"145"	"Ada"	2		105	62	42	51	49	77	34	69	48	51	44	54	49	51
"ID"	2006	"146"	"Ada"	2		635	457	150	429	181	440	183	419	237	356	373	233	393	210
"ID"	2006	"147"	"Ada"	2		1245	747	446	723	474	935	461	741	565	610	649	537	650	522
"ID"	2006	"148"	"Ada"	2		4	2	2	2	2	2	1	2	2	1	1	2	2	2
"ID"	2006	"149"	"Ada"	2		1444	912	484	852	540	1069	509	861	665	685	709	662	761	602
"ID"	2006	"150"	"Ada"	2		37	19	16	16	20	19	18	18	18	17	16	18	16	19
"ID"	2006	"151"	"Ada"	2		861	624	221	586	257	627	217	614	313	484	511	313	555	276
"ID"	2006	"152"	"Ada"	2		11	6	5	5	6	9	3	7	6	2	5	4	5	6
"ID"	2006	"153"	"Ada"	2		1351	1026	298	973	335	896	306	990	446	810	833	448	869	413
"ID"	2006	"154"	"Ada"	2		33	15	18	16	13	27	17	14	15	15	12	19	16	15
"ID"	2006	"155"	"Ada"	2		0	0	0	0	0	0	0	0	0	0	0	0	0	0
"ID"	2006	"1 Indian Valley"	"Adams"	1	217	171	67	96	61	97	129	110	52	113	49	58	106	80	79
"ID"	2006	"2 Council"	"Adams"	1	586	403	136	255	138	259	306	261	121	268	107	132	252	155	211
"ID"	2006	"3 No. Council"	"Adams"	1	720	512	162	302	168	298	361	282	169	300	142	163	290	182	263
"ID"	2006	"4 Bear"	"Adams"	1	43	32	10	21	8	21	25	20	7	20	8	11	17	9	20
"ID"	2006	"5 New Meadows"	"Adams"	1	931	571	238	307	224	326	440	338	208	350	188	215	328	259	261
"ID"	2006	"6 Little Salmon River"	"Adams"	1	60	39	22	13	21	16	25	17	21	21	17	19	17	18	17
"ID"	2006	"Pocatello 1"	"Bannock"	2	822	436	231	191	191	230	330	206	209	223	194	207	214	177	244
"ID"	2006	"Pocatello 2"	"Bannock"	2	813	472	254	198	225	239	368	226	229	240	216	238	222	197	268
"ID"	2006	"Pocatello 3"	"Bannock"	2	736	441	227	194	203	227	331	209	210	230	189	213	211	180	242
"ID"	2006	"Pocatello 4"	"Bannock"	2	986	489	329	140	301	167	319	180	289	187	276	300	167	269	202
"ID"	2006	"Pocatello 5"	"Bannock"	2	1028	524	291	204	257	245	390	235	266	232	264	275	227	238	260
"ID"	2006	"Pocatello 6"	"Bannock"	2	859	344	204	107	192	126	231	117	201	126	192	202	120	168	142
"ID"	2006	"Pocatello 7"	"Bannock"	2	565	295	156	123	143	139	214	128	149	136	132	143	133	122	159
"ID"	2006	"Pocatello 8"	"Bannock"	2	585	248	154	71	156	83	177	86	151	96	139	162	76	135	96
"ID"	2006	"Pocatello 9"	"Bannock"	2	706	357	205	131	176	159	277	168	174	162	174	179	151	148	181
"ID"	2006	"Pocatello 10"	"Bannock"	2	846	437	238	174	203	214	346	217	206	205	214	230	194	188	230
"ID"	2006	"Pocatello 11"	"Bannock"	2	772	336	180	139	161	164	267	167	154	157	164	177	145	138	182
"ID"	2006	"Pocatello 12"	"Bannock"	2	919	481	249	200	217	238	391	246	209	241	215	223	236	186	270
"ID"	2006	"Pocatello 13"	"Bannock"	2	708	332	180	133	158	158	267	156	155	156	151	174	139	139	166
"ID"	2006	"Pocatello 14"	"Bannock"	2	893	463	244	195	211	237	372	244	200	245	199	224	220	194	248
"ID"	2006	"Pocatello 15"	"Bannock"	2	747	337	166	149	151	164	251	161	153	159	158	167	148	138	183
"ID"	2006	"Pocatello 16"	"Bannock"	2	352	151	78	59	73	68	116	63	80	69	74	81	65	66	72
"ID"	2006	"Pocatello 17"	"Bannock"	2	650	315	150	152	123	183	259	172	135	178	125	136	172	113	187
"ID"	2006	"Pocatello 18"	"Bannock"	2	768	417	217	180	183	218	338	203	197	210	189	195	205	173	226
"ID"	2006	"Pocatello 19"	"Bannock"	2	700	319	161	132	139	160	258	162	148	159	143	153	154	139	162
"ID"	2006	"Pocatello 20"	"Bannock"	2	682	306	172	114	151	139	223	138	153	144	145	157	136	137	155
"ID"	2006	"Pocatello 21"	"Bannock"	2	794	354	180	153	141	201	298	191	148	189	141	152	182	135	193
"ID"	2006	"Pocatello 22"	"Bannock"	2	943	434	218	187	188	222	359	228	186	230	179	189	225	167	253
"ID"	2006	"Pocatello 23"	"Bannock"	2	789	394	205	162	190	186	296	173	195	187	181	193	179	163	213
"ID"	2006	"Pocatello 24"	"Bannock"	2	640	307	196	96	185	115	215	112	185	116	178	188	107	175	120
"ID"	2006	"Pocatello 25"	"Bannock"	2	631	304	181	98	154	118	209	118	158	111	163	178	105	152	131
"ID"	2006	"Pocatello 26"	"Bannock"	2	988	333	213	101	199	110	207	115	199	123	181	193	117	183	132
"ID"	2006	"Pocatello 27"	"Bannock"	2	675	259	136	110	110	126	190	122	115	126	106	109	129	118	125
"ID"	2006	"Pocatello 28"	"Bannock"	2	910	397	208	158	186	186	296	191	188	190	186	196	183	170	208
"ID"	2006	"Pocatello 31"	"Bannock"	2	849	353	223	100	208	123	236	113	215	118	204	215	111	206	128
"ID"	2006	"Pocatello 32"	"Bannock"	2	649	317	190	114	161	143	236	136	166	144	154	157	148	153	157
"ID"	2006	"Pocatello 36"	"Bannock"	2	1083	547	244	279	197	330	444	326	198	319	197	203	314	170	355
"ID"	2006	"Pocatello 37"	"Bannock"	2	984	485	234	224	197	270	390	252	206	261	192	192	270	168	301
"ID"	2006	"Pocatello 38"	"Bannock"	2	1191	576	294	259	263	292	419	277	269	291	252	271	280	246	314
"ID"	2006	"Pocatello 39"	"Bannock"	2	728	318	180	121	167	137	235	135	166	144	158	175	130	145	152
"ID"	2006	"Pocatello 40"	"Bannock"	2	833	499	272	211	248	232	353	237	239	230	240	252	218	222	258
"ID"	2006	"Arimo 41"	"Bannock"	2	548	297	116	150	90	189	250	199	82	203	79	103	179	75	210
"ID"	2006	"Downey 42"	"Bannock"	2	649	420	159	233	126	275	355	273	123	256	141	161	240	125	278
"ID"	2006	"Inkom 43"	"Bannock"	2	1250	744	347	351	307	413	590	392	313	392	309	346	365	276	433
"ID"	2006	"Lava Hot Springs 44"	"Bannock"	2	735	438	180	220	151	266	341	253	165	251	161	193	225	156	254
"ID"	2006	"McCammon 45"	"Bannock"	2	854	547	245	266	213	308	450	300	222	299	221	250	275	203	322
"ID"	2006	"Pocatello 46"	"Bannock"	2	994	454	195	240	166	279	384	276	168	278	164	174	268	153	294
"ID"	2006	"Pocatello 47"	"Bannock"	2	831	432	191	222	158	264	363	247	166	257	150	159	252	146	272
"ID"	2006	"Pocatello 48"	"Bannock"	2	917	460	180	253	163	279	388	288	160	283	160	167	276	156	285
"ID"	2006	"Pocatello 49"	"Bannock"	2	1092	603	257	321	198	381	492	368	202	388	176	188	391	179	407
"ID"	2006	"Chubbuck 50"	"Bannock"	2	1065	498	188	273	160	317	405	307	171	316	161	179	301	142	332
"ID"	2006	"Chubbuck 51"	"Bannock"	2	1041	572	262	272	209	337	463	329	203	350	181	219	314	178	364
"ID"	2006	"Chubbuck 52"	"Bannock"	2	913	468	214	231	189	260	382	269	178	271	171	193	251	160	291
"ID"	2006	"Chubbuck 53"	"Bannock"	2	984	455	231	200	199	234	366	236	197	239	188	209	219	182	250
"ID"	2006	"Chubbuck 54"	"Bannock"	2	1484	837	338	455	272	527	714	511	281	524	258	292	503	250	552
"ID"	2006	"Chubbuck 55"	"Bannock"	2	913	558	245	291	195	350	461	343	193	352	184	207	333	180	368
"ID"	2006	"Chubbuck 56"	"Bannock"	2	1214	664	306	320	244	403	549	374	266	404	237	267	379	234	404
"ID"	2006	"Chubbuck 57"	"Bannock"	2	764	376	256	97	249	118	225	108	260	112	253	262	105	240	122
"ID"	2006	"Absentee 29"	"Bannock"	2		2102	1224	815	1107	936	1565	941	1091	965	1045	1113	916	988	1045
"ID"	2006	"Absentee 30"	"Bannock"	2		1296	893	343	871	380	848	370	870	398	847	864	387	816	417
"ID"	2006	"Montpelier #1"	"Bear Lake"	2	492	315	87	206	82	212	267	230	71	228	72	96	207	82	218
"ID"	2006	"Montpelier #2"	"Bear Lake"	2	445	290	104	159	95	165	237	190	81	193	79	100	167	85	181
"ID"	2006	"Montpelier #3"	"Bear Lake"	2	467	264	84	152	84	158	212	179	70	179	68	90	154	88	155
"ID"	2006	"Bennington"	"Bear Lake"	2	181	114	14	91	13	95	103	95	12	100	7	17	92	10	96
"ID"	2006	"Bern"	"Bear Lake"	2	98	75	24	50	20	51	65	58	15	57	17	19	53	15	56
"ID"	2006	"Bloomington"	"Bear Lake"	2	147	102	29	65	32	63	80	74	21	72	21	30	67	23	70
"ID"	2006	"Dingle"	"Bear Lake"	2	188	133	23	99	27	81	115	99	21	99	22	31	90	25	94
"ID"	2006	"Fish Haven"	"Bear Lake"	2	177	107	37	61	33	64	90	65	39	69	34	34	70	36	63
"ID"	2006	"Geneva"	"Bear Lake"	2	75	61	7	51	7	51	53	53	3	53	6	7	51	11	58
"ID"	2006	"Georgetown"	"Bear Lake"	2	381	260	52	195	44	197	238	214	37	212	35	45	205	42	206
"ID"	2006	"Liberty"	"Bear Lake"	2	237	182	50	123	47	124	154	138	34	142	31	45	128	37	138
"ID"	2006	"Paris"	"Bear Lake"	2	349	225	60	151	74	133	183	154	60	154	46	61	142	51	151
"ID"	2006	"St. Charles"	"Bear Lake"	2	161	113	36	68	42	62	87	75	32	76	28	35	69	39	65
"ID"	2006	"Bailey Creek"	"Bear Lake"	2	80	53	14	34	8	41	45	36	13	42	7	11	36	5	43
"ID"	2006	"1 Benewah"	"Benewah"	1	156	102	34	63	35	63	79	62	37	68	31	38	63	34	58
"ID"	2006	"2 Center"	"Benewah"	1	454	301	112	175	98	183	223	170	111	186	90	100	174	105	166
"ID"	2006	"3 College"	"Benewah"	1	571	359	160	181	155	187	258	167	166	192	138	172	161	171	160
"ID"	2006	"4 Emida"	"Benewah"	1	169	96	45	36	43	39	59	43	48	42	47	47	44	41	39
"ID"	2006	"5 Fernwood"	"Benewah"	1	309	154	63	74	63	71	102	72	68	87	49	66	75	53	71
"ID"	2006	"6 Plummer"	"Benewah"	1	855	420	124	273	174	222	317	235	143	241	138	134	267	170	213
"ID"	2006	"7 Santa"	"Benewah"	1	227	142	43	88	49	82	101	74	56	91	39	48	82	49	79
"ID"	2006	"8 St. Joe"	"Benewah"	1	59	43	19	20	12	25	36	27	14	33	10	9	33	13	28
"ID"	2006	"9 St. Maries"	"Benewah"	1	950	600	221	358	205	362	440	336	207	361	175	200	334	206	337
"ID"	2006	"10 Tensed"	"Benewah"	1	431	264	93	154	115	134	175	145	102	143	106	109	141	110	132
"ID"	2006	"11 Townsite"	"Benewah"	1	789	448	211	209	170	249	329	222	193	249	169	195	216	179	220
"ID"	2006	"1 Blackfoot"	"Bingham"	2	1464	963	384	500	315	585	810	530	363	621	260	321	573	251	667
"ID"	2006	"2 Blackfoot"	"Bingham"	2	608	383	172	179	153	195	287	171	184	194	160	159	194	137	222
"ID"	2006	"3  Blackfoot"	"Bingham"	2	976	601	264	283	219	332	491	329	235	350	202	233	330	168	386
"ID"	2006	"4  Blackfoot"	"Bingham"	2	1167	622	272	304	248	344	512	331	267	367	222	238	352	179	415
"ID"	2006	"5  Blackfoot"	"Bingham"	2	1214	675	337	291	269	359	541	346	282	363	261	278	358	214	422
"ID"	2006	"6  Blackfoot"	"Bingham"	2	1045	670	285	351	244	399	544	357	281	437	197	234	397	177	461
"ID"	2006	"7  Firth"	"Bingham"	2	1026	692	205	436	216	429	608	457	210	498	162	191	474	147	513
"ID"	2006	"8  Firth"	"Bingham"	2	861	558	205	317	184	332	466	331	193	388	137	154	376	114	411
"ID"	2006	"9  Groveland"	"Bingham"	2	1162	737	268	416	249	442	606	416	285	495	200	243	458	175	524
"ID"	2006	"10  Jamestown"	"Bingham"	2	735	471	153	288	121	331	414	284	174	337	113	116	340	105	344
"ID"	2006	"11  Moreland"	"Bingham"	2	1455	871	260	560	221	610	732	595	242	664	171	218	620	166	666
"ID"	2006	"12  Rockford"	"Bingham"	2	883	589	161	400	135	419	510	414	145	455	103	117	446	91	471
"ID"	2006	"13  Shelley"	"Bingham"	2	1025	602	190	379	176	396	519	392	179	441	131	133	448	117	460
"ID"	2006	"14  Shelley"	"Bingham"	2	1172	705	193	468	161	490	618	482	181	518	144	138	525	132	539
"ID"	2006	"15  Aberdeen"	"Bingham"	2	1039	610	219	353	193	368	513	393	173	412	161	192	379	142	433
"ID"	2006	"16  Springfield/Sterling"	"Bingham"	2	362	233	69	154	59	161	194	160	60	168	47	61	158	35	181
"ID"	2006	"17  Riverside"	"Bingham"	2	1417	901	310	546	252	588	747	526	327	629	225	245	610	193	666
"ID"	2006	"18  Pingree"	"Bingham"	2	642	400	137	239	124	254	335	231	141	268	110	123	258	94	279
"ID"	2006	"19  Wapello"	"Bingham"	2	500	340	159	156	137	182	280	183	141	218	101	130	192	104	215
"ID"	2006	"20  Fort Hall"	"Bingham"	2	898	363	282	55	278	61	193	57	276	59	275	286	50	263	72
"ID"	2006	"21  Shelley West"	"Bingham"	2	1095	658	153	466	128	494	593	459	172	534	96	109	520	94	523
"ID"	2006	"22  Groveland"	"Bingham"	2	615	387	123	246	107	257	337	254	112	284	85	100	268	67	301
"ID"	2006	"1 N.W. Ketchum"	"Blaine"	2	853	429	349	72	317	92	274	97	303	109	285	304	92	272	128
"ID"	2006	"2 S.W. Ketchum"	"Blaine"	2	1050	498	374	108	353	128	316	150	307	157	296	353	115	304	156
"ID"	2006	"3 N. & E. Ketchum"	"Blaine"	2	397	154	109	38	98	47	102	44	96	57	83	94	47	84	59
"ID"	2006	"4 S. Ketchum"	"Blaine"	2	531	231	163	60	153	68	138	64	150	79	136	157	60	137	77
"ID"	2006	"5 N.E. Blaine County"	"Blaine"	2	628	308	227	73	195	104	207	101	182	110	168	193	92	175	111
"ID"	2006	"6 Hailey #1"	"Blaine"	2	905	445	336	98	310	121	288	131	285	136	272	296	118	275	142
"ID"	2006	"7 Hailey #2"	"Blaine"	2	1233	635	488	123	435	163	410	176	402	183	397	418	167	398	196
"ID"	2006	"8 Hailey #3"	"Blaine"	2	1272	654	469	156	443	178	436	206	407	223	384	418	192	367	240
"ID"	2006	"9 Yale"	"Blaine"	2	10	5	2	3	1	4	5	2	0	3	0	0	5	1	4
"ID"	2006	"10 Bellevue"	"Blaine"	2	1402	723	470	226	421	264	528	280	394	278	396	436	253	392	284
"ID"	2006	"11 GannettPicabo"	"Blaine"	2	412	214	100	105	87	118	173	127	76	115	84	84	119	79	121
"ID"	2006	"12 Carey"	"Blaine"	2	446	288	99	175	98	165	252	216	60	198	66	91	176	52	210
"ID"	2006	"13 Sun Valley"	"Blaine"	2	928	405	236	153	207	176	296	182	193	210	162	212	173	168	217
"ID"	2006	"14 Hailey #4"	"Blaine"	2	1633	878	637	217	570	279	608	301	526	327	492	558	272	516	319
"ID"	2006	"15 Absentee"	"Blaine"	2		1567	1064	454	969	552	1031	543	920	589	852	954	527	861	611
"ID"	2006	"30 Garden Valley"	"Boise"	1	1300	643	234	377	191	418	520	393	212	424	175	211	403	250	344
"ID"	2006	"40 Horseshoe Bend"	"Boise"	1	973	607	185	386	169	407	506	380	184	410	142	160	404	192	330
"ID"	2006	"50 Idaho City"	"Boise"	1	707	406	160	215	139	238	319	220	142	240	121	141	229	153	190
"ID"	2006	"60 Lowman"	"Boise"	1	189	105	42	55	30	66	85	56	41	63	32	31	66	37	52
"ID"	2006	"70 Mores Creek"	"Boise"	1	1231	672	304	333	238	405	546	377	267	409	230	241	407	307	312
"ID"	2006	"80 Placerville"	"Boise"	1	243	144	52	83	56	84	121	79	56	89	44	53	84	57	76
"ID"	2006	"Absentee"	"Boise"	1		353	155	177	144	188	257	180	143	204	114	128	198	159	153
"ID"	2006	"1 Airport"	"Bonner"	1	783	505	228	254	199	285	377	249	216	220	266	194	268	255	220
"ID"	2006	"2 Algoma"	"Bonner"	1	826	550	220	308	188	342	416	304	206	281	241	209	296	246	264
"ID"	2006	"3 Baldy"	"Bonner"	1	1139	701	388	280	329	326	481	294	341	257	402	339	298	390	239
"ID"	2006	"4 Blue Lake"	"Bonner"	1	133	75	22	48	20	51	58	51	17	50	15	18	48	15	54
"ID"	2006	"5 Careywood"	"Bonner"	1	771	497	185	278	165	305	377	276	182	278	180	178	279	182	278
"ID"	2006	"6 Clark Fork"	"Bonner"	1	730	421	193	208	161	239	309	214	181	218	180	187	204	174	204
"ID"	2006	"7 Cocolalla"	"Bonner"	1	548	380	128	227	104	252	297	234	115	214	142	114	232	130	222
"ID"	2006	"8 Colburn"	"Bonner"	1	892	569	249	284	243	282	357	250	253	224	292	257	246	274	248
"ID"	2006	"9 Dover"	"Bonner"	1	396	287	145	126	130	137	196	125	133	103	164	126	127	152	100
"ID"	2006	"10 E. Priest River"	"Bonner"	1	832	479	221	228	210	240	357	244	200	245	200	205	236	206	224
"ID"	2006	"11 Edgemere"	"Bonner"	1	1096	629	247	344	202	374	466	371	202	358	219	206	365	209	370
"ID"	2006	"12 Gamlin Lake"	"Bonner"	1	495	363	169	174	148	196	264	177	169	177	165	155	190	182	156
"ID"	2006	"13 Grouse Creek"	"Bonner"	1	698	487	218	243	204	255	328	229	208	222	230	218	228	231	213
"ID"	2006	"14 Hope"	"Bonner"	1	770	534	307	211	228	287	380	220	276	206	296	266	225	312	193
"ID"	2006	"15 Humbird"	"Bonner"	1	972	573	314	221	288	241	380	235	280	177	354	287	223	315	203
"ID"	2006	"16 Kootenai"	"Bonner"	1	1438	942	457	443	357	524	704	457	398	419	470	396	456	449	405
"ID"	2006	"17 Laclede"	"Bonner"	1	361	250	102	132	85	149	188	127	99	125	104	94	128	100	126
"ID"	2006	"18 Lakeview"	"Bonner"	1	61	30	7	22	7	22	26	19	11	20	10	8	22	6	22
"ID"	2006	"19 Lamb Creek"	"Bonner"	1	403	262	97	154	86	161	207	151	91	154	90	91	153	94	146
"ID"	2006	"21 Oden"	"Bonner"	1	500	323	137	177	105	207	227	177	123	162	146	114	186	131	177
"ID"	2006	"22 Oldtown"	"Bonner"	1	972	544	226	278	199	303	406	298	195	293	197	202	288	202	284
"ID"	2006	"23 Priest Lake"	"Bonner"	1	181	124	65	56	49	74	101	65	56	67	53	55	65	57	64
"ID"	2006	"24 Priest River West City"	"Bonner"	1	277	143	80	56	70	62	97	58	72	56	71	79	52	82	55
"ID"	2006	"25 Sagle"	"Bonner"	1	1259	839	377	405	305	482	619	438	323	405	380	319	444	366	387
"ID"	2006	"26 Sandpoint"	"Bonner"	1	911	525	320	188	286	212	328	172	303	165	338	287	187	334	144
"ID"	2006	"27 Selle"	"Bonner"	1	763	511	224	255	192	283	362	252	210	242	232	206	251	224	230
"ID"	2006	"28 South Side"	"Bonner"	1	175	124	44	65	37	81	89	77	39	70	45	43	72	42	70
"ID"	2006	"29 Spirit Valley"	"Bonner"	1	735	462	169	263	144	294	382	287	151	288	146	159	279	150	270
"ID"	2006	"30 Washington"	"Bonner"	1	1333	862	451	375	368	450	591	365	407	324	493	376	397	493	302
"ID"	2006	"31 West Branch"	"Bonner"	1	296	175	72	94	63	102	125	99	65	97	66	75	91	60	100
"ID"	2006	"32 Westmond"	"Bonner"	1	897	602	273	301	223	347	457	321	232	313	254	227	326	254	307
"ID"	2006	"33 W. Priest River Bench"	"Bonner"	1	357	208	87	113	75	119	169	125	72	124	69	73	122	74	115
"ID"	2006	"34 Wrenco"	"Bonner"	1	300	213	83	122	67	134	170	118	75	103	100	72	123	84	120
"ID"	2006	"1"	"Bonneville"	2	1034	618	290	297	253	331	473	329	255	369	208	219	363	199	381
"ID"	2006	"2"	"Bonneville"	2	817	490	178	293	164	301	406	277	188	321	138	169	295	124	339
"ID"	2006	"3"	"Bonneville"	2	862	548	250	263	221	298	449	277	245	318	197	200	315	182	326
"ID"	2006	"4"	"Bonneville"	2	667	385	169	194	154	210	306	191	170	238	125	127	233	112	248
"ID"	2006	"5"	"Bonneville"	2	914	584	241	298	224	319	491	320	244	373	197	222	350	168	385
"ID"	2006	"6"	"Bonneville"	2	1668	1178	509	625	398	730	984	628	502	755	350	368	754	304	815
"ID"	2006	"7"	"Bonneville"	2	657	351	138	188	128	208	298	196	139	227	110	122	220	104	223
"ID"	2006	"8"	"Bonneville"	2	705	344	186	135	165	157	253	158	174	176	154	172	160	140	179
"ID"	2006	"9"	"Bonneville"	2	699	383	183	173	164	191	312	180	187	202	162	168	192	143	210
"ID"	2006	"10"	"Bonneville"	2	802	486	209	245	166	284	407	266	194	312	150	154	305	127	326
"ID"	2006	"11"	"Bonneville"	2	780	443	233	180	213	204	356	196	230	221	201	205	220	189	225
"ID"	2006	"12"	"Bonneville"	2	915	557	321	200	288	234	421	231	294	269	256	267	261	244	275
"ID"	2006	"13"	"Bonneville"	2	1318	832	361	444	326	466	697	452	348	528	268	288	514	228	573
"ID"	2006	"14"	"Bonneville"	2	846	582	313	245	270	288	442	252	306	325	229	248	311	245	311
"ID"	2006	"15"	"Bonneville"	2	1319	948	480	422	397	511	755	460	449	572	334	358	551	332	584
"ID"	2006	"16"	"Bonneville"	2	1309	914	491	393	365	509	722	435	445	538	316	361	517	307	579
"ID"	2006	"17"	"Bonneville"	2	1171	758	350	360	306	407	594	406	319	465	247	265	464	230	486
"ID"	2006	"18"	"Bonneville"	2	1088	706	392	278	321	346	539	320	363	369	299	318	363	289	387
"ID"	2006	"19"	"Bonneville"	2	1011	638	294	316	258	343	535	310	296	376	230	248	364	211	399
"ID"	2006	"20"	"Bonneville"	2	1186	796	394	371	327	415	644	381	375	476	281	303	459	262	496
"ID"	2006	"21"	"Bonneville"	2	536	314	158	140	128	169	260	163	137	177	122	142	159	112	184
"ID"	2006	"22"	"Bonneville"	2	755	482	136	319	104	355	421	318	147	357	101	112	351	92	369
"ID"	2006	"23"	"Bonneville"	2	826	554	198	307	168	350	489	333	200	389	139	138	396	124	404
"ID"	2006	"24"	"Bonneville"	2	1010	568	227	310	196	341	475	317	228	373	167	177	372	139	392
"ID"	2006	"25"	"Bonneville"	2	800	431	181	219	160	241	361	208	201	262	144	157	253	129	263
"ID"	2006	"26"	"Bonneville"	2	1057	820	371	415	292	488	672	420	362	514	263	267	517	194	582
"ID"	2006	"27"	"Bonneville"	2	1386	963	365	559	272	636	779	574	323	639	239	237	663	222	684
"ID"	2006	"28"	"Bonneville"	2	1549	1010	423	554	303	658	828	556	404	655	291	293	656	243	726
"ID"	2006	"36"	"Bonneville"	2	628	427	121	289	104	306	354	265	137	308	90	83	323	76	338
"ID"	2006	"37"	"Bonneville"	2	773	534	199	312	168	337	421	307	201	368	129	142	356	139	380
"ID"	2006	"38"	"Bonneville"	2	379	286	111	166	91	187	238	175	100	194	78	79	197	67	203
"ID"	2006	"39"	"Bonneville"	2	785	526	128	368	129	365	458	359	148	410	90	91	416	78	410
"ID"	2006	"40"	"Bonneville"	2	1350	884	346	507	288	555	743	496	350	585	253	268	578	225	618
"ID"	2006	"41"	"Bonneville"	2	998	655	239	382	190	428	543	386	241	449	175	168	463	158	468
"ID"	2006	"42"	"Bonneville"	2	543	371	148	205	116	236	311	203	153	244	99	91	260	86	269
"ID"	2006	"43"	"Bonneville"	2	862	538	162	344	131	369	465	371	139	402	111	115	405	96	416
"ID"	2006	"44"	"Bonneville"	2	661	434	132	276	124	288	365	285	128	326	87	99	321	79	332
"ID"	2006	"45"	"Bonneville"	2	965	615	217	373	170	410	541	374	219	446	146	151	446	121	472
"ID"	2006	"46"	"Bonneville"	2	946	549	228	284	183	327	460	305	214	344	171	179	342	136	385
"ID"	2006	"47"	"Bonneville"	2	930	549	189	325	161	353	460	360	164	392	127	146	377	103	411
"ID"	2006	"48"	"Bonneville"	2	1376	881	325	522	231	600	766	543	306	642	200	247	597	172	659
"ID"	2006	"49"	"Bonneville"	2	996	637	204	384	187	415	557	394	217	441	163	158	459	140	457
"ID"	2006	"50"	"Bonneville"	2	1705	1035	352	638	295	705	894	672	326	755	234	228	768	211	778
"ID"	2006	"51"	"Bonneville"	2	1108	744	245	443	211	493	656	478	232	537	175	160	550	140	563
"ID"	2006	"52"	"Bonneville"	2	1083	722	193	493	171	519	650	476	213	533	150	157	539	126	562
"ID"	2006	"53"	"Bonneville"	2	1179	792	264	490	225	517	687	516	247	583	187	194	576	170	578
"ID"	2006	"54"	"Bonneville"	2	468	323	74	229	70	232	275	208	91	245	55	58	243	53	250
"ID"	2006	"55"	"Bonneville"	2	430	253	108	126	102	133	203	129	112	149	91	100	143	87	152
"ID"	2006	"56"	"Bonneville"	2	30	19	9	10	6	11	13	12	6	14	5	8	11	8	10
"ID"	2006	"57"	"Bonneville"	2	18	9	0	9	0	7	8	8	1	9	0	0	7	0	8
"ID"	2006	"58"	"Bonneville"	2	1525	1015	303	679	228	752	891	704	275	796	180	180	806	142	826
"ID"	2006	"59"	"Bonneville"	2	693	435	109	303	109	306	380	313	107	336	80	94	327	77	328
"ID"	2006	"1 Bonners Ferry"	"Boundary"	1	338	171	69	97	63	99	127	101	63	101	61	63	101	74	87
"ID"	2006	"2 Copeland"	"Boundary"	1	595	352	132	202	113	212	266	216	120	222	113	124	210	124	195
"ID"	2006	"3 Kootenai"	"Boundary"	1	682	379	164	199	146	216	290	217	140	223	138	144	216	154	205
"ID"	2006	"4 Moyie Springs"	"Boundary"	1	1292	722	264	404	246	423	529	440	230	450	226	250	420	256	412
"ID"	2006	"5 Naples"	"Boundary"	1	986	519	195	291	193	293	381	298	192	301	187	193	293	200	273
"ID"	2006	"6 North Bonners Ferry"	"Boundary"	1	1124	595	263	303	241	322	423	322	226	331	213	227	322	274	280
"ID"	2006	"7 Valley View"	"Boundary"	1	932	501	192	285	185	287	375	289	182	297	174	178	293	194	260
"ID"	2006	"Arco 1"	"Butte"	2	648	374	153	181	136	210	274	182	153	199	131	139	193	120	224
"ID"	2006	"Arco 2"	"Butte"	2	401	244	101	128	101	132	186	121	112	128	100	104	128	88	148
"ID"	2006	"Moore"	"Butte"	2	602	377	129	230	116	243	314	238	118	245	106	115	244	99	256
"ID"	2006	"Howe"	"Butte"	2	192	141	19	113	17	113	119	90	36	111	13	17	107	9	119
"ID"	2006	"#1"	"Camas"	2	433	212	71	128	80	120	171	126	72	130	61	65	130	63	135
"ID"	2006	"#2"	"Camas"	2	437	241	82	144	84	139	194	136	86	144	80	82	147	76	147
"ID"	2006	"1"	"Canyon"	1	593	383	129	235	106	258	316	246	117	261	99	104	257	133	215
"ID"	2006	"3"	"Canyon"	1	1579	1008	272	689	244	726	862	689	283	785	183	211	757	301	609
"ID"	2006	"4"	"Canyon"	1	695	403	202	182	188	197	295	195	181	222	153	175	201	217	135
"ID"	2006	"5"	"Canyon"	1	975	452	213	214	193	226	351	222	184	253	151	173	235	241	151
"ID"	2006	"6"	"Canyon"	1	736	422	159	241	159	243	333	254	149	288	111	140	261	177	196
"ID"	2006	"7"	"Canyon"	1	636	246	123	106	130	102	157	107	125	117	113	125	105	131	75
"ID"	2006	"8"	"Canyon"	1	940	561	239	295	199	330	444	341	185	378	145	179	351	262	246
"ID"	2006	"9"	"Canyon"	1	819	472	180	267	155	291	369	282	163	310	133	166	279	201	213
"ID"	2006	"10"	"Canyon"	1	726	484	190	271	179	283	375	287	174	320	130	159	296	233	202
"ID"	2006	"11"	"Canyon"	1	2502	1353	562	730	503	774	1086	782	486	874	400	417	865	614	605
"ID"	2006	"12"	"Canyon"	1	1691	1064	384	620	337	675	855	663	334	735	259	305	699	449	482
"ID"	2006	"13"	"Canyon"	1	1555	741	329	369	323	380	567	381	319	436	269	290	414	355	299
"ID"	2006	"15"	"Canyon"	1	807	406	177	195	173	205	309	221	166	248	134	159	226	199	152
"ID"	2006	"18"	"Canyon"	1	1572	1065	309	705	271	745	891	735	274	784	216	247	761	311	642
"ID"	2006	"19"	"Canyon"	1	599	378	97	255	95	263	316	273	79	291	60	69	284	123	197
"ID"	2006	"20"	"Canyon"	1	1873	1278	408	820	357	865	1061	872	334	950	261	299	906	437	718
"ID"	2006	"21"	"Canyon"	1	1248	723	165	523	166	518	602	518	164	572	113	140	547	200	445
"ID"	2006	"22"	"Canyon"	1	645	447	127	294	110	310	363	305	115	337	85	100	324	140	249
"ID"	2006	"23"	"Canyon"	1	882	560	151	386	158	384	465	389	146	434	106	135	405	197	315
"ID"	2006	"25"	"Canyon"	1	918	648	180	445	172	451	531	431	195	473	152	151	475	234	346
"ID"	2006	"27"	"Canyon"	1	1346	864	270	545	240	581	697	588	216	623	189	220	604	277	491
"ID"	2006	"28"	"Canyon"	1	917	590	158	395	146	404	510	404	154	445	109	105	448	184	339
"ID"	2006	"29"	"Canyon"	1	2599	1444	530	848	472	906	1181	904	477	984	398	453	930	559	740
"ID"	2006	"30"	"Canyon"	1	2201	1340	457	817	422	861	1105	868	414	949	332	349	935	486	699
"ID"	2006	"32"	"Canyon"	1	1742	1144	365	721	326	761	936	785	303	836	253	282	814	396	638
"ID"	2006	"33"	"Canyon"	1	2229	1142	418	657	386	713	968	698	387	767	321	362	731	424	599
"ID"	2006	"34"	"Canyon"	1	1249	626	267	322	248	333	494	354	236	397	191	221	372	278	276
"ID"	2006	"35"	"Canyon"	1	1642	872	326	501	310	528	725	535	302	580	254	256	577	329	460
"ID"	2006	"36"	"Canyon"	1	1680	890	361	482	311	532	709	530	315	590	246	290	553	349	455
"ID"	2006	"37"	"Canyon"	1	1629	932	332	564	305	588	784	602	297	657	246	249	654	334	508
"ID"	2006	"38"	"Canyon"	1	2437	1173	437	686	374	745	972	735	387	794	323	346	772	453	595
"ID"	2006	"39"	"Canyon"	1	2521	1581	529	988	423	1095	1358	1060	443	1199	298	360	1154	554	905
"ID"	2006	"40"	"Canyon"	1	1660	705	358	302	343	304	505	329	339	354	306	351	318	355	254
"ID"	2006	"41"	"Canyon"	1	1578	954	328	584	294	618	821	609	309	706	213	240	684	338	536
"ID"	2006	"42"	"Canyon"	1	784	410	188	198	166	215	322	212	177	238	148	156	233	189	172
"ID"	2006	"43"	"Canyon"	1	1171	580	211	335	208	342	456	356	179	393	149	180	362	235	278
"ID"	2006	"44"	"Canyon"	1	1151	609	261	319	244	332	469	332	246	378	204	215	365	272	265
"ID"	2006	"45"	"Canyon"	1	1172	852	286	523	289	518	651	500	278	564	216	234	549	352	390
"ID"	2006	"46"	"Canyon"	1	2044	1274	457	754	386	838	1065	786	424	894	322	344	872	490	673
"ID"	2006	"47"	"Canyon"	1	1005	547	222	284	211	306	440	293	228	356	168	179	346	231	232
"ID"	2006	"48"	"Canyon"	1	832	463	163	276	144	296	371	292	155	320	122	145	293	168	233
"ID"	2006	"49"	"Canyon"	1	2212	1472	560	849	470	928	1209	897	490	1021	370	373	1024	572	777
"ID"	2006	"50"	"Canyon"	1	2231	1460	534	856	455	948	1190	931	459	1031	368	397	996	553	771
"ID"	2006	"51"	"Canyon"	1	1174	760	219	504	222	490	599	488	226	534	176	187	520	244	407
"ID"	2006	"52"	"Canyon"	1	1001	565	167	365	172	353	465	398	141	410	120	153	379	214	275
"ID"	2006	"54"	"Canyon"	1	1012	677	230	403	197	447	535	435	201	476	160	180	458	272	345
"ID"	2006	"55"	"Canyon"	1	898	611	179	405	152	429	505	416	164	468	119	133	447	207	330
"ID"	2006	"56"	"Canyon"	1	2256	1496	466	959	414	1003	1219	959	458	1083	328	341	1077	506	841
"ID"	2006	"57"	"Canyon"	1	539	383	122	235	104	253	315	265	97	279	84	102	259	120	208
"ID"	2006	"59"	"Canyon"	1	2548	1762	587	1121	514	1179	1477	1178	492	1303	371	446	1234	633	1004
"ID"	2006	"60"	"Canyon"	1	1187	816	234	542	209	572	684	576	206	642	143	164	621	277	475
"ID"	2006	"61"	"Canyon"	1	674	477	176	290	152	311	405	328	140	360	106	121	342	182	263
"ID"	2006	"62"	"Canyon"	1	1197	702	243	425	228	436	550	444	212	466	185	194	459	271	350
"ID"	2006	"Soda #1"	"Caribou"	2	880	443	139	275	109	303	383	311	105	316	95	122	295	92	324
"ID"	2006	"Soda #2"	"Caribou"	2	701	369	120	218	94	241	308	246	98	256	88	115	232	86	250
"ID"	2006	"Soda #3"	"Caribou"	2	520	282	102	155	77	182	237	192	66	192	65	77	180	64	199
"ID"	2006	"Soda #4"	"Caribou"	2	420	244	66	163	59	167	209	185	45	180	44	59	168	49	185
"ID"	2006	"Grace #1"	"Caribou"	2	681	443	134	287	96	325	389	309	109	324	96	123	297	100	328
"ID"	2006	"Grace #2"	"Caribou"	2	457	238	57	173	48	182	210	176	47	178	45	55	166	36	187
"ID"	2006	"Bancroft"	"Caribou"	2	517	289	65	206	57	217	261	225	53	222	51	53	223	46	234
"ID"	2006	"Wayan"	"Caribou"	2	46	30	4	26	0	29	28	26	4	28	0	0	29	1	28
"ID"	2006	"Freedom"	"Caribou"	2	90	34	3	28	0	31	33	31	1	32	1	1	31	1	31
"ID"	2006	"Absentee"	"Caribou"	2		198	75	106	70	111	152	123	61	123	60	69	113	60	121
"ID"	2006	"101 Burley 1"	"Cassia"	2	283	110	52	45	56	44	81	56	47	57	47	51	54	43	58
"ID"	2006	"102 Burley 2"	"Cassia"	2	332	159	59	88	60	92	127	84	69	101	52	62	91	44	100
"ID"	2006	"103 Burley 3"	"Cassia"	2	714	354	116	214	90	240	299	252	89	271	72	91	252	62	263
"ID"	2006	"104 Burley 4"	"Cassia"	2	745	415	126	269	103	282	358	287	108	328	67	89	305	64	327
"ID"	2006	"105 Burley 5"	"Cassia"	2	713	333	117	199	111	201	279	214	107	231	84	103	217	77	226
"ID"	2006	"106 Burley 6"	"Cassia"	2	889	400	130	232	117	245	324	269	115	289	93	111	269	91	280
"ID"	2006	"107 Burley 7"	"Cassia"	2	270	112	54	46	52	43	73	53	48	55	46	51	49	42	54
"ID"	2006	"108 Albion"	"Cassia"	2	355	215	64	133	57	132	169	150	59	152	57	62	145	50	147
"ID"	2006	"109 Almo"	"Cassia"	2	121	65	12	50	12	49	59	54	10	58	4	8	55	5	57
"ID"	2006	"110 Bridge"	"Cassia"	2	49	35	5	25	4	27	30	29	5	28	4	9	25	5	28
"ID"	2006	"111 Declo"	"Cassia"	2	754	441	108	302	96	309	374	340	84	359	64	83	342	60	343
"ID"	2006	"112 Elba"	"Cassia"	2	113	70	21	48	15	47	58	52	14	60	6	13	52	4	62
"ID"	2006	"113 Grandview"	"Cassia"	2	435	242	58	170	57	171	209	179	55	197	34	47	181	40	183
"ID"	2006	"114 Heglar Yale"	"Cassia"	2	143	77	15	60	5	69	71	63	9	66	7	8	67	8	64
"ID"	2006	"115 Jackson"	"Cassia"	2	204	114	28	81	30	78	97	83	25	94	17	30	79	15	85
"ID"	2006	"116 Malta"	"Cassia"	2	300	192	24	153	27	153	171	155	28	164	18	32	150	15	165
"ID"	2006	"117 Oakley 1"	"Cassia"	2	278	168	30	133	35	128	143	136	29	145	19	29	133	18	137
"ID"	2006	"118 Oakley 2"	"Cassia"	2	462	270	49	204	39	217	242	235	29	239	24	36	225	26	221
"ID"	2006	"119 Parsons"	"Cassia"	2	73	50	11	36	10	34	42	33	11	40	5	7	39	4	42
"ID"	2006	"120 Pella"	"Cassia"	2	323	189	41	143	47	132	164	149	30	159	23	35	148	27	152
"ID"	2006	"121 Springdale"	"Cassia"	2	590	358	93	242	69	266	320	282	58	285	49	59	278	44	300
"ID"	2006	"122 Starrahs Ferry"	"Cassia"	2	1005	582	132	421	141	403	502	432	127	454	102	124	429	85	453
"ID"	2006	"123 Sublett"	"Cassia"	2	36	33	6	26	13	19	28	27	4	28	2	6	26	2	30
"ID"	2006	"124 Unity"	"Cassia"	2	651	365	94	257	90	258	318	288	66	302	51	60	291	51	286
"ID"	2006	"125 View"	"Cassia"	2	242	143	17	120	20	114	117	110	24	122	15	19	119	16	112
"ID"	2006	"Absentee"	"Cassia"	2		351	114	215	114	210	278	228	105	235	94	99	228	91	226
"ID"	2006	"#1"	"Clark"	2	168	142	44	87	36	88	119	88	39	93	32	37	89	31	96
"ID"	2006	"#2"	"Clark"	2	95	79	17	55	28	43	66	52	24	58	14	17	60	18	58
"ID"	2006	"#3"		2	148	126	31	87	23	93	112	93	26	100	17	18	99	17	98
"ID"	2006	"1Orofino"	"Clearwater"	1	679	323	156	153	147	157	229	155	145	152	142	149	145	166	121
"ID"	2006	"2Orofino"	"Clearwater"	1	621	334	132	182	111	199	251	174	125	186	116	121	185	137	161
"ID"	2006	"3Orofino"	"Clearwater"	1	726	394	181	196	144	220	278	209	143	199	141	148	193	174	176
"ID"	2006	"4Orofino"	"Clearwater"	1	450	256	112	134	102	139	189	139	102	141	89	105	137	114	118
"ID"	2006	"5Orofino"	"Clearwater"	1	711	371	204	149	186	167	275	173	166	176	163	168	171	201	130
"ID"	2006	"6Fraser"	"Clearwater"	1	94	56	25	30	25	26	36	30	20	27	21	21	29	24	25
"ID"	2006	"7Greer"	"Clearwater"	1	47	35	20	11	17	13	21	14	18	13	20	20	13	20	11
"ID"	2006	"8Teakean/Cavendish"	"Clearwater"	1	172	112	32	78	16	89	88	73	32	74	30	27	78	37	66
"ID"	2006	"9Weippe"	"Clearwater"	1	583	296	107	169	114	166	220	160	108	161	107	114	158	118	135
"ID"	2006	"10Headquarters"	"Clearwater"	1	30	21	5	13	5	11	17	14	5	14	4	8	12	5	10
"ID"	2006	"11Ahsahka"	"Clearwater"	1	327	180	77	96	63	107	143	93	79	97	74	69	99	78	82
"ID"	2006	"12Pierce"	"Clearwater"	1	394	202	65	120	58	131	164	131	60	131	56	69	119	62	112
"ID"	2006	"13Elk River"	"Clearwater"	1	128	69	36	29	32	32	51	28	37	28	36	39	24	37	25
"ID"	2006	"14Grangemont"	"Clearwater"	1	98	75	31	40	30	40	57	42	25	42	23	32	34	28	38
"ID"	2006	"15Absentee"	"Clearwater"	1		349	163	162	139	190	262	187	141	189	134	144	182	166	154
"ID"	2006	"Challis #1"	"Custer"	2	569	390	121	245	117	244	309	238	127	254	103	114	244	114	240
"ID"	2006	"Round Valley 1"	"Custer"	2	515	368	63	280	79	270	310	269	76	284	58	83	268	90	253
"ID"	2006	"Round Valley 2"	"Custer"	2	348	249	57	176	65	170	199	168	62	176	52	56	172	65	162
"ID"	2006	"Sunol"	"Custer"	2	51	40	8	30	8	29	32	30	6	32	5	6	32	8	30
"ID"	2006	"Stanley"	"Custer"	2	260	158	98	50	95	50	95	55	100	60	88	91	59	97	48
"ID"	2006	"Clayton"	"Custer"	2	198	116	38	72	35	71	90	79	29	84	28	37	72	33	71
"ID"	2006	"Mackay"	"Custer"	2	378	220	91	119	101	113	174	107	99	112	94	88	115	94	116
"ID"	2006	"Battleground"	"Custer"	2	120	93	31	59	36	52	75	51	35	57	29	30	57	27	55
"ID"	2006	"Leslie"	"Custer"	2	413	306	95	197	100	179	258	191	96	200	83	89	199	81	210
"ID"	2006	"1Atlanta"	"Elmore"	2	61	38	23	11	21	13	26	21	17	23	13	15	21	16	17
"ID"	2006	"2Camas"	"Elmore"	2	21	14	4	9	4	9	12	9	4	10	4	4	9	3	10
"ID"	2006	"3Chattin Flats"	"Elmore"	2	63	35	2	31	2	32	31	31	2	32	0	0	32	0	34
"ID"	2006	"4Glenns Ferry"	"Elmore"	2	836	474	184	259	173	278	382	266	178	272	171	174	272	148	293
"ID"	2006	"5Hammett"	"Elmore"	2	240	132	32	91	37	84	113	90	33	90	32	33	88	26	97
"ID"	2006	"6King Hill"	"Elmore"	2	226	117	31	77	37	74	99	76	37	78	35	38	74	32	81
"ID"	2006	"7Mayfield"	"Elmore"	2	148	82	24	52	20	57	65	54	24	56	19	22	53	18	59
"ID"	2006	"8Mt. Home #1"	"Elmore"	2	746	194	69	112	59	125	166	138	45	136	48	52	134	45	134
"ID"	2006	"9Mt. Home #2"	"Elmore"	2	970	418	152	250	122	282	357	265	133	296	108	142	263	117	284
"ID"	2006	"10Mt. Home #3"	"Elmore"	2	1015	486	199	257	189	274	386	261	193	272	167	197	260	166	296
"ID"	2006	"11Mt. Home #4"	"Elmore"	2	913	392	143	231	121	251	319	243	114	250	105	114	244	97	267
"ID"	2006	"12Mt. Home #5"	"Elmore"	2	798	381	137	227	123	240	328	244	116	255	107	119	239	104	259
"ID"	2006	"13Mt. Home #6"	"Elmore"	2	697	383	130	242	124	249	329	261	103	281	78	104	257	90	280
"ID"	2006	"14Mt. Home #7"	"Elmore"	2	898	475	197	262	168	288	396	276	173	306	146	160	295	131	323
"ID"	2006	"15Mt. Home #8"	"Elmore"	2	1181	515	189	312	173	324	433	317	163	337	141	163	319	138	344
"ID"	2006	"16Mt. Home #9"	"Elmore"	2	1041	501	198	287	157	322	419	311	164	330	140	154	320	138	336
"ID"	2006	"17Pine"	"Elmore"	2	139	61	14	42	15	45	49	40	16	40	14	14	41	16	41
"ID"	2006	"18Prairie"	"Elmore"	2	61	51	4	42	5	41	49	45	3	45	4	4	44	2	44
"ID"	2006	"22Absentee"	"Elmore"	2		968	445	488	406	523	778	531	377	554	341	345	564	329	588
"ID"	2006	"Preston #1"	"Franklin"	2	490	306	79	206	66	221	261	228	63	232	54	84	201	72	215
"ID"	2006	"Preston #2"	"Franklin"	2	594	342	86	224	65	247	293	243	82	254	66	89	239	63	257
"ID"	2006	"Preston #3"	"Franklin"	2	483	302	69	212	45	235	260	234	50	250	35	60	223	49	234
"ID"	2006	"Preston #4"	"Franklin"	2	469	244	51	177	33	189	208	193	36	187	38	38	189	37	192
"ID"	2006	"Preston #5"	"Franklin"	2	460	331	93	217	76	233	279	247	63	253	55	80	232	77	226
"ID"	2006	"BanidaWinder #6"	"Franklin"	2	161	112	16	89	12	86	92	90	18	94	14	19	88	16	88
"ID"	2006	"CliftonOxford #7"	"Franklin"	2	269	187	42	132	33	134	159	146	23	145	21	29	142	26	146
"ID"	2006	"Dayton #8"	"Franklin"	2	467	330	59	250	45	260	288	264	52	272	43	58	258	48	253
"ID"	2006	"Fairview #9"	"Franklin"	2	400	271	59	190	52	194	233	203	45	205	44	56	191	45	210
"ID"	2006	"Franklin #10"	"Franklin"	2	516	313	55	231	53	237	268	257	44	259	42	59	242	42	242
"ID"	2006	"Mapleton #11"	"Franklin"	2	263	162	25	121	18	121	140	137	16	135	18	21	133	16	127
"ID"	2006	"Mink Creek #12"	"Franklin"	2	158	120	14	101	10	101	103	102	13	100	10	13	102	15	97
"ID"	2006	"ThatcherCleveland #13"	"Franklin"	2	131	95	26	53	20	62	75	67	23	62	27	30	61	22	63
"ID"	2006	"TreasRiverdale #14"	"Franklin"	2	281	224	43	161	41	162	194	173	40	176	36	46	171	32	172
"ID"	2006	"Weston #15"	"Franklin"	2	466	313	75	221	53	239	261	236	60	239	51	81	209	62	233
"ID"	2006	"Whitney #16"	"Franklin"	2	352	254	61	173	51	186	223	192	49	195	46	45	197	43	192
"ID"	2006	"Worm Creek #17"	"Franklin"	2	239	155	46	101	44	103	129	105	40	108	38	48	99	38	109
"ID"	2006	"1 Ashton #1"	"Fremont"	2	516	301	82	203	66	223	263	220	69	226	56	61	226	53	232
"ID"	2006	"2 Ashton #2"	"Fremont"	2	684	446	115	310	95	332	385	311	118	331	86	100	323	80	345
"ID"	2006	"3 Chester/Twin Groves"	"Fremont"	2	662	394	98	270	74	290	335	265	101	286	78	71	303	47	325
"ID"	2006	"4 DrummondLamont Squirrel"	"Fremont"	2	156	106	20	82	19	79	85	72	25	75	19	19	73	18	86
"ID"	2006	"5 Egin"	"Fremont"	2	576	344	76	245	62	262	308	245	76	278	41	41	284	30	292
"ID"	2006	"6 Island Park"	"Fremont"	2	705	328	130	184	101	216	277	204	110	219	93	106	211	82	224
"ID"	2006	"7 Newdale"	"Fremont"	2	225	165	23	138	25	132	149	120	35	136	22	17	142	18	141
"ID"	2006	"8 Parker"	"Fremont"	2	437	281	54	214	56	213	246	190	78	220	47	55	215	38	230
"ID"	2006	"9 St. Anthony 1"	"Fremont"	2	734	427	123	277	85	319	366	297	109	324	79	81	326	67	337
"ID"	2006	"10 St. Anthony 2"	"Fremont"	2	456	238	85	137	71	159	197	146	81	162	63	65	163	60	167
"ID"	2006	"11 St. Anthony 3"	"Fremont"	2	756	405	137	238	105	266	350	253	134	283	98	98	289	76	306
"ID"	2006	"12 Teton"	"Fremont"	2	388	243	64	170	56	175	213	172	60	186	46	47	186	40	191
"ID"	2006	"13 WarmRiver/Green Timber"	"Fremont"	2	117	80	22	54	18	59	69	59	14	60	9	13	56	12	62
"ID"	2006	"14 Wilford"	"Fremont"	2	594	389	83	282	73	298	344	275	92	319	47	71	304	54	320
"ID"	2006	"15 Absentee"	"Fremont"	2		224	65	151	58	156	190	152	61	163	51	48	172	50	165
"ID"	2006	"16 Absentee"	"Fremont"	2		99	44	52	38	58	75	56	40	56	40	38	59	34	59
"ID"	2006	"1 Central"	"Gem"	1	680	310	118	175	111	189	244	189	103	194	94	110	186	146	136
"ID"	2006	"2 North Emmett"	"Gem"	1	644	279	111	154	113	156	226	151	111	159	103	100	160	126	125
"ID"	2006	"3 Butteview"	"Gem"	1	846	405	156	222	151	230	320	250	127	266	102	117	261	171	197
"ID"	2006	"4 South Emmett"	"Gem"	1	792	367	142	212	135	219	309	217	140	223	128	137	212	157	178
"ID"	2006	"5 West Emmett"	"Gem"	1	558	306	121	157	106	174	223	166	116	179	102	112	175	128	135
"ID"	2006	"6 Emerson"	"Gem"	1	1225	710	240	440	226	450	605	476	205	511	163	190	488	258	396
"ID"	2006	"7 Lincoln"	"Gem"	1	922	520	169	332	171	329	439	346	150	360	118	132	358	189	278
"ID"	2006	"8 Letha"	"Gem"	1	1025	580	186	353	176	369	455	372	180	396	148	157	398	199	315
"ID"	2006	"9 Hanna"	"Gem"	1	699	388	108	269	95	283	335	269	101	283	86	87	287	123	242
"ID"	2006	"10 Brick"	"Gem"	1	816	446	143	282	122	300	367	296	124	317	100	106	313	158	252
"ID"	2006	"11 Bench"	"Gem"	1	600	367	123	228	103	252	301	239	107	240	102	110	238	129	200
"ID"	2006	"12 SweetMontour"	"Gem"	1	459	276	90	177	92	170	202	164	90	173	78	88	166	98	157
"ID"	2006	"13 Ola"	"Gem"	1	110	77	21	53	22	49	65	53	23	53	20	20	53	32	37
"ID"	2006	"Absentee"	"Gem"	1		754	313	396	279	431	583	418	300	445	262	270	439	331	352
"ID"	2006	"1 E. Gooding"	"Gooding"	2	609	352	154	175	138	197	302	219	113	213	109	129	203	123	211
"ID"	2006	"2 W. Gooding"	"Gooding"	2	919	521	259	245	216	280	432	294	193	299	185	198	292	169	324
"ID"	2006	"3 Gooding Rural"	"Gooding"	2	1408	876	301	514	257	561	748	600	222	602	187	238	578	191	634
"ID"	2006	"4 Wendell City"	"Gooding"	2	1050	600	266	305	223	346	501	373	191	353	199	221	339	167	398
"ID"	2006	"5 Wendell Rural"	"Gooding"	2	1048	595	203	365	146	413	519	433	126	435	115	131	424	94	460
"ID"	2006	"6 Bliss"	"Gooding"	2	430	204	103	89	74	110	153	116	71	111	73	86	103	72	119
"ID"	2006	"7 Hagerman"	"Gooding"	2	1226	723	293	387	272	401	573	448	235	455	227	240	445	212	457
"ID"	2006	"Absentee"	"Gooding"	2		360	161	187	152	191	297	201	136	201	132	141	197	120	215
"ID"	2006	"1 Big Butte"	"Idaho"	1	79	66	22	39	18	42	55	45	12	49	9	15	43	19	40
"ID"	2006	"2 Clearwater"	"Idaho"	1	256	164	44	108	37	114	124	113	40	113	36	40	108	46	103
"ID"	2006	"3 Cottonwood #1"	"Idaho"	1	422	253	81	165	63	176	195	156	61	174	49	62	156	88	148
"ID"	2006	"4 Cottonwood #2"	"Idaho"	1	420	233	78	144	70	145	181	136	63	151	47	63	134	83	126
"ID"	2006	"5 Elk City"	"Idaho"	1	309	120	35	75	33	76	86	74	34	74	29	40	66	41	59
"ID"	2006	"6 Fenn"	"Idaho"	1	153	98	30	64	26	64	77	63	19	63	17	23	60	39	53
"ID"	2006	"7 Ferdinand"	"Idaho"	1	215	146	52	88	49	88	108	86	41	81	42	47	74	63	73
"ID"	2006	"8 Greencreek"	"Idaho"	1	215	144	70	67	45	94	108	79	43	84	31	42	70	64	69
"ID"	2006	"9 Glover"	"Idaho"	1	166	100	29	58	27	56	71	65	22	67	22	25	64	24	64
"ID"	2006	"10 Grangeville #1"	"Idaho"	1	504	279	80	187	74	184	225	194	61	193	54	72	176	94	164
"ID"	2006	"11 Grangeville #2"	"Idaho"	1	552	255	91	149	75	168	196	179	64	171	69	93	148	99	128
"ID"	2006	"12 Grangeville #3"	"Idaho"	1	558	295	111	161	99	173	225	174	93	185	75	96	167	124	142
"ID"	2006	"13 Grangeville #4"	"Idaho"	1	774	439	153	271	130	285	334	265	125	281	102	134	252	168	228
"ID"	2006	"14 Grangeville #5"	"Idaho"	1	836	463	137	311	110	331	383	305	121	341	87	111	313	164	268
"ID"	2006	"15 Harpster"	"Idaho"	1	237	150	54	84	57	83	101	88	43	87	45	54	78	53	77
"ID"	2006	"16 Joseph"	"Idaho"	1	21	19	2	13	2	13	13	9	4	10	3	4	9	2	11
"ID"	2006	"17 Kamiah"	"Idaho"	1	920	520	221	275	188	308	395	304	191	317	171	193	297	216	265
"ID"	2006	"18 Keuterville"	"Idaho"	1	231	146	53	89	47	96	115	86	40	98	31	47	80	48	89
"ID"	2006	"19 Kooskia"	"Idaho"	1	1133	588	208	342	194	355	451	360	195	360	188	217	336	222	308
"ID"	2006	"20 Lowell"	"Idaho"	1	104	80	33	42	27	47	58	43	29	43	29	33	39	30	41
"ID"	2006	"21 Pollock"	"Idaho"	1	362	190	55	105	49	111	137	105	48	111	44	60	91	56	88
"ID"	2006	"22 Riggins"	"Idaho"	1	511	326	96	215	91	215	271	230	82	225	83	109	202	107	181
"ID"	2006	"23 Slate Creek"	"Idaho"	1	116	82	19	58	18	61	74	61	17	63	15	18	58	24	52
"ID"	2006	"24 Stites"	"Idaho"	1	318	187	56	117	56	121	144	120	50	125	44	59	114	73	99
"ID"	2006	"25 Whitebird"	"Idaho"	1	317	170	66	94	45	111	124	105	51	111	40	50	100	64	93
"ID"	2006	"26 Woodland"	"Idaho"	1	186	127	22	85	19	85	90	84	18	87	14	22	80	23	82
"ID"	2006	"28 Absentee"	"Idaho"	1		870	353	486	329	496	646	501	311	528	273	323	489	371	435
"ID"	2006	"Annis"	"Jefferson"	2	312	205	41	155	38	153	172	148	48	168	28	32	163	27	164
"ID"	2006	"Clark"	"Jefferson"	2	818	529	143	368	102	401	465	359	153	407	103	127	383	98	408
"ID"	2006	"Garfield"	"Jefferson"	2	1142	690	145	510	125	535	616	509	162	575	90	109	565	80	574
"ID"	2006	"Grant"	"Jefferson"	2	603	379	101	265	83	273	332	263	96	297	64	73	288	61	300
"ID"	2006	"Hamer"	"Jefferson"	2	310	204	33	164	28	169	188	158	39	172	23	25	174	16	181
"ID"	2006	"Labelle"	"Jefferson"	2	672	442	105	318	80	333	390	318	112	346	79	74	355	65	346
"ID"	2006	"Lewisville"	"Jefferson"	2	674	416	93	305	93	308	367	301	100	328	74	93	311	76	320
"ID"	2006	"Lorenzo"	"Jefferson"	2	271	157	35	110	39	103	133	105	46	126	25	30	123	25	117
"ID"	2006	"Menan"	"Jefferson"	2	789	514	110	388	104	390	453	373	119	408	77	104	390	81	401
"ID"	2006	"Monteview"	"Jefferson"	2	233	153	13	134	26	113	130	115	33	122	22	20	127	17	123
"ID"	2006	"Rigby 1"	"Jefferson"	2	693	400	137	242	109	273	350	256	134	298	89	95	294	93	280
"ID"	2006	"Rigby 2"	"Jefferson"	2	442	251	90	144	66	169	222	148	94	172	71	72	167	57	173
"ID"	2006	"Rigby 3"	"Jefferson"	2	1501	956	248	649	190	720	848	683	239	747	170	209	709	133	770
"ID"	2006	"Rigby 4"	"Jefferson"	2	823	514	142	345	125	351	438	340	155	380	101	100	391	92	385
"ID"	2006	"Ririe"	"Jefferson"	2	860	495	137	317	126	331	426	319	148	363	107	97	371	85	381
"ID"	2006	"Roberts"	"Jefferson"	2	571	344	117	206	104	216	293	236	94	236	89	105	225	78	247
"ID"	2006	"Terreton"	"Jefferson"	2	552	370	48	308	57	296	331	290	63	307	44	41	317	39	305
"ID"	2006	"Absentee"	"Jefferson"	2		454	142	292	130	295	368	312	122	326	102	111	320	123	300
"ID"	2006	"BishopCourt"	"Jerome"	2	775	373	155	202	135	228	306	246	111	246	107	116	239	95	257
"ID"	2006	"Canyonside"	"Jerome"	2	1539	867	301	525	259	577	740	617	216	619	207	241	590	210	608
"ID"	2006	"Eden"	"Jerome"	2	489	284	90	180	90	180	240	205	66	201	67	83	190	72	194
"ID"	2006	"Falls City"	"Jerome"	2	514	294	110	165	102	172	242	190	81	190	75	80	188	72	205
"ID"	2006	"Hazelton"	"Jerome"	2	863	498	118	342	107	352	434	378	94	387	83	93	380	75	386
"ID"	2006	"Northeast"	"Jerome"	2	1072	589	263	297	202	355	494	376	174	365	181	187	363	161	376
"ID"	2006	"Northwest"	"Jerome"	2	665	337	123	194	117	198	281	220	103	219	102	109	216	90	227
"ID"	2006	"ShepherdView"	"Jerome"	2	1059	577	225	319	168	368	491	400	144	390	143	141	395	124	420
"ID"	2006	"Southeast"	"Jerome"	2	529	248	102	134	91	148	211	153	82	159	78	87	148	71	163
"ID"	2006	"Southwest"	"Jerome"	2	1023	491	194	273	161	301	426	323	142	333	135	145	323	112	342
"ID"	2006	"Absentee"	"Jerome"	2		438	168	245	152	255	367	282	132	286	126	131	285	113	287
"ID"	2006	"1"	"Kootenai"	1	1016	416	185	201	163	224	324	221	178	225	171	183	214	179	201
"ID"	2006	"2"	"Kootenai"	1	996	451	150	278	124	305	364	301	124	308	118	125	301	140	287
"ID"	2006	"3"	"Kootenai"	1	1049	452	166	253	133	295	357	285	136	288	138	145	281	148	273
"ID"	2006	"4"	"Kootenai"	1	788	381	173	195	157	212	287	195	172	210	154	163	196	170	183
"ID"	2006	"5"	"Kootenai"	1	1286	532	215	294	177	330	426	309	196	326	176	190	311	207	282
"ID"	2006	"6"	"Kootenai"	1	1560	710	212	462	168	503	573	491	175	500	166	175	493	201	461
"ID"	2006	"7"	"Kootenai"	1	1292	610	242	326	228	354	480	360	227	372	211	240	351	230	341
"ID"	2006	"8"	"Kootenai"	1	1604	696	265	403	220	435	560	433	217	437	216	240	414	242	406
"ID"	2006	"9"	"Kootenai"	1	1156	437	159	254	142	277	354	280	135	295	120	131	286	145	259
"ID"	2006	"10"	"Kootenai"	1	686	285	115	154	103	166	221	160	111	163	108	117	158	114	144
"ID"	2006	"11"	"Kootenai"	1	1027	389	170	201	141	223	298	219	147	224	142	153	213	154	199
"ID"	2006	"12"	"Kootenai"	1	590	241	89	139	81	148	199	153	80	148	87	85	147	91	140
"ID"	2006	"13"	"Kootenai"	1	516	225	55	164	40	175	184	153	59	164	43	47	163	55	157
"ID"	2006	"14"	"Kootenai"	1	1047	428	136	265	124	278	352	264	143	283	121	137	267	139	255
"ID"	2006	"15"	"Kootenai"	1	1348	609	232	354	190	396	489	378	205	398	185	210	376	230	337
"ID"	2006	"16"	"Kootenai"	1	1513	716	251	452	193	500	582	449	223	494	178	202	473	267	417
"ID"	2006	"17"	"Kootenai"	1	914	388	136	235	116	258	310	245	134	253	119	132	238	138	219
"ID"	2006	"18"	"Kootenai"	1	1544	639	249	360	211	399	528	388	219	416	191	211	399	232	368
"ID"	2006	"19"	"Kootenai"	1	1162	510	188	307	163	333	371	307	166	322	141	158	314	193	269
"ID"	2006	"20"	"Kootenai"	1	1236	466	197	239	158	278	362	258	179	282	155	175	260	183	241
"ID"	2006	"21"	"Kootenai"	1	1025	448	169	264	146	288	365	274	157	300	126	149	278	183	241
"ID"	2006	"22"	"Kootenai"	1	1442	673	244	417	193	460	535	414	230	473	170	200	450	253	394
"ID"	2006	"23"	"Kootenai"	1	970	380	150	212	140	225	304	221	149	236	137	146	223	146	207
"ID"	2006	"24"	"Kootenai"	1	831	313	119	184	105	196	268	200	99	203	96	108	192	119	175
"ID"	2006	"25"	"Kootenai"	1	1066	403	152	231	146	239	332	237	141	251	132	153	232	132	236
"ID"	2006	"26"	"Kootenai"	1	756	309	140	152	124	165	241	168	131	168	122	128	168	129	148
"ID"	2006	"27"	"Kootenai"	1	769	288	121	155	110	167	239	172	105	184	91	105	172	112	151
"ID"	2006	"28"	"Kootenai"	1	1118	570	186	354	154	388	464	372	169	386	160	178	363	174	358
"ID"	2006	"29"	"Kootenai"	1	808	338	152	169	146	177	263	168	150	180	143	162	160	150	161
"ID"	2006	"30"	"Kootenai"	1	1090	400	148	229	135	253	319	242	143	248	139	143	249	147	222
"ID"	2006	"31"	"Kootenai"	1	466	159	64	86	51	100	130	97	55	101	51	67	85	58	90
"ID"	2006	"32"	"Kootenai"	1	1137	433	188	227	161	257	347	256	156	263	146	174	242	172	235
"ID"	2006	"33"	"Kootenai"	1	670	270	116	142	84	171	214	167	90	174	82	96	162	102	143
"ID"	2006	"34"	"Kootenai"	1	1344	610	233	359	190	399	500	368	202	397	175	191	386	235	330
"ID"	2006	"35"	"Kootenai"	1	798	339	122	195	111	207	271	197	126	209	114	123	202	122	187
"ID"	2006	"36"	"Kootenai"	1	1168	442	146	276	126	303	374	287	138	310	113	134	293	147	267
"ID"	2006	"37"	"Kootenai"	1	814	394	182	200	179	197	305	202	177	216	167	175	205	186	192
"ID"	2006	"38"	"Kootenai"	1	1784	817	319	460	258	527	662	493	273	530	240	263	506	295	469
"ID"	2006	"39"	"Kootenai"	1	1717	571	256	287	216	324	451	302	238	323	217	234	313	246	290
"ID"	2006	"40"	"Kootenai"	1	1131	614	220	372	182	407	490	372	215	398	185	208	375	238	349
"ID"	2006	"41"	"Kootenai"	1	932	436	192	232	158	265	349	247	174	271	144	157	254	192	218
"ID"	2006	"42"	"Kootenai"	1	617	262	111	143	109	146	205	138	120	151	103	118	136	120	125
"ID"	2006	"43"	"Kootenai"	1	906	321	162	152	141	171	250	154	151	167	132	145	161	168	139
"ID"	2006	"44"	"Kootenai"	1	859	307	146	147	133	167	224	150	147	168	126	150	147	147	144
"ID"	2006	"45"	"Kootenai"	1	1352	585	265	302	217	352	466	334	228	355	202	231	328	252	304
"ID"	2006	"46"	"Kootenai"	1	1496	635	255	346	231	369	500	367	230	377	217	219	382	258	335
"ID"	2006	"47"	"Kootenai"	1	821	304	133	160	122	168	239	152	136	173	117	135	156	137	146
"ID"	2006	"48"	"Kootenai"	1	845	350	150	180	143	190	268	184	147	205	127	140	194	143	178
"ID"	2006	"49"	"Kootenai"	1	820	342	155	172	140	187	257	178	147	195	127	139	186	161	165
"ID"	2006	"50"	"Kootenai"	1	1134	528	231	281	182	328	409	281	213	310	185	201	295	232	264
"ID"	2006	"51"	"Kootenai"	1	695	188	112	64	109	69	119	60	113	74	102	106	66	114	60
"ID"	2006	"52"	"Kootenai"	1	776	339	156	160	134	177	253	174	139	186	130	141	171	150	151
"ID"	2006	"53"	"Kootenai"	1	978	353	199	142	183	159	251	153	189	161	180	182	157	188	143
"ID"	2006	"54"	"Kootenai"	1	994	281	168	104	149	113	177	93	168	107	147	157	103	169	89
"ID"	2006	"55"	"Kootenai"	1	827	276	158	101	144	112	177	106	153	115	145	153	112	160	92
"ID"	2006	"56"	"Kootenai"	1	750	315	195	111	182	120	213	117	186	123	179	190	112	202	97
"ID"	2006	"57"	"Kootenai"	1	850	353	185	153	169	172	257	172	164	177	154	162	176	181	141
"ID"	2006	"58"	"Kootenai"	1	921	348	210	129	191	146	231	123	206	149	176	188	139	220	113
"ID"	2006	"59"	"Kootenai"	1	669	237	130	101	116	112	162	110	115	108	115	111	112	133	94
"ID"	2006	"60"	"Kootenai"	1	563	199	129	67	104	92	123	77	111	84	103	107	83	117	67
"ID"	2006	"61"	"Kootenai"	1	994	449	157	273	145	294	355	291	131	300	127	139	289	164	258
"ID"	2006	"62"	"Kootenai"	1	516	280	117	155	107	164	221	157	110	164	99	108	160	114	144
"ID"	2006	"63"	"Kootenai"	1	1041	512	171	322	135	359	426	338	149	368	120	140	346	155	325
"ID"	2006	"64"	"Kootenai"	1	692	338	92	219	71	252	292	239	82	262	65	76	242	97	214
"ID"	2006	"65"	"Kootenai"	1	799	390	134	243	114	259	314	253	125	274	104	111	266	140	236
"ID"	2006	"66"	"Kootenai"	1	845	501	202	284	165	320	404	303	181	318	155	173	309	186	291
"ID"	2006	"67"	"Kootenai"	1	491	218	92	116	73	136	166	120	88	125	83	88	117	93	114
"ID"	2006	"68"	"Kootenai"	1	217	113	40	69	39	67	85	59	48	68	39	40	63	42	57
"ID"	2006	"69"	"Kootenai"	1	943	398	167	220	189	196	305	190	189	203	174	164	219	207	171
"ID"	2006	"70"	"Kootenai"	1	272	122	60	54	43	68	94	60	53	69	45	50	66	53	62
"ID"	2006	"71"	"Kootenai"	1	344	197	76	114	68	120	153	123	66	124	63	68	119	68	114
"ID"	2006	"Absentee Leg Dist 2"	"Kootenai"	1		185	81	95	64	114	154	98	76	113	60	74	101	80	99
"ID"	2006	"Absentee Leg Dist 3"	"Kootenai"	1		2894	1258	1545	1062	1751	2194	1572	1215	1721	1046	1071	1723	1189	1540
"ID"	2006	"Absentee Leg Dist 4"	"Kootenai"	1		3371	1906	1360	1748	1513	2330	1370	1866	1524	1687	1769	1471	1855	1299
"ID"	2006	"Absentee Leg Dist 5"	"Kootenai"	1		2694	1239	1331	1091	1503	2017	1333	1223	1472	1071	1124	1445	1183	1331
"ID"	2006	"Moscow #1"	"Latah"	1	733	141	95	36	85	43	100	49	77	50	73	78	47	100	29
"ID"	2006	"Moscow #2"	"Latah"	1	1311	467	267	174	241	204	340	198	213	209	203	212	200	266	158
"ID"	2006	"Moscow #3"	"Latah"	1	811	402	241	145	215	171	280	171	206	175	196	202	174	229	139
"ID"	2006	"Moscow #4"	"Latah"	1	848	482	272	184	265	193	347	212	234	219	214	237	202	290	156
"ID"	2006	"Moscow #5"	"Latah"	1	907	518	319	191	270	228	386	248	244	258	226	244	237	293	193
"ID"	2006	"Moscow #6"	"Latah"	1	904	311	208	84	207	95	223	89	203	106	182	186	99	208	73
"ID"	2006	"Moscow #7"	"Latah"	1	860	387	204	155	187	179	280	186	172	188	163	163	187	202	138
"ID"	2006	"Moscow #8"	"Latah"	1	554	154	82	65	73	70	116	60	69	70	63	80	51	91	46
"ID"	2006	"Moscow #9"	"Latah"	1	870	485	290	173	273	178	314	193	248	197	234	249	191	297	150
"ID"	2006	"Moscow #10"	"Latah"	1	904	462	306	128	286	145	299	159	266	171	248	260	161	297	130
"ID"	2006	"Moscow #11"	"Latah"	1	962	464	319	119	310	135	283	141	283	141	277	283	142	307	122
"ID"	2006	"Moscow #12"	"Latah"	1	901	428	232	176	215	196	325	193	201	198	200	198	199	227	163
"ID"	2006	"Moscow #13"	"Latah"	1	718	325	231	79	215	100	219	112	195	115	185	199	108	223	88
"ID"	2006	"Moscow #14"	"Latah"	1	1390	528	359	133	355	137	300	151	327	164	309	338	147	363	124
"ID"	2006	"Moscow #15"	"Latah"	1	1095	531	385	128	369	145	321	155	340	159	337	347	152	385	117
"ID"	2006	"Moscow #16"	"Latah"	1	1092	336	236	85	230	89	211	87	221	90	218	222	89	241	70
"ID"	2006	"Moscow #17"	"Latah"	1	902	484	266	167	236	206	337	210	221	222	207	212	215	254	180
"ID"	2006	"Moscow #18"	"Latah"	1	1036	278	178	79	167	100	204	95	163	106	155	168	89	184	70
"ID"	2006	"Deary 19"	"Latah"	1	773	452	214	190	189	216	328	221	174	219	168	195	194	186	202
"ID"	2006	"Farmington 20"	"Latah"	1	34	23	3	20	3	20	21	19	3	20	3	2	20	5	14
"ID"	2006	"Genesee 21"	"Latah"	1	964	543	245	280	235	289	429	295	215	313	195	234	275	274	218
"ID"	2006	"Harvard 22"	"Latah"	1	235	120	38	76	40	75	95	76	32	73	34	42	69	39	73
"ID"	2006	"Juliaetta 23"	"Latah"	1	436	265	115	136	113	132	197	140	96	135	102	108	128	114	123
"ID"	2006	"Kendrick 24"	"Latah"	1	393	230	117	103	109	107	174	113	104	115	95	109	102	119	83
"ID"	2006	"Linden 25"	"Latah"	1	65	53	19	26	14	33	48	36	15	37	15	23	27	19	19
"ID"	2006	"Palouse 26"	"Latah"	1	306	159	75	71	74	76	124	80	70	89	61	72	78	68	75
"ID"	2006	"Potlatch 27"	"Latah"	1	824	447	224	201	201	220	350	230	184	219	195	201	216	218	188
"ID"	2006	"Princeton 28"	"Latah"	1	399	254	92	154	82	163	206	163	75	164	74	83	159	88	147
"ID"	2006	"Troy 29"	"Latah"	1	1201	664	363	265	328	298	487	320	279	307	298	321	283	363	238
"ID"	2006	"Viola 30"	"Latah"	1	332	193	94	85	93	92	140	101	77	102	72	90	90	93	83
"ID"	2006	"Cora 31"	"Latah"	1	212	123	54	68	47	71	98	70	48	72	47	53	64	51	65
"ID"	2006	"Bovill 32"	"Latah"	1	163	94	54	31	46	40	70	39	37	42	38	51	31	48	29
"ID"	2006	"Absentee"	"Latah"	1		1506	958	454	917	489	986	539	867	573	811	869	533	945	422
"ID"	2006	"Salmon"	"Lemhi"	2	1332	672	212	434	176	464	555	412	222	444	185	193	446	192	450
"ID"	2006	"Depot"	"Lemhi"	2	1123	554	194	336	153	364	446	335	186	375	140	149	371	151	370
"ID"	2006	"Brooklyn"	"Lemhi"	2	1623	869	365	468	296	540	665	495	335	527	287	322	502	291	523
"ID"	2006	"North Fork"	"Lemhi"	2	294	185	64	113	63	111	140	108	67	112	58	68	106	60	112
"ID"	2006	"Mineral Hill"	"Lemhi"	2	57	41	19	21	15	22	30	23	17	25	15	17	23	14	26
"ID"	2006	"Iron Creek"	"Lemhi"	2	180	116	34	66	30	77	91	70	36	72	34	40	69	26	77
"ID"	2006	"Pahsimeroi"	"Lemhi"	2	92	49	5	43	7	41	44	39	9	40	8	8	39	5	41
"ID"	2006	"Lemhi"	"Lemhi"	2	290	160	39	110	38	112	129	103	45	112	34	40	108	37	109
"ID"	2006	"Junction"	"Lemhi"	2	223	130	26	94	31	86	114	91	34	96	27	29	92	21	98
"ID"	2006	"Absentee"	"Lemhi"	2		468	204	243	177	253	309	251	184	250	174	181	252	188	254
"ID"	2006	"Nezperce 1"	"Lewis"	1	434	343	164	165	142	182	241	159	136	179	122	151	151	177	137
"ID"	2006	"West Kamiah 2"	"Lewis"	1	642	331	129	187	117	204	258	201	113	202	109	126	187	133	176
"ID"	2006	"East Kamiah 3"	"Lewis"	1	220	114	35	76	26	83	95	78	31	77	32	30	79	43	65
"ID"	2006	"Craigmont 4"	"Lewis"	1	420	290	111	161	110	163	236	163	100	178	87	107	159	128	138
"ID"	2006	"Winchester 5"	"Lewis"	1	319	244	98	134	85	148	188	146	89	151	76	110	124	111	110
"ID"	2006	"Reubens 6"	"Lewis"	1	56	38	17	19	12	24	25	18	11	20	10	16	16	22	14
"ID"	2006	"Mohler 7"	"Lewis"	1	55	47	20	26	9	37	39	30	9	28	11	11	27	17	30
"ID"	2006	"Slickpoo 8"	"Lewis"	1	13	9	4	5	3	5	5	5	3	5	3	3	5	3	5
"ID"	2006	"Shoshone #1"	"Lincoln"	2	409	271	118	127	102	148	207	156	90	156	91	103	143	89	153
"ID"	2006	"Shoshone #2"	"Lincoln"	2	480	287	150	124	134	140	240	161	120	155	117	125	146	113	157
"ID"	2006	"N. Shoshone #3"	"Lincoln"	2	439	242	89	141	87	144	199	166	65	165	60	65	165	54	171
"ID"	2006	"Richfield #4"	"Lincoln"	2	524	359	150	192	142	192	292	223	112	210	124	139	199	110	212
"ID"	2006	"Dietrich #5"	"Lincoln"	2	401	254	90	163	77	173	240	214	45	208	45	57	203	42	206
"ID"	2006	"Kimama #6"	"Lincoln"	2	32	31	2	22	2	20	20	23	0	24	0	1	22	1	21
"ID"	2006	"Plano #1"	"Madison"	2	366	226	39	170	35	180	202	167	49	181	30	28	187	30	186
"ID"	2006	"Burton #2"	"Madison"	2	1017	595	146	419	109	460	519	415	154	481	86	91	478	75	486
"ID"	2006	"Hibbard #3"	"Madison"	2	1066	631	151	450	89	503	582	492	113	541	65	69	543	74	538
"ID"	2006	"Salem #4"	"Madison"	2	441	277	54	205	41	221	243	215	55	228	35	39	233	27	242
"ID"	2006	"Rexburg #5"	"Madison"	2	1293	604	164	403	119	427	509	401	147	443	102	109	440	77	484
"ID"	2006	"Sugar City #6"	"Madison"	2	1074	631	159	429	141	473	578	423	179	507	88	92	513	75	539
"ID"	2006	"Rexburg #7"	"Madison"	2	1201	659	142	476	102	497	603	500	127	545	80	93	538	71	549
"ID"	2006	"Rexburg #8"	"Madison"	2	1336	698	231	429	116	544	623	486	163	556	90	108	548	72	585
"ID"	2006	"Rexburg #9"	"Madison"	2	671	233	65	149	44	174	200	172	44	178	35	43	174	35	188
"ID"	2006	"Rexburg #10"	"Madison"	2	733	200	45	148	33	159	178	147	33	151	27	35	147	18	172
"ID"	2006	"Rexburg #11"	"Madison"	2	204	59	16	41	8	48	53	39	15	42	10	8	44	10	48
"ID"	2006	"Rexburg #12"	"Madison"	2	75	39	10	27	2	34	35	31	5	34	2	3	33	6	30
"ID"	2006	"Rexburg #13"	"Madison"	2	44	28	4	21	4	20	20	17	5	20	3	3	19	3	22
"ID"	2006	"Rexburg #14"	"Madison"	2	583	150	39	94	20	110	130	104	35	113	24	22	114	19	118
"ID"	2006	"Rexburg #15"	"Madison"	2	1162	583	130	423	77	477	529	423	132	485	65	67	492	53	507
"ID"	2006	"Rexburg #16"	"Madison"	2	1745	982	335	605	175	755	844	661	256	757	152	158	758	171	776
"ID"	2006	"Moody #17"	"Madison"	2	220	158	32	117	27	120	141	111	42	130	22	17	136	18	131
"ID"	2006	"Lyman #18"	"Madison"	2	805	480	109	344	105	352	422	333	127	387	75	80	382	66	395
"ID"	2006	"Archer #19"	"Madison"	2	742	416	101	285	89	294	364	297	93	331	59	68	327	45	352
"ID"	2006	"Absentee"	"Madison"	2		494	146	319	115	352	430	367	104	376	87	79	389	79	396
"ID"	2006	"Acequia"	"Minidoka"	2	719	419	109	289	103	287	343	304	101	317	80	97	300	70	320
"ID"	2006	"Emerson"	"Minidoka"	2	978	567	149	393	156	371	477	401	144	425	110	132	413	106	409
"ID"	2006	"Heyburn #1"	"Minidoka"	2	932	462	150	268	143	283	372	298	132	307	120	138	286	109	295
"ID"	2006	"Heyburn #2"	"Minidoka"	2	945	522	153	347	149	344	446	376	124	402	98	134	365	100	379
"ID"	2006	"Paul"	"Minidoka"	2	829	516	175	317	187	299	420	325	169	344	142	184	304	145	333
"ID"	2006	"Pioneer"	"Minidoka"	2	975	539	149	366	139	369	483	411	108	433	83	117	395	69	418
"ID"	2006	"Rupert #1"	"Minidoka"	2	692	390	141	224	122	246	326	245	133	281	93	113	259	92	271
"ID"	2006	"Rupert #2"	"Minidoka"	2	724	433	163	248	171	234	364	277	134	288	126	171	243	111	283
"ID"	2006	"Rupert #3"	"Minidoka"	2	562	252	88	128	93	132	199	148	87	153	81	85	143	69	152
"ID"	2006	"Rupert #4"	"Minidoka"	2	733	395	135	234	145	223	320	254	123	253	117	130	245	98	264
"ID"	2006	"Rupert #5"	"Minidoka"	2	634	371	154	191	142	207	297	234	117	244	100	123	227	110	235
"ID"	2006	"Absentee"	"Minidoka"	2		359	122	212	103	225	287	228	104	236	97	102	232	82	240
"ID"	2006	"1Lewiston"	"Nez Perce"	1	313	104	60	31	57	35	74	36	54	40	51	57	33	62	28
"ID"	2006	"2Lewiston"	"Nez Perce"	1	386	177	107	65	90	80	136	87	83	86	81	88	80	108	59
"ID"	2006	"3Lewiston"	"Nez Perce"	1	396	212	124	78	120	82	147	88	110	89	104	114	81	126	69
"ID"	2006	"4Lewiston"	"Nez Perce"	1	444	235	139	83	123	101	186	89	127	105	111	127	95	138	79
"ID"	2006	"5Lewiston"	"Nez Perce"	1	427	253	137	105	117	123	196	133	104	140	96	117	121	133	100
"ID"	2006	"6Lewiston"	"Nez Perce"	1	566	325	130	175	121	185	253	188	120	201	106	125	181	142	160
"ID"	2006	"7Lewiston"	"Nez Perce"	1	694	346	185	149	167	167	269	168	152	166	157	174	157	194	125
"ID"	2006	"8Lewiston"	"Nez Perce"	1	609	403	224	168	205	179	312	196	186	211	163	196	178	246	136
"ID"	2006	"9Lewiston"	"Nez Perce"	1	720	395	244	141	212	165	282	162	207	171	193	213	159	239	124
"ID"	2006	"10Lewiston"	"Nez Perce"	1	665	348	181	151	164	166	276	170	153	173	147	172	160	182	139
"ID"	2006	"11Lewiston"	"Nez Perce"	1	570	312	198	102	180	116	225	120	164	119	164	187	101	203	89
"ID"	2006	"12Lewiston"	"Nez Perce"	1	1068	705	312	379	266	417	580	416	252	425	233	261	406	340	321
"ID"	2006	"13Lewiston"	"Nez Perce"	1	1075	655	320	318	297	330	503	335	266	348	251	298	314	338	272
"ID"	2006	"14Lewiston"	"Nez Perce"	1	615	320	170	133	162	141	256	152	151	152	149	167	143	180	117
"ID"	2006	"15Lewiston"	"Nez Perce"	1	1017	612	345	235	312	267	452	262	291	270	291	317	258	338	218
"ID"	2006	"16Lewiston"	"Nez Perce"	1	733	413	210	174	198	183	311	198	178	199	174	192	183	207	156
"ID"	2006	"17Lewiston"	"Nez Perce"	1	661	342	182	142	175	150	259	159	146	164	145	168	140	191	125
"ID"	2006	"18Lewiston"	"Nez Perce"	1	749	417	212	190	198	201	325	206	186	218	176	197	198	215	178
"ID"	2006	"19Lewiston"	"Nez Perce"	1	454	277	144	116	142	120	216	129	132	131	122	140	121	148	104
"ID"	2006	"20Lewiston"	"Nez Perce"	1	708	391	197	174	170	193	316	200	158	207	160	173	198	210	154
"ID"	2006	"21Lewiston"	"Nez Perce"	1	912	567	263	287	239	295	466	326	206	328	206	228	312	285	244
"ID"	2006	"22Lewiston"	"Nez Perce"	1	671	351	179	160	163	172	291	173	156	174	152	169	160	173	135
"ID"	2006	"23Lewiston"	"Nez Perce"	1	836	470	229	226	219	238	379	244	194	244	189	215	222	231	196
"ID"	2006	"24Lewiston"	"Nez Perce"	1	969	577	307	248	279	259	449	262	263	262	255	282	244	309	227
"ID"	2006	"25Lewiston"	"Nez Perce"	1	1033	591	277	283	262	297	486	318	221	330	208	236	309	286	247
"ID"	2006	"26Lewiston"	"Nez Perce"	1	951	533	268	247	245	264	430	271	231	282	211	255	244	276	214
"ID"	2006	"30Culdesac"	"Nez Perce"	1	417	230	107	113	101	114	177	115	97	121	90	98	115	117	97
"ID"	2006	"31Gifford"	"Nez Perce"	1	168	103	42	57	43	54	84	48	44	57	35	39	54	57	40
"ID"	2006	"32Hatwai"	"Nez Perce"	1	407	201	109	85	94	98	151	98	86	100	83	90	93	115	72
"ID"	2006	"33Lapwai"	"Nez Perce"	1	809	351	248	87	255	74	225	78	235	75	243	256	62	269	54
"ID"	2006	"34Leland"	"Nez Perce"	1	245	173	53	116	35	132	137	116	42	117	38	51	110	60	97
"ID"	2006	"35Lenore"	"Nez Perce"	1	240	146	66	74	61	73	97	76	54	74	56	64	70	62	68
"ID"	2006	"36Peck"	"Nez Perce"	1	244	172	74	85	76	86	130	89	69	95	67	84	78	78	75
"ID"	2006	"37Rimrock"	"Nez Perce"	1	113	73	28	42	22	45	60	48	19	46	22	24	46	29	37
"ID"	2006	"38Spalding"	"Nez Perce"	1	374	235	104	124	105	119	186	119	101	120	99	101	111	116	102
"ID"	2006	"39Tammany"	"Nez Perce"	1	555	326	120	193	107	203	262	208	97	209	89	112	188	120	176
"ID"	2006	"40Webb"	"Nez Perce"	1	194	112	60	47	61	49	81	54	49	51	49	55	52	53	49
"ID"	2006	"Malad 1"	"Oneida"	2	723	467	160	276	112	319	383	297	139	312	117	136	290	121	317
"ID"	2006	"Malad 2"	"Oneida"	2	605	380	108	233	109	240	289	250	97	251	90	115	230	104	246
"ID"	2006	"Malad 3"	"Oneida"	2	597	382	106	248	107	249	321	258	105	259	103	110	252	96	256
"ID"	2006	"Malad 4"	"Oneida"	2	394	238	57	170	46	179	206	179	50	182	48	64	164	40	188
"ID"	2006	"Curlew"	"Oneida"	2	112	73	7	62	6	58	67	59	9	63	6	8	62	5	59
"ID"	2006	"Holbrook"	"Oneida"	2	69	55	10	41	5	44	52	39	15	44	6	8	46	6	44
"ID"	2006	"1 N. Homedale"	"Owyhee"	1	683	413	149	236	131	248	341	248	130	268	106	137	256	159	203
"ID"	2006	"2 S. Homedale"	"Owyhee"	1	937	519	153	335	142	346	437	359	139	369	127	137	363	180	296
"ID"	2006	"3 N. Marsing"	"Owyhee"	1	628	360	106	220	98	223	284	228	95	231	86	101	221	110	188
"ID"	2006	"4 S. Marsing"	"Owyhee"	1	627	351	103	235	104	231	294	240	100	255	83	91	255	118	198
"ID"	2006	"5 Pleasant Valley"	"Owyhee"	1	78	60	0	56	0	57	59	55	0	59	1	1	58	1	57
"ID"	2006	"6 Wilson"	"Owyhee"	1	442	289	71	208	71	201	253	211	65	228	48	64	221	77	189
"ID"	2006	"7 Murphy"	"Owyhee"	1	253	149	30	110	36	107	138	108	36	124	14	19	126	37	96
"ID"	2006	"8 Oreana"	"Owyhee"	1	128	82	9	71	12	66	76	71	11	68	11	13	67	14	62
"ID"	2006	"9 Grand View"	"Owyhee"	1	476	296	54	203	50	210	254	209	59	215	50	60	207	71	177
"ID"	2006	"10 Bruneau"	"Owyhee"	1	352	226	45	172	41	172	202	178	41	181	37	47	169	52	154
"ID"	2006	"11 Riddle"	"Owyhee"	1	105	42	23	15	24	12	23	12	25	13	25	23	15	26	11
"ID"	2006	"12 Three Creek"	"Owyhee"	1	19	12	0	12	0	12	12	11	1	12	0	0	12	0	12
"ID"	2006	"13 Absentee"	"Owyhee"	1		140	37	99	40	98	117	94	35	100	30	34	100	49	85
"ID"	2006	"1"	"Payette"	1	973	428	150	252	125	274	356	317	103	294	115	124	289	155	226
"ID"	2006	"2"	"Payette"	1	1943	989	339	616	297	668	864	709	256	690	241	263	686	397	533
"ID"	2006	"3"	"Payette"	1	923	436	161	245	158	257	363	303	125	260	151	159	256	200	206
"ID"	2006	"4"	"Payette"	1	560	281	106	161	101	164	225	191	83	164	96	106	157	133	128
"ID"	2006	"5"	"Payette"	1	1476	729	218	482	223	486	618	500	205	506	183	215	480	311	380
"ID"	2006	"6"	"Payette"	1	1132	564	218	330	188	363	487	383	169	353	189	202	344	260	283
"ID"	2006	"7"	"Payette"	1	302	183	34	141	44	133	167	144	31	144	27	33	140	69	110
"ID"	2006	"8"	"Payette"	1	1672	833	270	544	232	577	717	595	221	580	213	240	562	334	437
"ID"	2006	"9"	"Payette"	1	1214	651	177	434	182	435	560	451	175	457	163	163	451	219	380
"ID"	2006	"10"	"Payette"	1	156	80	18	57	16	58	70	63	14	63	14	20	57	18	55
"ID"	2006	"Absentee"	"Payette"	1		741	255	461	245	474	600	493	228	500	205	222	491	295	403
"ID"	2006	"1"	"Power"	2	725	436	183	244	169	249	365	262	147	251	155	169	246	146	276
"ID"	2006	"2"	"Power"	2	932	517	200	297	194	299	433	319	164	315	168	194	300	151	340
"ID"	2006	"3"	"Power"	2	1023	579	230	317	218	335	499	368	193	357	193	240	315	167	379
"ID"	2006	"4"	"Power"	2	343	191	67	111	64	106	166	145	37	145	38	58	125	36	149
"ID"	2006	"5"	"Power"	2	112	79	10	67	17	57	70	61	12	60	10	12	62	11	65
"ID"	2006	"6"	"Power"	2	416	231	109	106	84	134	188	127	94	130	94	99	124	84	136
"ID"	2006	"Absentee"	"Power"	2		181	85	87	78	91	137	99	68	103	67	76	97	61	108
"ID"	2006	"1 PrichardMurray"	"Shoshone"	1	159	91	54	33	45	39	61	29	52	30	47	53	28	55	25
"ID"	2006	"2 Mullan"	"Shoshone"	1	471	262	181	66	184	63	162	60	177	60	175	185	58	170	69
"ID"	2006	"3 Wallace"	"Shoshone"	1	436	202	118	66	122	64	136	65	123	72	116	124	62	113	60
"ID"	2006	"4 Wallace"	"Shoshone"	1	374	191	101	83	97	83	137	83	96	89	91	99	81	109	65
"ID"	2006	"5 Silverton"	"Shoshone"	1	359	174	98	64	105	58	111	61	97	64	95	97	61	97	51
"ID"	2006	"6 Osburn"	"Shoshone"	1	586	302	165	120	149	133	212	125	157	129	151	156	124	162	113
"ID"	2006	"7 Osburn"	"Shoshone"	1	678	323	185	128	178	125	243	129	171	123	172	180	123	175	111
"ID"	2006	"8 Kellogg"	"Shoshone"	1	333	154	78	70	73	71	114	70	68	71	64	71	68	80	61
"ID"	2006	"9 Kellogg"	"Shoshone"	1	664	341	200	120	181	145	251	143	175	148	167	198	121	187	124
"ID"	2006	"10 Kellogg"	"Shoshone"	1	342	160	99	56	85	68	106	55	89	63	83	94	55	97	52
"ID"	2006	"11 Wardner"	"Shoshone"	1	113	57	36	17	34	18	36	20	33	19	35	34	19	37	15
"ID"	2006	"12 Smelterville"	"Shoshone"	1	344	149	85	56	91	51	104	50	92	56	87	98	47	87	38
"ID"	2006	"13 Pinehurst"	"Shoshone"	1	324	155	86	62	84	68	95	61	85	65	78	91	58	77	68
"ID"	2006	"14 Pinehurst"	"Shoshone"	1	816	385	222	147	203	164	264	153	201	157	190	205	145	214	139
"ID"	2006	"15 KingstonCataldo"	"Shoshone"	1	776	400	229	155	223	156	272	157	207	159	201	226	140	210	142
"ID"	2006	"16 Calder"	"Shoshone"	1	106	76	33	36	29	41	53	40	28	35	30	33	36	31	39
"ID"	2006	"17 Clarkia"	"Shoshone"	1	53	34	17	14	16	12	26	13	19	15	15	18	13	17	11
"ID"	2006	"18 Avery"	"Shoshone"	1	48	35	19	13	14	18	25	17	15	14	17	18	11	14	15
"ID"	2006	"Absentee"	"Shoshone"	1		363	219	128	211	137	231	135	196	139	193	205	128	200	122
"ID"	2006	"Victor 1"	"Teton"	2	1492	779	401	331	375	368	554	357	378	399	329	373	369	306	416
"ID"	2006	"Driggs 2"	"Teton"	2	1526	740	391	316	348	332	503	351	320	362	307	333	341	290	386
"ID"	2006	"Tetonia 3"	"Teton"	2	1771	776	373	367	377	345	563	394	331	393	331	344	385	297	436
"ID"	2006	"Absentee"	"Teton"	2		805	488	272	446	305	488	326	415	323	411	429	318	406	342
"ID"	2006	"Buhl 1"	"Twin Falls"	2	703	392	177	196	154	224	322	238	136	239	139	146	228	113	247
"ID"	2006	"Buhl 2"	"Twin Falls"	2	580	306	129	164	114	166	249	207	84	185	98	106	184	78	206
"ID"	2006	"Buhl 3"	"Twin Falls"	2	430	259	89	152	88	148	211	170	77	162	75	78	158	66	178
"ID"	2006	"Buhl 4"	"Twin Falls"	2	624	322	135	161	125	163	255	186	121	167	134	112	192	104	191
"ID"	2006	"Buhl 5"	"Twin Falls"	2	354	188	89	77	84	91	139	97	82	91	87	81	100	70	102
"ID"	2006	"Buhl 6"	"Twin Falls"	2	254	148	59	80	57	82	125	83	54	85	49	48	88	47	94
"ID"	2006	"Buhl 7"	"Twin Falls"	2	835	482	205	256	162	294	392	306	143	305	140	142	308	114	349
"ID"	2006	"Castleford"	"Twin Falls"	2	504	278	89	177	91	174	245	197	75	196	71	82	187	57	209
"ID"	2006	"Clover"	"Twin Falls"	2	199	119	28	81	30	77	97	92	20	84	25	25	91	23	87
"ID"	2006	"Deep Creek"	"Twin Falls"	2	635	349	149	187	118	212	287	222	118	229	97	118	216	93	244
"ID"	2006	"Filer 1"	"Twin Falls"	2	759	420	160	242	153	251	366	283	130	289	117	127	284	112	292
"ID"	2006	"Filer 2"	"Twin Falls"	2	767	413	139	255	122	266	358	274	120	281	109	125	269	96	297
"ID"	2006	"Filer 3"	"Twin Falls"	2	775	505	182	294	163	311	431	348	128	345	126	136	337	113	359
"ID"	2006	"Hansen"	"Twin Falls"	2	1211	657	224	398	189	429	573	479	148	478	143	161	466	145	475
"ID"	2006	"Hollister"	"Twin Falls"	2	644	329	101	214	98	203	284	225	83	227	72	86	217	59	245
"ID"	2006	"Kimberly 1"	"Twin Falls"	2	763	434	172	246	138	268	380	283	124	296	109	115	295	112	303
"ID"	2006	"Kimberly 2"	"Twin Falls"	2	1123	634	211	397	198	402	556	459	152	466	132	134	475	127	471
"ID"	2006	"Kimberly 3"	"Twin Falls"	2	521	307	96	194	88	210	264	217	75	219	72	79	218	74	217
"ID"	2006	"Maroa"	"Twin Falls"	2	313	176	65	103	58	106	154	125	44	134	32	42	124	41	124
"ID"	2006	"Murtaugh"	"Twin Falls"	2	430	212	62	138	61	135	181	159	37	157	39	43	154	34	167
"ID"	2006	"Outside T.F. 21"	"Twin Falls"	2	279	146	52	84	47	94	126	98	40	111	28	29	110	33	104
"ID"	2006	"Outside T.F. 22"	"Twin Falls"	2	956	519	199	287	159	338	449	336	156	358	128	135	359	116	380
"ID"	2006	"Outside T.F. 23"	"Twin Falls"	2	1150	551	192	333	188	337	464	369	149	389	131	154	376	123	391
"ID"	2006	"Outside T.F. 24"	"Twin Falls"	2	796	430	166	249	141	272	376	281	136	300	116	116	295	108	309
"ID"	2006	"Outside T.F. 25"	"Twin Falls"	2	1172	644	227	400	173	448	578	463	153	496	113	125	490	118	504
"ID"	2006	"Twin Falls 1"	"Twin Falls"	2	686	263	132	107	112	131	203	137	107	141	103	111	134	96	139
"ID"	2006	"Twin Falls 2"	"Twin Falls"	2	574	219	102	98	91	109	172	125	78	121	84	91	117	75	124
"ID"	2006	"Twin Falls 3"	"Twin Falls"	2	703	317	139	153	127	173	264	177	128	199	100	113	189	99	196
"ID"	2006	"Twin Falls 4"	"Twin Falls"	2	1667	704	300	361	265	398	592	427	247	426	249	239	438	226	432
"ID"	2006	"Twin Falls 5"	"Twin Falls"	2	1679	785	348	407	293	453	634	476	273	499	250	260	490	248	482
"ID"	2006	"Twin Falls 6"	"Twin Falls"	2	692	274	136	127	122	139	228	159	105	158	107	116	148	97	159
"ID"	2006	"Twin Falls 7"	"Twin Falls"	2	762	278	119	142	112	149	227	166	100	165	99	92	175	87	175
"ID"	2006	"Twin Falls 8"	"Twin Falls"	2	792	387	199	169	155	207	318	206	161	224	137	133	238	135	228
"ID"	2006	"Twin Falls 9"	"Twin Falls"	2	409	214	82	115	58	142	193	143	63	147	58	55	152	55	146
"ID"	2006	"Twin Falls 10"	"Twin Falls"	2	490	195	83	97	81	99	161	117	69	119	68	68	121	58	123
"ID"	2006	"Twin Falls 11"	"Twin Falls"	2	1207	649	279	343	240	385	560	414	203	438	171	182	436	206	425
"ID"	2006	"Twin Falls 12"	"Twin Falls"	2	663	332	175	143	129	193	268	180	134	192	120	117	201	124	191
"ID"	2006	"Twin Falls 13"	"Twin Falls"	2	1509	747	323	395	271	442	634	473	239	489	216	242	472	205	506
"ID"	2006	"Twin Falls 14"	"Twin Falls"	2	1389	757	287	445	257	472	657	484	242	515	205	205	521	210	517
"ID"	2006	"Twin Falls 15"	"Twin Falls"	2	1605	784	344	409	301	437	667	479	271	497	248	258	494	239	499
"ID"	2006	"Twin Falls 16"	"Twin Falls"	2	572	238	118	109	90	130	196	130	96	135	90	87	139	86	135
"ID"	2006	"Twin Falls 17"	"Twin Falls"	2	728	282	125	135	110	154	228	172	98	176	90	115	152	83	173
"ID"	2006	"Twin Falls 18"	"Twin Falls"	2	1273	650	258	355	246	368	538	404	211	417	201	216	403	195	408
"ID"	2006	"Twin Falls 19"	"Twin Falls"	2	1109	544	227	293	182	334	453	355	162	372	149	153	371	146	375
"ID"	2006	"Twin Falls 20"	"Twin Falls"	2	470	137	68	60	63	65	98	72	64	72	63	63	71	55	74
"ID"	2006	"Absentee 46"	"Twin Falls"	2		863	316	514	301	531	709	563	271	587	243	262	574	244	580
"ID"	2006	"Absentee 47"	"Twin Falls"	2		1256	514	707	488	718	1017	777	428	803	398	399	817	395	809
"ID"	2006	"Alpha"	"Valley"	1	400	209	73	124	62	134	169	129	68	144	53	66	134	83	105
"ID"	2006	"Cascade"	"Valley"	1	685	307	134	157	116	171	227	162	123	179	94	114	163	150	123
"ID"	2006	"Donnelly"	"Valley"	1	73	32	19	12	19	11	22	11	18	14	17	16	12	21	8
"ID"	2006	"McCall"	"Valley"	1	1850	902	531	353	493	391	618	383	473	421	417	463	385	566	286
"ID"	2006	"Payette"	"Valley"	1	934	509	279	218	269	232	349	234	250	263	214	236	246	295	182
"ID"	2006	"Roseberry"	"Valley"	1	1577	843	401	406	367	442	629	406	387	464	318	360	428	435	335
"ID"	2006	"West Mountain"	"Valley"	1	658	323	112	194	91	212	266	204	95	213	85	102	199	130	163
"ID"	2006	"Yellow Pine"	"Valley"	1	71	47	13	28	9	35	34	31	10	33	9	9	33	9	28
"ID"	2006	"Absentee"	"Valley"	1		798	372	397	357	415	595	421	344	472	282	301	470	389	349
"ID"	2006	"Eaton Hale 1"	"Washington"	1	564	379	105	261	98	265	307	276	84	273	76	87	270	120	236
"ID"	2006	"West Weiser 2"	"Washington"	1	467	284	151	120	120	148	212	154	112	159	96	107	151	149	114
"ID"	2006	"South Weiser 3"	"Washington"	1	358	194	65	110	61	118	148	117	70	115	70	68	115	76	91
"ID"	2006	"Weiser 4"	"Washington"	1	633	416	173	231	153	248	349	260	134	278	108	122	269	179	200
"ID"	2006	"Middle Weiser 5"	"Washington"	1	414	252	107	130	104	138	187	143	96	129	108	106	130	136	97
"ID"	2006	"East Weiser 6"	"Washington"	1	363	252	69	172	58	184	219	176	68	183	51	61	180	80	145
"ID"	2006	"Midvale 7"	"Washington"	1	456	323	74	238	58	249	274	255	55	258	47	54	253	83	208
"ID"	2006	"Cambridge 8"	"Washington"	1	635	433	137	281	118	301	363	294	120	310	98	109	301	148	251
"ID"	2006	"Pioneer 9"	"Washington"	1	584	345	164	166	155	167	253	185	139	181	132	147	173	163	146
"ID"	2006	"Sunnyside 10"	"Washington"	1	446	334	75	250	78	245	284	249	75	255	60	76	245	95	213
"ID"	2006	"Mineral 11"	"Washington"	1	368	253	65	183	59	188	209	183	65	189	48	56	184	76	164
