state	year	precinct	county	cd	g2004_REG_tv	g2004_BALL_tv	g2004_USP_rv	g2004_USP_dv	g2004_USS_rv	g2004_USS_dv	g2004_USH_dv	g2004_USH_rv
"ID"	2004	"1"	"Ada"	1	2527	1692	1244	404	1413	1	383	1224
"ID"	2004	"2"	"Ada"	1	2276	1553	1137	386	1332	1	391	1088
"ID"	2004	"3"	"Ada"	1	1594	1083	654	407	879	3	380	631
"ID"	2004	"4"	"Ada"	1	2645	1777	1282	474	1551	1	459	1228
"ID"	2004	"5"	"Ada"	1	1203	771	510	243	624	1	240	483
"ID"	2004	"6"	"Ada"	1	2458	1504	1009	442	1274	0	441	968
"ID"	2004	"7"	"Ada"	1	2502	1633	1103	490	1371	1	496	1026
"ID"	2004	"8"	"Ada"	1	2140	1572	1208	331	1385	0	309	1162
"ID"	2004	"9"	"Ada"	1	4570	3093	2291	744	2719	1	749	2148
"ID"	2004	"10"	"Ada"	1	880	417	305	107	362	1	103	289
"ID"	2004	"11"	"Ada"	1	2023	1290	800	443	1060	1	422	790
"ID"	2004	"12"	"Ada"	1	1423	930	499	402	733	2	390	483
"ID"	2004	"13"	"Ada"	2	1816	1178	601	544	927	5	440	665
"ID"	2004	"14"	"Ada"	2	849	588	289	285	453	1	210	355
"ID"	2004	"15"	"Ada"	2	1112	741	395	329	593	3	233	479
"ID"	2004	"16"	"Ada"	2	1988	1331	593	697	979	0	469	781
"ID"	2004	"17"	"Ada"	1	2117	1295	927	344	1128	1	337	883
"ID"	2004	"18"	"Ada"	1	2010	1303	885	384	1116	6	369	861
"ID"	2004	"19"	"Ada"	1	1238	808	540	248	693	2	256	509
"ID"	2004	"20"	"Ada"	1	1089	707	442	238	607	0	228	446
"ID"	2004	"21"	"Ada"	1	879	588	378	194	502	1	186	370
"ID"	2004	"22"	"Ada"	1	2102	1312	737	530	1060	4	521	700
"ID"	2004	"23"	"Ada"	2	1522	785	446	282	607	3	261	441
"ID"	2004	"24"	"Ada"	2	1158	460	278	171	400	0	102	339
"ID"	2004	"25"	"Ada"	2	2644	1609	820	761	1253	5	626	890
"ID"	2004	"26"	"Ada"	2	1630	1029	504	493	774	9	416	571
"ID"	2004	"27"	"Ada"	1	1965	1256	861	365	1069	0	357	834
"ID"	2004	"28"	"Ada"	1	1584	997	700	267	857	0	291	628
"ID"	2004	"29"	"Ada"	1	1124	759	492	240	659	2	231	485
"ID"	2004	"30"	"Ada"	1	1526	995	669	300	842	0	300	640
"ID"	2004	"31"	"Ada"	1	1981	1171	728	419	975	0	419	685
"ID"	2004	"32"	"Ada"	2	889	626	374	238	520	1	167	423
"ID"	2004	"33"	"Ada"	2	2055	1264	636	577	919	3	523	657
"ID"	2004	"34"	"Ada"	2	1078	731	323	381	513	6	304	387
"ID"	2004	"35"	"Ada"	2	738	482	201	267	345	0	239	219
"ID"	2004	"36"	"Ada"	2	1363	818	249	544	515	6	442	325
"ID"	2004	"37"	"Ada"	2	1606	1048	299	716	653	9	571	421
"ID"	2004	"38"	"Ada"	2	1501	982	365	590	674	11	402	535
"ID"	2004	"39"	"Ada"	2	1727	1069	224	791	595	6	672	350
"ID"	2004	"40"	"Ada"	2	1029	639	156	460	355	1	398	203
"ID"	2004	"41"	"Ada"	2	1856	1117	421	671	782	7	491	562
"ID"	2004	"42"	"Ada"	1	659	480	379	89	429	2	93	354
"ID"	2004	"43"	"Ada"	1	3462	2123	1605	460	1871	2	483	1481
"ID"	2004	"44"	"Ada"	1	3416	2108	1542	504	1858	0	528	1405
"ID"	2004	"45"	"Ada"	1	2162	1362	914	391	1176	0	429	837
"ID"	2004	"46"	"Ada"	1	2553	1489	1074	369	1295	3	364	1002
"ID"	2004	"47"	"Ada"	1	2148	1429	1039	362	1253	0	371	961
"ID"	2004	"48"	"Ada"	1	990	640	448	170	554	1	191	408
"ID"	2004	"49"	"Ada"	1	2062	1322	867	404	1096	0	426	793
"ID"	2004	"50"	"Ada"	1	2450	1457	905	513	1211	0	499	850
"ID"	2004	"51"	"Ada"	1	1834	1134	728	375	966	0	358	712
"ID"	2004	"52"	"Ada"	1	1423	907	538	333	746	4	343	488
"ID"	2004	"53"	"Ada"	1	1741	1090	629	410	904	1	403	590
"ID"	2004	"54"	"Ada"	1	1181	780	435	297	617	1	309	418
"ID"	2004	"55"	"Ada"	2	1686	1118	653	431	905	2	325	728
"ID"	2004	"56"	"Ada"	2	1643	892	510	351	729	2	294	527
"ID"	2004	"57"	"Ada"	2	1997	1182	610	533	921	0	454	630
"ID"	2004	"58"	"Ada"	2	1103	639	269	340	454	1	309	267
"ID"	2004	"59"	"Ada"	2	2067	1352	359	946	800	5	806	463
"ID"	2004	"60"	"Ada"	2	1950	963	249	670	553	10	559	321
"ID"	2004	"61"	"Ada"	1	1481	940	736	186	827	0	202	661
"ID"	2004	"62"	"Ada"	1	1340	890	638	220	781	0	229	589
"ID"	2004	"63"	"Ada"	1	2259	1461	1031	371	1266	2	405	943
"ID"	2004	"64"	"Ada"	1	2781	1731	1127	559	1455	5	589	1020
"ID"	2004	"65"	"Ada"	1	1836	1043	701	321	878	4	310	660
"ID"	2004	"66"	"Ada"	1	1689	1002	624	348	851	2	351	565
"ID"	2004	"67"	"Ada"	2	1781	959	524	394	763	1	338	536
"ID"	2004	"68"	"Ada"	2	1435	829	416	369	638	1	292	466
"ID"	2004	"69"	"Ada"	2	941	576	252	303	432	4	252	281
"ID"	2004	"70"	"Ada"	2	930	554	236	295	418	1	227	287
"ID"	2004	"71"	"Ada"	2	1199	680	324	326	522	3	269	376
"ID"	2004	"72"	"Ada"	2	1252	721	230	466	469	4	409	273
"ID"	2004	"73"	"Ada"	2	1194	803	304	482	568	4	356	404
"ID"	2004	"74"	"Ada"	2	2115	1463	730	683	1135	11	463	907
"ID"	2004	"75"	"Ada"	2	1797	812	345	438	615	2	317	410
"ID"	2004	"76"	"Ada"	2	1460	874	354	497	622	6	359	465
"ID"	2004	"77"	"Ada"	2	1574	988	294	675	654	4	512	431
"ID"	2004	"78"	"Ada"	1	2274	1406	1008	366	1217	0	387	907
"ID"	2004	"79"	"Ada"	1	833	552	362	166	476	0	169	344
"ID"	2004	"80"	"Ada"	2	804	509	270	219	414	0	176	311
"ID"	2004	"81"	"Ada"	2	1812	1085	600	443	858	7	360	650
"ID"	2004	"82"	"Ada"	2	1510	893	500	365	710	7	300	526
"ID"	2004	"83"	"Ada"	2	1933	1089	521	529	821	5	452	565
"ID"	2004	"84"	"Ada"	2	1119	727	329	371	562	3	275	411
"ID"	2004	"85"	"Ada"	2	1797	1080	446	594	793	5	469	548
"ID"	2004	"86"	"Ada"	2	1478	763	333	395	552	4	353	358
"ID"	2004	"87"	"Ada"	2	2224	1180	538	602	894	6	450	632
"ID"	2004	"88"	"Ada"	2	965	616	299	298	462	1	241	346
"ID"	2004	"89"	"Ada"	1	2353	1648	1212	400	1447	1	419	1157
"ID"	2004	"90"	"Ada"	1	1840	1204	927	262	1080	0	284	865
"ID"	2004	"91"	"Ada"	1	1539	1021	778	230	905	4	240	722
"ID"	2004	"92"	"Ada"	1	1260	789	548	207	693	0	215	521
"ID"	2004	"93"	"Ada"	1	2019	1410	1021	358	1217	0	362	966
"ID"	2004	"94"	"Ada"	1	2794	1723	1221	469	1477	0	464	1129
"ID"	2004	"95"	"Ada"	1	653	392	234	145	317	0	123	235
"ID"	2004	"96"	"Ada"	2	69	36	20	15	30	1	15	18
"ID"	2004	"97"	"Ada"	2	1557	971	543	396	788	3	306	594
"ID"	2004	"98"	"Ada"	2	1665	1018	588	387	817	2	347	599
"ID"	2004	"99"	"Ada"	2	1591	943	511	390	721	1	355	508
"ID"	2004	"100"	"Ada"	2	1641	1055	518	494	787	4	433	554
"ID"	2004	"101"	"Ada"	2	1022	650	351	281	515	2	232	386
"ID"	2004	"102"	"Ada"	2	1715	1081	477	564	800	7	484	548
"ID"	2004	"103"	"Ada"	2	1155	774	373	370	610	0	268	452
"ID"	2004	"104"	"Ada"	2	1776	1126	541	549	877	2	405	653
"ID"	2004	"105"	"Ada"	2	1666	1065	536	496	838	6	363	633
"ID"	2004	"106"	"Ada"	2	1457	954	517	426	792	0	243	667
"ID"	2004	"107"	"Ada"	2	1679	1039	556	455	819	3	359	620
"ID"	2004	"108"	"Ada"	2	1530	1018	491	502	816	5	384	584
"ID"	2004	"109"	"Ada"	1	771	537	412	119	478	2	135	379
"ID"	2004	"110"	"Ada"	1	1347	948	680	250	834	2	243	641
"ID"	2004	"111"	"Ada"	1	1876	1310	912	358	1124	0	384	850
"ID"	2004	"112"	"Ada"	1	1796	1154	749	379	978	5	373	718
"ID"	2004	"113"	"Ada"	2	301	189	137	43	166	1	35	139
"ID"	2004	"114"	"Ada"	2	2031	1359	790	542	1119	3	414	874
"ID"	2004	"115"	"Ada"	1	2414	1639	1169	448	1386	2	471	1083
"ID"	2004	"116"	"Ada"	2	3431	2207	1362	785	1770	2	648	1405
"ID"	2004	"117"	"Ada"	1	2861	2075	1611	417	1829	3	478	1466
"ID"	2004	"118"	"Ada"	1	1045	697	513	157	594	0	200	453
"ID"	2004	"119"	"Ada"	1	1623	1090	771	293	921	1	304	702
"ID"	2004	"120"	"Ada"	1	1211	726	469	240	605	0	267	428
"ID"	2004	"121"	"Ada"	2	66	37	25	11	29	0	13	20
"ID"	2004	"122"	"Ada"	1	2585	1615	1248	328	1410	1	407	1093
"ID"	2004	"123"	"Ada"	1	1253	897	712	161	815	0	185	669
"ID"	2004	"124"	"Ada"	1	1737	1190	898	266	1017	1	310	811
"ID"	2004	"125"	"Ada"	1	82	58	49	9	54	0	12	41
"ID"	2004	"126 Absentee"	"Ada"	1	0	937	580	342	750	7	312	578
"ID"	2004	"127 Absentee"	"Ada"	1	0	3333	2349	919	2803	9	890	2305
"ID"	2004	"128 Absentee"	"Ada"	1	0	2166	1352	748	1744	12	748	1300
"ID"	2004	"129 Absentee"	"Ada"	1	0	971	577	368	797	2	340	577
"ID"	2004	"130 Absentee"	"Ada"	1	0	116	58	56	80	2	55	57
"ID"	2004	"131 Absentee"	"Ada"	1	0	634	353	267	503	4	228	367
"ID"	2004	"132 Absentee"	"Ada"	2	0	978	560	388	761	7	314	594
"ID"	2004	"133 Absentee"	"Ada"	2	0	1221	590	589	903	10	466	677
"ID"	2004	"134 Absentee"	"Ada"	1	0	87	54	31	71	0	22	58
"ID"	2004	"135 Absentee"	"Ada"	2	0	1434	750	629	1058	8	533	823
"ID"	2004	"136 Absentee"	"Ada"	2	0	1276	734	488	998	8	438	767
"ID"	2004	"137 Absentee"	"Ada"	1	0	574	384	174	474	0	169	378
"ID"	2004	"138 Absentee"	"Ada"	2	0	2337	1199	1070	1739	12	860	1362
"ID"	2004	"139 Absentee"	"Ada"	2	0	343	154	182	249	3	143	183
"ID"	2004	"140 Absentee"	"Ada"	2	0	3221	1318	1827	2163	32	1505	1531
"ID"	2004	"141 Absentee"	"Ada"	1	0	1971	1351	579	1681	8	552	1329
"ID"	2004	"142 Absentee"	"Ada"	1	0	1461	1057	368	1274	8	347	1050
"ID"	2004	"143 Absentee"	"Ada"	1	0	203	127	71	173	0	62	133
"ID"	2004	"144 Absentee"	"Ada"	1	0	195	137	55	164	2	53	126
"ID"	2004	"145 Absentee"	"Ada"	1	0	2827	2052	716	2386	11	762	1923
"ID"	2004	"146 Absentee"	"Ada"	2	0	63	35	26	48	0	22	35
"ID"	2004	"1 Indian Valley"	"Adams"	1	219	187	129	52	142	0	55	123
"ID"	2004	"2 Council"	"Adams"	1	653	504	378	107	386	0	101	355
"ID"	2004	"3 No. Council"	"Adams"	1	814	626	456	139	482	1	117	458
"ID"	2004	"4 Bear"	"Adams"	1	39	32	22	4	22	0	3	19
"ID"	2004	"5 New Meadows"	"Adams"	1	881	879	449	234	565	0	190	476
"ID"	2004	"6 Little Salmon River"	"Adams"	1	73	55	34	19	36	0	19	28
"ID"	2004	"Pocatello 1"	"Bannock"	2	864	540	305	221	405	11	198	324
"ID"	2004	"Pocatello 2"	"Bannock"	2	848	545	334	195	449	4	206	328
"ID"	2004	"Pocatello 3"	"Bannock"	2	727	496	307	177	389	7	177	298
"ID"	2004	"Pocatello 4"	"Bannock"	2	1143	692	325	326	498	5	362	311
"ID"	2004	"Pocatello 5"	"Bannock"	2	1126	762	425	314	609	12	324	426
"ID"	2004	"Pocatello 6"	"Bannock"	2	1033	585	273	272	426	14	300	259
"ID"	2004	"Pocatello 7"	"Bannock"	2	677	425	253	162	346	9	180	234
"ID"	2004	"Pocatello 8"	"Bannock"	2	664	424	193	203	317	9	230	179
"ID"	2004	"Pocatello 9"	"Bannock"	2	830	515	297	183	426	3	221	272
"ID"	2004	"Pocatello 10"	"Bannock"	2	959	638	373	225	535	6	297	330
"ID"	2004	"Pocatello 11"	"Bannock"	2	896	599	338	238	495	1	289	293
"ID"	2004	"Pocatello 12"	"Bannock"	2	997	660	414	221	560	5	296	345
"ID"	2004	"Pocatello 13"	"Bannock"	2	787	520	320	172	430	2	233	263
"ID"	2004	"Pocatello 14"	"Bannock"	2	978	641	386	230	530	1	281	340
"ID"	2004	"Pocatello 15"	"Bannock"	2	846	532	321	195	436	3	241	280
"ID"	2004	"Pocatello 16"	"Bannock"	2	467	288	175	103	242	2	118	164
"ID"	2004	"Pocatello 17"	"Bannock"	2	689	455	304	137	384	4	169	276
"ID"	2004	"Pocatello 18"	"Bannock"	2	834	580	389	182	493	3	204	355
"ID"	2004	"Pocatello 19"	"Bannock"	2	679	484	299	152	401	7	189	282
"ID"	2004	"Pocatello 20"	"Bannock"	2	920	539	300	210	424	9	256	261
"ID"	2004	"Pocatello 21"	"Bannock"	2	897	617	392	210	531	3	225	375
"ID"	2004	"Pocatello 22"	"Bannock"	2	1106	656	434	198	547	7	237	398
"ID"	2004	"Pocatello 23"	"Bannock"	2	882	563	318	215	452	7	245	301
"ID"	2004	"Pocatello 24"	"Bannock"	2	772	468	250	200	337	10	227	225
"ID"	2004	"Pocatello 25"	"Bannock"	2	864	436	186	212	323	9	231	187
"ID"	2004	"Pocatello 26"	"Bannock"	2	1230	628	358	248	469	19	231	368
"ID"	2004	"Pocatello 27"	"Bannock"	2	944	486	304	170	391	21	169	297
"ID"	2004	"Pocatello 28"	"Bannock"	2	1114	615	365	216	496	6	255	340
"ID"	2004	"Absentee 29"	"Bannock"	2	0	2835	1562	1182	2124	60	1227	1527
"ID"	2004	"Absentee 30"	"Bannock"	2	0	1998	864	1060	1335	50	1157	784
"ID"	2004	"Pocatello 31"	"Bannock"	2	931	505	228	258	346	25	250	227
"ID"	2004	"Pocatello 32"	"Bannock"	2	777	450	256	188	334	13	188	247
"ID"	2004	"Pocatello 36"	"Bannock"	2	1049	630	446	171	521	5	172	438
"ID"	2004	"Pocatello 37"	"Bannock"	2	1022	629	391	222	509	5	221	391
"ID"	2004	"Pocatello 38"	"Bannock"	2	1248	729	452	260	563	10	264	432
"ID"	2004	"Pocatello 39"	"Bannock"	2	841	525	283	227	416	9	264	250
"ID"	2004	"Pocatello 40"	"Bannock"	2	849	592	353	225	429	8	255	323
"ID"	2004	"Arimo 41"	"Bannock"	2	531	374	296	71	320	1	119	247
"ID"	2004	"Downey 42"	"Bannock"	2	672	470	345	101	398		168	292
"ID"	2004	"Inkom 43"	"Bannock"	2	1296	941	631	268	766	4	462	464
"ID"	2004	"Lava Hot Springs 44"	"Bannock"	2	743	552	347	172	449	3	253	285
"ID"	2004	"McCammon 45"	"Bannock"	2	905	689	456	197	571	11	353	323
"ID"	2004	"Pocatello 46"	"Bannock"	2	1132	635	434	181	533	10	183	430
"ID"	2004	"Pocatello 47"	"Bannock"	2	884	554	371	172	464	9	184	352
"ID"	2004	"Pocatello 48"	"Bannock"	2	1037	618	424	182	550	13	209	395
"ID"	2004	"Pocatello 49"	"Bannock"	2	1211	760	542	208	657	6	231	513
"ID"	2004	"Chubbuck 50"	"Bannock"	2	1226	667	478	172	581	6	198	453
"ID"	2004	"Chubbuck 51"	"Bannock"	2	962	726	510	195	620	9	231	474
"ID"	2004	"Chubbuck 52"	"Bannock"	2	984	683	468	204	599	5	243	425
"ID"	2004	"Chubbuck 53"	"Bannock"	2	1006	663	417	219	559	3	271	379
"ID"	2004	"Chubbuck 54"	"Bannock"	2	1604	972	694	246	844	2	322	617
"ID"	2004	"Chubbuck 55"	"Bannock"	2	1008	681	482	170	592	4	213	450
"ID"	2004	"Chubbuck 56"	"Bannock"	2	1355	888	602	243	748	7	327	537
"ID"	2004	"Chubbuck 57"	"Bannock"	2	831	561	209	322	423	2	312	229
"ID"	2004	"Montpelier 1"	"Bear Lake"	2	564	454	349	78	389	0	93	343
"ID"	2004	"Montpelier 2"	"Bear Lake"	2	491	411	321	73	350	0	75	307
"ID"	2004	"Montpelier 3"	"Bear Lake"	2	509	404	315	72	342	0	79	310
"ID"	2004	"Georgetown"	"Bear Lake"	2	431	359	302	38	325	4	42	301
"ID"	2004	"Bennington"	"Bear Lake"	2	184	158	147	9	147	0	11	143
"ID"	2004	"Bailey Creek"	"Bear Lake"	2	84	74	59	12	65	0	14	59
"ID"	2004	"Paris"	"Bear Lake"	2	391	321	249	55	268	0	56	241
"ID"	2004	"Bern"	"Bear Lake"	2	89	85	61	22	70	0	23	60
"ID"	2004	"Dingle"	"Bear Lake"	2	204	178	144	22	160	0	26	141
"ID"	2004	"Fish Haven"	"Bear Lake"	2	181	145	99	41	112	1	41	86
"ID"	2004	"St. Charles"	"Bear Lake"	2	172	150	117	26	118	0	35	108
"ID"	2004	"Bloominton"	"Bear Lake"	2	148	135	107	18	116	0	26	102
"ID"	2004	"Liberty"	"Bear Lake"	2	237	209	172	24	181	0	34	168
"ID"	2004	"Geneva"	"Bear Lake"	2	74	65	64	4	63	0	9	58
"ID"	2004	"1 Benewah"	"Benewah"	1	162	141	91	38	113	4	39	93
"ID"	2004	"2 Center"	"Benewah"	1	464	411	310	91	321	11	77	291
"ID"	2004	"3 College"	"Benewah"	1	594	494	319	145	358	14	133	311
"ID"	2004	"4 Emida"	"Benewah"	1	169	138	78	46	93	3	41	82
"ID"	2004	"5 Fernwood"	"Benewah"	1	323	250	175	53	183	2	53	169
"ID"	2004	"6 Plummer"	"Benewah"	1	856	682	408	236	560	0	147	479
"ID"	2004	"7 Santa"	"Benewah"	1	235	192	136	44	137	3	38	133
"ID"	2004	"8 St. Joe"	"Benewah"	1	65	56	43	10	48	0	12	41
"ID"	2004	"9 St. Maries"	"Benewah"	1	993	819	621	159	643	14	146	578
"ID"	2004	"10 Tensed"	"Benewah"	1	447	340	196	127	258	0	98	209
"ID"	2004	"11 Townsite"	"Benewah"	1	818	669	446	199	491	29	182	428
"ID"	2004	"01  Blackfoot"	"Bingham"	2	1402	1093	789	261	946	0	257	798
"ID"	2004	"02  Blackfoot"	"Bingham"	2	682	518	373	129	444	1	156	342
"ID"	2004	"03  Blackfoot"	"Bingham"	2	1017	742	498	219	618	8	203	516
"ID"	2004	"04  Blackfoot"	"Bingham"	2	1289	892	619	219	730	1	248	604
"ID"	2004	"05  Blackfoot"	"Bingham"	2	1297	934	620	276	755	3	255	634
"ID"	2004	"06  Blackfoot"	"Bingham"	2	1117	845	606	212	722	4	219	601
"ID"	2004	"07  Firth"	"Bingham"	2	1192	927	768	117	843	0	169	720
"ID"	2004	"08  Firth"	"Bingham"	2	894	694	572	106	632	0	136	532
"ID"	2004	"09  Groveland"	"Bingham"	2	1235	948	713	200	811	5	220	691
"ID"	2004	"10  Jameston"	"Bingham"	2	763	612	494	100	549	4	132	460
"ID"	2004	"11  Moreland"	"Bingham"	2	1577	1144	909	190	1045	5	231	868
"ID"	2004	"12  Rockford"	"Bingham"	2	936	720	610	77	647	2	111	580
"ID"	2004	"13  Shelley"	"Bingham"	2	1148	845	704	106	758	6	129	668
"ID"	2004	"14  Shelley"	"Bingham"	2	1244	929	781	116	856	3	131	761
"ID"	2004	"15  Aberdeen"	"Bingham"	2	1154	805	598	155	710	1	172	572
"ID"	2004	"16  Springfield/Sterling"	"Bingham"	2	392	285	226	51	245	0	65	204
"ID"	2004	"17  Riverside"	"Bingham"	2	1459	1098	840	211	951	2	244	818
"ID"	2004	"18  Pingree"	"Bingham"	2	693	519	413	91	464	1	115	388
"ID"	2004	"19  Wapello"	"Bingham"	2	513	420	320	81	375	0	88	309
"ID"	2004	"20  Fort Hall"	"Bingham"	2	1063	705	137	537	458	0	386	235
"ID"	2004	"21  Shelley West"	"Bingham"	2	1120	872	771	78	828	1	111	717
"ID"	2004	"22  Groveland"	"Bingham"	2	606	463	373	73	417	0	84	355
"ID"	2004	"NW Ketchum"	"Blaine"	2	895	531	147	364	340	1	261	236
"ID"	2004	"SW Ketchum"	"Blaine"	2	1142	672	169	485	435	1	335	275
"ID"	2004	"N & E Ketchum"	"Blaine"	2	405	238	80	153	157	3	111	115
"ID"	2004	"S Ketchum"	"Blaine"	2	606	348	111	226	216	3	177	147
"ID"	2004	"Northeast Blaine"	"Blaine"	2	693	407	140	253	273	2	173	211
"ID"	2004	"Hailey #1"	"Blaine"	2	1041	601	194	397	391	3	294	262
"ID"	2004	"Hailey #2"	"Blaine"	2	1306	763	239	505	531	1	373	344
"ID"	2004	"Hailey #3"	"Blaine"	2	1389	826	348	458	606	2	334	438
"ID"	2004	"Yale"	"Blaine"	2	17	9	8	1	9	0	2	7
"ID"	2004	"Bellevue"	"Blaine"	2	1495	913	435	456	694	1	338	521
"ID"	2004	"Gannett-Picabo"	"Blaine"	2	440	280	169	92	224	0	71	186
"ID"	2004	"Carey"	"Blaine"	2	494	338	257	69	308	0	52	269
"ID"	2004	"Sun Valley"	"Blaine"	2	1000	509	230	265	377	2	183	299
"ID"	2004	"Hailey #4"	"Blaine"	2	1689	943	366	557	694	4	397	504
"ID"	2004	"Absentee"	"Blaine"	2		2912	1141	1711	1941	16	1308	1391
"ID"	2004	"Garden Valley"	"Boise"	1	1384	842	617	202	693	4	206	600
"ID"	2004	"Horseshoe Bend"	"Boise"	1	1046	721	547	131	621	0	131	553
"ID"	2004	"Idaho City"	"Boise"	1	737	441	276	145	339	0	127	283
"ID"	2004	"Lowman"	"Boise"	1	212	140	98	31	110	8	25	105
"ID"	2004	"Mores Creek"	"Boise"	1	1360	740	468	242	561	0	232	468
"ID"	2004	"Placerville"	"Boise"	1	259	156	112	37	134	3	34	114
"ID"	2004	"Absentee"	"Boise"	1		580	383	182	461	9	184	377
"ID"	2004	"1 Airport"	"Bonner"	1	660	528	299	219	402	5	181	309
"ID"	2004	"2 Algoma"	"Bonner"	1	892	680	430	231	508	11	191	438
"ID"	2004	"3 Baldy"	"Bonner"	1	1194	901	494	372	649	5	309	492
"ID"	2004	"4 Blue Lake"	"Bonner"	1	156	134	94	28	109	0	25	101
"ID"	2004	"5 Careywood"	"Bonner"	1	807	603	413	160	471	6	160	402
"ID"	2004	"6 Clark Fork"	"Bonner"	1	731	588	341	220	424	3	196	341
"ID"	2004	"7 Cocolalla"	"Bonner"	1	552	434	295	118	338	5	112	288
"ID"	2004	"8 Colburn"	"Bonner"	1	946	738	418	283	496	15	263	387
"ID"	2004	"9 Dover"	"Bonner"	1	411	335	169	156	222	8	130	172
"ID"	2004	"10 E. Priest River"	"Bonner"	1	1125	821	577	207	634	3	224	540
"ID"	2004	"11 Edgemere"	"Bonner"	1	916	710	422	256	553	2	229	417
"ID"	2004	"12 Gamlin Lake"	"Bonner"	1	475	398	226	158	266	11	156	209
"ID"	2004	"13 Grouse Creek"	"Bonner"	1	696	580	322	232	379	15	202	321
"ID"	2004	"14 Hope"	"Bonner"	1	804	673	343	308	470	23	278	346
"ID"	2004	"15 Humbird"	"Bonner"	1	1137	841	419	384	552	12	344	406
"ID"	2004	"16 Kootenai"	"Bonner"	1	1382	1115	675	398	842	11	363	662
"ID"	2004	"17 Laclede"	"Bonner"	1	370	316	199	100	252	4	83	207
"ID"	2004	"18 Lakeview"	"Bonner"	1	54	44	35	8	37	1	8	33
"ID"	2004	"19 Lamb Creek"	"Bonner"	1	460	344	208	124	276	4	97	223
"ID"	2004	"21 Oden"	"Bonner"	1	517	393	233	151	272	5	130	234
"ID"	2004	"22 Oldtown"	"Bonner"	1	1095	856	569	258	679	2	269	504
"ID"	2004	"23 Priest Lake"	"Bonner"	1	200	169	103	65	134	2	52	104
"ID"	2004	"24 Priest River West City"	"Bonner"	1	320	232	121	100	155	0	91	116
"ID"	2004	"25 Sagle"	"Bonner"	1	1284	999	632	332	736	10	301	610
"ID"	2004	"26 Sandpoint"	"Bonner"	1	1063	731	286	412	415	22	358	307
"ID"	2004	"27 Selle"	"Bonner"	1	804	635	365	240	426	14	213	365
"ID"	2004	"28 South Side"	"Bonner"	1	166	132	79	48	84	4	44	79
"ID"	2004	"29 Spirt Valley"	"Bonner"	1	751	600	423	149	495	7	157	416
"ID"	2004	"30 Washington"	"Bonner"	1	1372	1015	527	449	707	18	367	553
"ID"	2004	"31 West Branch"	"Bonner"	1	301	241	141	92	173	3	88	135
"ID"	2004	"32 Westmond"	"Bonner"	1	888	696	455	227	533	3	189	446
"ID"	2004	"33 W. Priest River Bench"	"Bonner"	1	369	302	210	75	239	2	72	194
"ID"	2004	"34 Wrenco"	"Bonner"	1	350	280	174	89	209	1	73	183
"ID"	2004	"1"	"Bonneville"	2	1070	887	630	221	768	15	196	647
"ID"	2004	"2"	"Bonneville"	2	844	691	543	127	601	4	136	535
"ID"	2004	"3"	"Bonneville"	2	900	738	510	192	622	16	194	514
"ID"	2004	"4"	"Bonneville"	2	685	546	383	139	442	9	140	376
"ID"	2004	"5"	"Bonneville"	2	950	761	550	179	647	1	197	524
"ID"	2004	"6"	"Bonneville"	2	1590	1330	1017	277	1168	8	276	1015
"ID"	2004	"7"	"Bonneville"	2	687	537	350	152	443	2	145	357
"ID"	2004	"8"	"Bonneville"	2	758	599	369	193	488	9	186	386
"ID"	2004	"9"	"Bonneville"	2	810	628	403	184	512	4	205	393
"ID"	2004	"10"	"Bonneville"	2	913	672	492	147	578	2	160	488
"ID"	2004	"11"	"Bonneville"	2	935	664	405	228	516	12	213	421
"ID"	2004	"12"	"Bonneville"	2	1009	741	427	275	580	19	250	458
"ID"	2004	"13"	"Bonneville"	2	1372	1069	790	252	933	8	245	789
"ID"	2004	"14"	"Bonneville"	2	954	753	475	238	601	23	240	487
"ID"	2004	"15"	"Bonneville"	2	1446	1170	818	319	979	29	296	828
"ID"	2004	"16"	"Bonneville"	2	1368	1130	806	294	933	24	278	815
"ID"	2004	"17"	"Bonneville"	2	1256	963	679	236	830	6	225	696
"ID"	2004	"18"	"Bonneville"	2	1188	916	608	264	743	19	303	588
"ID"	2004	"19"	"Bonneville"	2	1129	876	626	201	749	18	205	631
"ID"	2004	"20"	"Bonneville"	2	1327	1055	720	304	879	28	269	749
"ID"	2004	"21"	"Bonneville"	2	609	435	294	117	361	5	121	292
"ID"	2004	"22"	"Bonneville"	2	799	609	512	77	537	1	83	503
"ID"	2004	"23"	"Bonneville"	2	924	732	596	123	649	1	129	568
"ID"	2004	"24"	"Bonneville"	2	1212	847	637	191	733	8	197	608
"ID"	2004	"25"	"Bonneville"	2	958	664	441	181	550	5	167	435
"ID"	2004	"26"	"Bonneville"	2	1215	1007	731	251	848	14	232	736
"ID"	2004	"27"	"Bonneville"	2	1226	1031	763	233	877	8	210	767
"ID"	2004	"28"	"Bonneville"	2	1602	1281	998	261	1092	19	238	988
"ID"	2004	"36"	"Bonneville"	2	673	518	430	82	461	6	86	408
"ID"	2004	"37"	"Bonneville"	2	835	667	520	136	569	16	141	483
"ID"	2004	"38"	"Bonneville"	2	421	339	254	66	292	4	72	244
"ID"	2004	"39"	"Bonneville"	2	791	636	577	49	605	2	76	532
"ID"	2004	"40"	"Bonneville"	2	1307	1052	832	198	915	10	210	786
"ID"	2004	"41"	"Bonneville"	2	1007	818	612	172	696	9	176	599
"ID"	2004	"42"	"Bonneville"	2	578	486	372	98	419	5	100	361
"ID"	2004	"43"	"Bonneville"	2	942	735	616	97	653	2	123	568
"ID"	2004	"44"	"Bonneville"	2	675	550	461	76	497	3	92	440
"ID"	2004	"45"	"Bonneville"	2	837	697	561	104	618	0	110	562
"ID"	2004	"46"	"Bonneville"	2	1044	758	587	140	663	5	160	557
"ID"	2004	"47"	"Bonneville"	2	991	741	621	93	659	4	113	585
"ID"	2004	"48"	"Bonneville"	2	1334	1062	849	189	924	11	197	808
"ID"	2004	"49"	"Bonneville"	2	1095	834	691	120	753	4	149	641
"ID"	2004	"50"	"Bonneville"	2	1642	1355	1135	187	1252	2	214	1086
"ID"	2004	"51"	"Bonneville"	2	1055	861	698	131	763	7	140	675
"ID"	2004	"52"	"Bonneville"	2	1034	822	692	101	739	6	125	650
"ID"	2004	"53"	"Bonneville"	2	1193	985	816	122	872	5	162	771
"ID"	2004	"54"	"Bonneville"	2	485	394	347	36	357	0	48	326
"ID"	2004	"55"	"Bonneville"	2	477	376	263	99	314	0	99	248
"ID"	2004	"56"	"Bonneville"	2	31	30	22	8	21	0	10	19
"ID"	2004	"57"	"Bonneville"	2	21	21	21	0	16	0	1	18
"ID"	2004	"58"	"Bonneville"	2	1366	1176	1020	132	1062	4	163	955
"ID"	2004	"59"	"Bonneville"	2	702	577	478	64	532	0	105	439
"ID"	2004	"1 Bonners Ferry"	"Boundary"	1	395	256	161	78	180	2	69	158
"ID"	2004	"2 Copeland"	"Boundary"	1	635	451	315	119	343	0	92	318
"ID"	2004	"3 Kootenai"	"Boundary"	1	652	486	318	157	361	5	133	311
"ID"	2004	"4 Moyie Springs"	"Boundary"	1	1354	1004	702	265	768	11	234	683
"ID"	2004	"5 Naples"	"Boundary"	1	978	743	504	206	570	5	186	500
"ID"	2004	"6 North Bonners Ferry"	"Boundary"	1	1156	827	556	242	638	7	203	542
"ID"	2004	"7 Valley View"	"Boundary"	1	997	695	456	201	539	6	154	473
"ID"	2004	"Howe"	"Butte"	2	212	184	166	17	166	1	23	150
"ID"	2004	"Moore"	"Butte"	2	649	460	359	84	392	7	104	337
"ID"	2004	"Arco #1"	"Butte"	2	678	499	353	126	394	0	141	329
"ID"	2004	"Arco #2"	"Butte"	2	452	308	199	94	235	5	101	192
"ID"	2004	"1"	"Camas"	2	430	305	233	59	254	0	52	232
"ID"	2004	"2"	"Camas"	2	428	309	217	80	245	2	57	236
"ID"	2004	"1"	"Canyon"	1	597	462	352	102	385	0	97	335
"ID"	2004	"3"	"Canyon"	1	1557	1301	1049	210	1149	1	259	965
"ID"	2004	"4"	"Canyon"	1	810	573	342	209	458	1	214	318
"ID"	2004	"5"	"Canyon"	1	1064	689	381	283	554	4	254	398
"ID"	2004	"6"	"Canyon"	1	812	603	426	149	483	1	168	379
"ID"	2004	"7"	"Canyon"	1	729	400	205	160	285	2	151	203
"ID"	2004	"8"	"Canyon"	1	1032	757	537	199	644	1	222	492
"ID"	2004	"9"	"Canyon"	1	1175	951	651	256	791	0	283	612
"ID"	2004	"10"	"Canyon"	1	785	594	398	174	494	3	161	402
"ID"	2004	"11"	"Canyon"	1	2330	1867	1318	490	1586	3	484	1244
"ID"	2004	"12"	"Canyon"	1	1697	1290	951	297	1098	2	330	879
"ID"	2004	"13"	"Canyon"	1	1777	1313	919	349	1089	0	335	861
"ID"	2004	"15"	"Canyon"	1	911	584	385	183	477	0	185	363
"ID"	2004	"18"	"Canyon"	1	1519	1194	921	235	1030	0	249	883
"ID"	2004	"19"	"Canyon"	1	586	467	376	69	419	3	92	343
"ID"	2004	"20"	"Canyon"	1	1649	1336	1038	257	1161	1	288	975
"ID"	2004	"21"	"Canyon"	1	1354	1007	827	140	904	0	172	785
"ID"	2004	"22"	"Canyon"	1	666	534	400	113	460	2	111	394
"ID"	2004	"23"	"Canyon"	1	997	806	606	173	702	0	177	580
"ID"	2004	"25"	"Canyon"	1	932	784	602	161	672	0	200	543
"ID"	2004	"27"	"Canyon"	1	489	364	292	64	327	0	78	275
"ID"	2004	"28"	"Canyon"	1	936	703	566	111	612	0	126	523
"ID"	2004	"29"	"Canyon"	1	2687	1930	1421	462	1644	0	497	1326
"ID"	2004	"30"	"Canyon"	1	1994	1624	1192	386	1372	1	396	1139
"ID"	2004	"32"	"Canyon"	1	1788	1498	1176	283	1297	2	354	1046
"ID"	2004	"33"	"Canyon"	1	2229	1710	1248	419	1462	5	440	1145
"ID"	2004	"34"	"Canyon"	1	1313	1012	679	291	831	3	296	657
"ID"	2004	"35"	"Canyon"	1	1763	1368	962	355	1136	0	366	908
"ID"	2004	"36"	"Canyon"	1	1826	1319	939	335	1122	1	358	834
"ID"	2004	"37"	"Canyon"	1	1773	1359	1060	276	1188	0	309	972
"ID"	2004	"38"	"Canyon"	1	2648	1938	1440	456	1679	0	453	1351
"ID"	2004	"39"	"Canyon"	1	2426	2061	1543	457	1773	3	473	1451
"ID"	2004	"40"	"Canyon"	1	1945	1188	709	411	906	2	423	641
"ID"	2004	"41"	"Canyon"	1	1362	1295	1007	265	1130	1	322	905
"ID"	2004	"42"	"Canyon"	1	895	619	410	181	512	0	186	385
"ID"	2004	"43"	"Canyon"	1	1390	1055	741	276	863	1	284	683
"ID"	2004	"44"	"Canyon"	1	1331	935	621	280	757	1	299	584
"ID"	2004	"45"	"Canyon"	1	1184	994	678	257	834	1	266	635
"ID"	2004	"46"	"Canyon"	1	1792	1567	1137	377	1322	3	407	1050
"ID"	2004	"47"	"Canyon"	1	1039	809	540	236	663	0	243	506
"ID"	2004	"48"	"Canyon"	1	926	662	468	164	557	1	193	418
"ID"	2004	"49"	"Canyon"	1	2026	1747	1326	385	1501	2	417	1205
"ID"	2004	"50"	"Canyon"	1	2268	1767	1298	398	1512	1	467	1180
"ID"	2004	"51"	"Canyon"	1	1127	886	671	184	774	0	209	617
"ID"	2004	"52"	"Canyon"	1	1007	758	567	163	648	0	169	539
"ID"	2004	"54"	"Canyon"	1	1047	838	623	184	728	0	200	588
"ID"	2004	"55"	"Canyon"	1	919	731	582	132	634	0	150	549
"ID"	2004	"56"	"Canyon"	1	2232	1863	1423	386	1583	2	395	1377
"ID"	2004	"57"	"Canyon"	1	605	503	383	93	440	3	108	357
"ID"	2004	"59"	"Canyon"	1	2251	1894	1411	439	1593	3	462	1312
"ID"	2004	"60"	"Canyon"	1	1170	1001	807	174	882	0	186	754
"ID"	2004	"61"	"Canyon"	1	619	521	395	118	454	1	112	384
"ID"	2004	"62"	"Canyon"	1	1148	837	600	208	694	3	189	592
"ID"	2004	"Soda 1"	"Caribou"	2	931	578	470	85	512	3	131	416
"ID"	2004	"Soda 2"	"Caribou"	2	766	492	367	92	417	2	116	353
"ID"	2004	"Soda 3"	"Caribou"	2	526	360	281	62	303	1	75	265
"ID"	2004	"Soda 4"	"Caribou"	2	452	294	239	38	267	0	60	224
"ID"	2004	"Bancroft"	"Caribou"	2	570	388	339	31	350	0	73	299
"ID"	2004	"Grace 1"	"Caribou"	2	710	512	430	64	461	2	108	380
"ID"	2004	"Grace 2"	"Caribou"	2	438	332	275	44	300	0	70	252
"ID"	2004	"Wayan"	"Caribou"	2	45	34	33	0	32	0	3	30
"ID"	2004	"Freedom"	"Caribou"	2	99	73	69	1	71	0	3	67
"ID"	2004	"Absentee"	"Caribou"	2		346	250	74	281	0	81	245
"ID"	2004	"Albion"	"Cassia"	2	335	264	226	29	236	0	38	205
"ID"	2004	"Almo"	"Cassia"	2	114	84	74	9	71	0	9	66
"ID"	2004	"Bridge"	"Cassia"	2	60	46	41	1	41	0	6	37
"ID"	2004	"Burley 1"	"Cassia"	2	313	183	108	64	135	0	61	99
"ID"	2004	"Burley 2"	"Cassia"	2	321	198	139	45	157	1	44	140
"ID"	2004	"Burley 3"	"Cassia"	2	740	484	385	80	421	2	82	382
"ID"	2004	"Burley 4"	"Cassia"	2	726	508	406	81	451	6	86	410
"ID"	2004	"Burley 5"	"Cassia"	2	702	486	294	153	421	1	84	373
"ID"	2004	"Burley 6"	"Cassia"	2	940	622	486	110	524	0	123	448
"ID"	2004	"Burley 7"	"Cassia"	2	274	159	98	40	120	0	45	88
"ID"	2004	"Declo"	"Cassia"	2	723	531	462	59	476	0	57	440
"ID"	2004	"Elba"	"Cassia"	2	111	86	82	3	79	0	5	76
"ID"	2004	"Grandview"	"Cassia"	2	435	278	226	45	246	1	44	221
"ID"	2004	"Heglar-Yale"	"Cassia"	2	126	95	92	3	91	0	2	91
"ID"	2004	"Jackson"	"Cassia"	2	188	135	113	16	118	0	16	115
"ID"	2004	"Malta"	"Cassia"	2	325	235	216	16	219	0	18	202
"ID"	2004	"Oakley 1"	"Cassia"	2	303	218	193	19	187	0	25	173
"ID"	2004	"Oakley 2"	"Cassia"	2	471	333	313	13	310	0	23	296
"ID"	2004	"Parsons"	"Cassia"	2	96	62	58	4	59	0	3	55
"ID"	2004	"Pella"	"Cassia"	2	326	239	214	23	221	0	18	207
"ID"	2004	"Springdale"	"Cassia"	2	607	458	409	36	421	0	39	400
"ID"	2004	"Starrahs Ferry"	"Cassia"	2	1005	706	590	98	632	1	107	561
"ID"	2004	"Sublett"	"Cassia"	2	46	41	38	3	37	0	2	39
"ID"	2004	"Unity"	"Cassia"	2	679	466	402	51	417	0	54	381
"ID"	2004	"View"	"Cassia"	2	272	207	186	11	193	0	10	180
"ID"	2004	"Absentee"	"Cassia"	2	0	891	711	141	763	5	120	719
"ID"	2004	"1"	"Clark"	2	183	154	124	21	131	0	24	122
"ID"	2004	"2"	"Clark"	2	103	92	70	15	78	0	14	69
"ID"	2004	"3"	"Clark"	2	146	123	108	10	115	0	14	103
"ID"	2004	"1 Orofino"	"Clearwater"	1	715	400	258	121	321	0	117	256
"ID"	2004	"2 Orofino"	"Clearwater"	1	644	420	283	121	345	0	102	286
"ID"	2004	"3 Orofino"	"Clearwater"	1	807	549	380	140	439	1	121	379
"ID"	2004	"4 Orofino"	"Clearwater"	1	480	308	223	77	243	0	74	205
"ID"	2004	"5 Orofino"	"Clearwater"	1	804	512	329	165	392	0	160	308
"ID"	2004	"6 Fraser"	"Clearwater"	1	105	75	53	19	53	0	22	46
"ID"	2004	"7 Greer"	"Clearwater"	1	46	35	15	13	23	0	18	16
"ID"	2004	"8 Cavendish/Teakean"	"Clearwater"	1	182	135	100	31	110	1	29	92
"ID"	2004	"9 Weippe"	"Clearwater"	1	673	438	339	75	358	0	81	311
"ID"	2004	"10 Headquarters"	"Clearwater"	1	36	25	18	4	21	0	4	19
"ID"	2004	"11 Ahsahka"	"Clearwater"	1	344	222	140	72	173	2	68	140
"ID"	2004	"12 Pierce"	"Clearwater"	1	419	291	223	50	247	0	55	204
"ID"	2004	"13 Elk River"	"Clearwater"	1	126	82	54	23	69	1	22	52
"ID"	2004	"14 Grangemont"	"Clearwater"	1	114	70	54	14	55	0	13	49
"ID"	2004	"15 Absentee"	"Clearwater"	1		581	370	192	458	1	158	373
"ID"	2004	"Challis 1"	"Custer"	2	131	112	231	58	248	4	80	198
"ID"	2004	"Challis 2"	"Custer"	2	421	303	139	42	152	2	60	118
"ID"	2004	"Round Valley 1"	"Custer"	2	246	193	354	55	354	0	114	288
"ID"	2004	"Round Valley 2"	"Custer"	2	197	163	244	45	263	0	64	210
"ID"	2004	"Mackay"	"Custer"	2	402	328	215	100	252	3	135	181
"ID"	2004	"Leslie"	"Custer"	2	394	335	252	66	285	1	90	226
"ID"	2004	"Battleground"	"Custer"	2	574	427	83	25	90	0	32	67
"ID"	2004	"Sunol"	"Custer"	2	394	301	37	6	39	0	8	36
"ID"	2004	"Clayton"	"Custer"	2	288	283	119	37	124	1	42	104
"ID"	2004	"Stanley"	"Custer"	2	49	45	88	125	130	9	123	88
"ID"	2004	"Atlanta"	"Elmore"	2	57	48	0	0	0	0	0	0
"ID"	2004	"Chattin Flats"	"Elmore"	2	72	58	51	5	50	0	4	48
"ID"	2004	"Glenns Ferry"	"Elmore"	2	927	602	408	163	505	1	143	425
"ID"	2004	"Hammett"	"Elmore"	2	269	177	134	36	148	0	35	134
"ID"	2004	"King Hill"	"Elmore"	2	227	160	117	34	135	0	28	121
"ID"	2004	"Mayfield"	"Elmore"	2	136	99	76	21	87	0	14	81
"ID"	2004	"Mt. Home 1"	"Elmore"	2	1033	427	348	69	331	0	71	282
"ID"	2004	"Mt. Home 2"	"Elmore"	2	1039	594	448	134	506	0	125	434
"ID"	2004	"Mt. Home 3"	"Elmore"	2	1144	633	426	172	521	0	133	450
"ID"	2004	"Mt. Home 4"	"Elmore"	2	949	532	371	134	445	0	125	371
"ID"	2004	"Mt. Home 5"	"Elmore"	2	855	488	376	101	417	1	85	365
"ID"	2004	"Mt. Home 6"	"Elmore"	2	788	446	319	116	397	0	86	342
"ID"	2004	"Mt. Home 7"	"Elmore"	2	980	583	400	169	495	0	140	414
"ID"	2004	"Mt. Home 8"	"Elmore"	2	1355	730	548	163	636	1	133	557
"ID"	2004	"Mt. Home 9"	"Elmore"	2	1120	622	490	124	535	0	124	458
"ID"	2004	"Pine"	"Elmore"	2	111	75	57	12	59	0	11	51
"ID"	2004	"Prairie"	"Elmore"	2	65	52	44	5	44	0	6	43
"ID"	2004	"Absentee"	"Elmore"	2		1904	1398	501	1615	3	417	1369
"ID"	2004	"Preston 1"	"Franklin"	2	485	380	307	55	340	0	59	313
"ID"	2004	"Preston 2"	"Franklin"	2	629	502	438	42	451	0	62	406
"ID"	2004	"Preston 3"	"Franklin"	2	517	403	355	34	371	0	51	340
"ID"	2004	"Preston 4"	"Franklin"	2	496	366	318	35	328	0	60	280
"ID"	2004	"Preston 5"	"Franklin"	2	476	381	335	28	343	0	47	301
"ID"	2004	"Banida-Winder 6"	"Franklin"	2	162	147	133	9	133	0	13	127
"ID"	2004	"Clifton-Oxford 7"	"Franklin"	2	269	231	203	14	212	0	29	194
"ID"	2004	"Dayton 8"	"Franklin"	2	460	374	329	22	353	0	35	322
"ID"	2004	"Fairview 9"	"Franklin"	2	433	370	333	26	347	0	37	306
"ID"	2004	"Franklin 10"	"Franklin"	2	552	446	383	30	412	0	52	356
"ID"	2004	"Mapleton 11"	"Franklin"	2	244	211	191	15	196	0	20	180
"ID"	2004	"Mink Creek 12"	"Franklin"	2	165	141	123	14	126	1	18	118
"ID"	2004	"Thatcher 13"	"Franklin"	2	127	112	90	13	99	1	23	82
"ID"	2004	"Treasureton-Riverdale 14"	"Franklin"	2	306	256	218	22	238	0	24	223
"ID"	2004	"Weston 15"	"Franklin"	2	459	402	344	45	365	0	51	337
"ID"	2004	"Whitney 16"	"Franklin"	2	346	299	260	22	271	0	38	244
"ID"	2004	"Worm Creek 17"	"Franklin"	2	237	204	167	30	177	0	26	164
"ID"	2004	"1 Ashton #1"	"Fremont"	2	542	386	325	50	350	1	53	314
"ID"	2004	"2 Ashton #2"	"Fremont"	2	751	519	437	68	469	2	85	413
"ID"	2004	"3 Chester/Twin Groves"	"Fremont"	2	593	440	433	63	477	2	57	422
"ID"	2004	"4 Drummond-Squirrel/Lamont"	"Fremont"	2	776	570	107	12	113	0	13	103
"ID"	2004	"5 Egin"	"Fremont"	2	242	186	381	29	412	0	44	378
"ID"	2004	"6 Island Park"	"Fremont"	2	442	350	428	120	491	2	117	411
"ID"	2004	"7 Newdale"	"Fremont"	2	415	315	160	23	179	2	12	165
"ID"	2004	"8 Parker"	"Fremont"	2	141	112	307	32	330	1	45	295
"ID"	2004	"9 St Anthony 1"	"Fremont"	2	604	463	469	74	518	1	72	473
"ID"	2004	"10 St Anthony 2"	"Fremont"	2	691	514	268	62	316	0	59	264
"ID"	2004	"11 St Anthony 3"	"Fremont"	2	169	123	458	71	526	0	82	450
"ID"	2004	"12 Teton"	"Fremont"	2	797	562	264	32	292	2	49	245
"ID"	2004	"13 Warm River/Green Timber"	"Fremont"	2	492	347	89	18	104	1	23	84
"ID"	2004	"14 Wilford"	"Fremont"	2	816	557	420	30	440	0	44	400
"ID"	2004	"15 Absentee"	"Fremont"	2		501	419	57	461	1	50	424
"ID"	2004	"1 Central"	"Gem"	1	782	438	302	105	359	5	113	296
"ID"	2004	"2 North Emmett"	"Gem"	1	759	380	263	98	303	2	97	247
"ID"	2004	"3 Butteview"	"Gem"	1	881	488	331	131	398	0	118	343
"ID"	2004	"4 South Emmett"	"Gem"	1	814	466	345	104	392	0	121	313
"ID"	2004	"5 West Emmett"	"Gem"	1	591	368	253	94	297	0	102	242
"ID"	2004	"6 Emerson"	"Gem"	1	1155	758	599	140	642	1	162	553
"ID"	2004	"7 Lincoln"	"Gem"	1	967	638	485	133	547	0	131	475
"ID"	2004	"8 Letha"	"Gem"	1	1047	684	497	140	563	0	162	489
"ID"	2004	"9 Hanna"	"Gem"	1	744	481	382	84	415	0	99	359
"ID"	2004	"10 Brick"	"Gem"	1	841	548	438	92	472	0	101	420
"ID"	2004	"11 Bench"	"Gem"	1	611	398	293	93	335	0	97	279
"ID"	2004	"12 Sweet-Montour"	"Gem"	1	473	341	250	83	265	1	75	251
"ID"	2004	"13 Ola"	"Gem"	1	111	72	54	16	54	1	17	47
"ID"	2004	"14 Absentee"	"Gem"	1		1285	924	315	1084	2	293	944
"ID"	2004	"1 E Gooding"	"Gooding"	2	691	456	287	147	391	1	111	322
"ID"	2004	"2 W Gooding"	"Gooding"	2	1002	688	442	218	560	5	177	478
"ID"	2004	"3 Gooding Rural"	"Gooding"	2	1392	1000	788	172	891	4	139	823
"ID"	2004	"4 Wendell City"	"Gooding"	2	1163	727	513	187	623	4	150	532
"ID"	2004	"5 Wendell Rural"	"Gooding"	2	1215	791	655	101	707	9	113	648
"ID"	2004	"6 Bliss"	"Gooding"	2	436	300	205	78	246	0	67	214
"ID"	2004	"7 Hagerman"	"Gooding"	2	1320	903	626	223	741	9	200	651
"ID"	2004	"8 Absentee"	"Gooding"	2		638	457	152	549	4	129	475
"ID"	2004	"1 Big Butte"	"Idaho"	1	82	58	49	8	48	2	7	48
"ID"	2004	"2 Clearwater"	"Idaho"	1	249	178	129	35	142	2	28	134
"ID"	2004	"3 Cottonwood 1"	"Idaho"	1	440	298	245	46	253	1	40	244
"ID"	2004	"4 Cottonwood 2"	"Idaho"	1	432	293	243	43	242	0	48	220
"ID"	2004	"5 Elk City"	"Idaho"	1	340	218	177	29	180	0	26	175
"ID"	2004	"6 Fenn"	"Idaho"	1	155	127	100	19	109	0	9	108
"ID"	2004	"7 Ferdinand"	"Idaho"	1	231	157	125	25	126	0	23	125
"ID"	2004	"8 Greencreek"	"Idaho"	1	211	153	114	31	116	0	22	121
"ID"	2004	"9 Glover"	"Idaho"	1	178	121	79	22	95	3	21	90
"ID"	2004	"10 Grangeville 1"	"Idaho"	1	526	332	251	65	265	4	53	255
"ID"	2004	"11 Grangeville 2"	"Idaho"	1	577	368	287	57	301	1	55	279
"ID"	2004	"12 Grangeville 3"	"Idaho"	1	616	372	266	86	296	0	70	274
"ID"	2004	"13 Grangeville 4"	"Idaho"	1	804	499	371	108	402	0	92	365
"ID"	2004	"14 Grangeville 5"	"Idaho"	1	890	556	410	126	456	5	111	415
"ID"	2004	"15 Harpster"	"Idaho"	1	250	158	115	23	121	0	24	121
"ID"	2004	"16 Joseph"	"Idaho"	1	18	18	17	1	17	0	5	13
"ID"	2004	"17 Kamiah"	"Idaho"	1	955	629	442	153	491	9	143	440
"ID"	2004	"18 Keuterville"	"Idaho"	1	241	167	126	36	142	2	26	131
"ID"	2004	"19 Kooskia"	"Idaho"	1	1194	769	515	189	616	4	171	558
"ID"	2004	"20 Lowell"	"Idaho"	1	114	60	38	20	47	1	17	40
"ID"	2004	"21 Pollock"	"Idaho"	1	344	241	171	62	184	0	50	169
"ID"	2004	"22 Riggins"	"Idaho"	1	536	374	277	77	318	0	80	276
"ID"	2004	"23 Slate Creek"	"Idaho"	1	130	85	69	15	74	0	13	70
"ID"	2004	"24 Stites"	"Idaho"	1	358	246	193	43	201	0	42	188
"ID"	2004	"25 Whitebird"	"Idaho"	1	320	198	153	36	150	1	33	145
"ID"	2004	"26 Woodland"	"Idaho"	1	216	134	89	12	97	0	24	98
"ID"	2004	"Absentee"	"Idaho"	1		1367	966	322	1061	18	290	978
"ID"	2004	"Annis"	"Jefferson"	2	338	278	233	35	247	0	44	208
"ID"	2004	"Clark"	"Jefferson"	2	784	607	478	71	530	2	87	463
"ID"	2004	"Garfield"	"Jefferson"	2	1104	829	698	63	737	5	85	660
"ID"	2004	"Grant"	"Jefferson"	2	622	465	394	46	428	2	76	370
"ID"	2004	"Hamer"	"Jefferson"	2	311	253	231	14	242	0	31	210
"ID"	2004	"Labelle"	"Jefferson"	2	691	521	431	55	470	0	71	413
"ID"	2004	"Lewisville"	"Jefferson"	2	721	535	436	64	487	0	91	407
"ID"	2004	"Lorenzo"	"Jefferson"	2	268	206	172	26	186	7	28	165
"ID"	2004	"Menan"	"Jefferson"	2	805	623	504	60	546	1	81	486
"ID"	2004	"Montview"	"Jefferson"	2	226	185	163	15	177	1	22	155
"ID"	2004	"Rigby 1"	"Jefferson"	2	687	489	393	70	431	2	78	380
"ID"	2004	"Rigby 2"	"Jefferson"	2	437	333	253	60	286	0	68	241
"ID"	2004	"Rigby 3"	"Jefferson"	2	1387	1063	884	122	941	0	155	820
"ID"	2004	"Rigby 4"	"Jefferson"	2	877	686	539	86	589	3	98	518
"ID"	2004	"Ririe"	"Jefferson"	2	909	667	556	76	604	1	92	523
"ID"	2004	"Roberts"	"Jefferson"	2	579	427	328	79	361	0	94	295
"ID"	2004	"Terreton"	"Jefferson"	2	571	464	403	40	429	0	74	359
"ID"	2004	"Absentee"	"Jefferson"	2		731	607	102	661	0	129	573
"ID"	2004	"Bishop-Court"	"Jerome"	2	760	533	382	112	432	11	91	368
"ID"	2004	"Canyonside"	"Jerome"	2	1626	1092	858	196	901	47	174	812
"ID"	2004	"Eden"	"Jerome"	2	494	372	279	70	317	3	66	275
"ID"	2004	"Falls City"	"Jerome"	2	506	374	278	83	315	8	68	273
"ID"	2004	"Hazelton"	"Jerome"	2	941	632	511	91	541	4	74	488
"ID"	2004	"Northeast"	"Jerome"	2	1078	774	560	170	654	12	139	560
"ID"	2004	"Northwest"	"Jerome"	2	684	476	328	110	389	8	88	330
"ID"	2004	"Shepherd-View"	"Jerome"	2	1089	752	587	123	640	16	101	558
"ID"	2004	"Southeast"	"Jerome"	2	604	357	255	80	283	6	78	242
"ID"	2004	"Southwest"	"Jerome"	2	1004	696	523	139	572	12	110	494
"ID"	2004	"Absentee"	"Jerome"	2		831	616	170	674	25	138	608
"ID"	2004	"1"	"Kootenai"	1	1103	623	409	183	487	1	207	376
"ID"	2004	"2"	"Kootenai"	1	1008	600	459	122	500	5	131	408
"ID"	2004	"3"	"Kootenai"	1	1070	626	444	161	518	2	164	405
"ID"	2004	"4"	"Kootenai"	1	848	504	323	163	402	5	157	317
"ID"	2004	"5"	"Kootenai"	1	1389	761	521	215	621	8	196	496
"ID"	2004	"6"	"Kootenai"	1	1652	979	744	194	825	1	203	710
"ID"	2004	"7"	"Kootenai"	1	1320	842	559	244	682	5	242	534
"ID"	2004	"8"	"Kootenai"	1	1614	895	636	230	738	8	227	602
"ID"	2004	"9"	"Kootenai"	1	1147	676	492	167	566	1	169	459
"ID"	2004	"10"	"Kootenai"	1	759	398	277	100	323	2	96	272
"ID"	2004	"11"	"Kootenai"	1	1126	600	444	145	499	1	140	408
"ID"	2004	"12"	"Kootenai"	1	619	385	281	93	323	0	93	253
"ID"	2004	"13"	"Kootenai"	1	553	267	210	54	222	2	50	203
"ID"	2004	"14"	"Kootenai"	1	1183	629	444	162	507	10	175	410
"ID"	2004	"15"	"Kootenai"	1	1372	781	547	220	639	7	204	529
"ID"	2004	"16"	"Kootenai"	1	1594	869	625	225	719	8	179	630
"ID"	2004	"17"	"Kootenai"	1	997	578	422	139	477	6	125	408
"ID"	2004	"18"	"Kootenai"	1	1551	879	639	209	726	7	189	609
"ID"	2004	"19"	"Kootenai"	1	1258	712	527	164	576	3	160	493
"ID"	2004	"20"	"Kootenai"	1	1210	585	424	139	486	2	139	400
"ID"	2004	"21"	"Kootenai"	1	1136	614	429	170	496	11	145	418
"ID"	2004	"22"	"Kootenai"	1	1465	790	537	231	641	8	186	551
"ID"	2004	"23"	"Kootenai"	1	1014	599	413	168	483	2	179	379
"ID"	2004	"24"	"Kootenai"	1	965	528	352	161	430	3	159	334
"ID"	2004	"25"	"Kootenai"	1	1036	580	395	168	476	1	155	386
"ID"	2004	"26"	"Kootenai"	1	864	484	321	137	399	10	144	308
"ID"	2004	"27"	"Kootenai"	1	896	475	342	124	403	5	117	335
"ID"	2004	"28"	"Kootenai"	1	941	572	385	147	478	5	146	399
"ID"	2004	"29"	"Kootenai"	1	931	523	314	177	420	4	179	312
"ID"	2004	"30"	"Kootenai"	1	1127	642	448	160	523	5	159	445
"ID"	2004	"31"	"Kootenai"	1	540	239	160	66	185	5	68	159
"ID"	2004	"32"	"Kootenai"	1	1338	740	525	199	573	4	200	466
"ID"	2004	"33"	"Kootenai"	1	719	365	233	119	289	5	114	227
"ID"	2004	"34"	"Kootenai"	1	1476	828	602	200	690	9	201	568
"ID"	2004	"35"	"Kootenai"	1	854	472	324	130	382	1	124	320
"ID"	2004	"36"	"Kootenai"	1	1220	662	480	152	553	9	154	471
"ID"	2004	"37"	"Kootenai"	1	925	512	328	174	407	3	161	320
"ID"	2004	"38"	"Kootenai"	1	1448	779	552	213	644	9	202	518
"ID"	2004	"39"	"Kootenai"	1	1692	959	611	312	769	9	293	603
"ID"	2004	"40"	"Kootenai"	1	1196	752	529	190	606	7	173	522
"ID"	2004	"41"	"Kootenai"	1	982	538	371	157	450	8	130	378
"ID"	2004	"42"	"Kootenai"	1	680	403	230	159	312	2	133	228
"ID"	2004	"43"	"Kootenai"	1	1041	541	314	207	423	4	174	321
"ID"	2004	"44"	"Kootenai"	1	967	490	308	163	388	6	146	313
"ID"	2004	"45"	"Kootenai"	1	1440	719	440	261	553	9	213	449
"ID"	2004	"46"	"Kootenai"	1	1538	810	528	252	642	5	221	535
"ID"	2004	"47"	"Kootenai"	1	916	485	283	185	370	14	160	290
"ID"	2004	"48"	"Kootenai"	1	862	492	308	167	388	7	154	307
"ID"	2004	"49"	"Kootenai"	1	923	520	312	190	416	9	179	318
"ID"	2004	"50"	"Kootenai"	1	1175	589	380	183	460	9	182	365
"ID"	2004	"51"	"Kootenai"	1	853	350	166	168	235	7	157	157
"ID"	2004	"52"	"Kootenai"	1	881	467	285	161	386	5	138	295
"ID"	2004	"53"	"Kootenai"	1	1140	600	309	263	453	11	239	317
"ID"	2004	"54"	"Kootenai"	1	1162	507	216	272	326	13	235	240
"ID"	2004	"55"	"Kootenai"	1	928	418	182	209	284	3	189	186
"ID"	2004	"56"	"Kootenai"	1	852	487	241	230	348	13	203	249
"ID"	2004	"57"	"Kootenai"	1	932	565	314	234	448	15	218	328
"ID"	2004	"58"	"Kootenai"	1	1058	545	262	262	396	6	206	293
"ID"	2004	"59"	"Kootenai"	1	779	388	179	189	261	7	182	177
"ID"	2004	"60"	"Kootenai"	1	657	325	149	163	232	10	158	153
"ID"	2004	"61"	"Kootenai"	1	1027	599	404	174	482	8	165	399
"ID"	2004	"62"	"Kootenai"	1	606	377	250	109	308	4	108	244
"ID"	2004	"63"	"Kootenai"	1	1079	608	421	157	488	7	143	420
"ID"	2004	"64"	"Kootenai"	1	729	382	292	79	321	5	87	257
"ID"	2004	"65"	"Kootenai"	1	806	486	330	142	390	11	130	333
"ID"	2004	"66"	"Kootenai"	1	888	532	372	149	427	8	141	362
"ID"	2004	"67"	"Kootenai"	1	498	285	176	96	216	1	91	171
"ID"	2004	"68"	"Kootenai"	1	249	154	96	49	115	3	45	97
"ID"	2004	"69"	"Kootenai"	1	984	533	275	240	429	8	150	350
"ID"	2004	"70"	"Kootenai"	1	309	178	114	56	145	2	53	113
"ID"	2004	"71"	"Kootenai"	1	374	252	163	79	188	7	90	154
"ID"	2004	"72 Absentee"	"Kootenai"	1		243	144	93	190	3	65	159
"ID"	2004	"73 Absentee"	"Kootenai"	1		5148	3414	1583	4007	81	1403	3338
"ID"	2004	"74 Absentee"	"Kootenai"	1		5624	3133	2269	4115	120	2017	3189
"ID"	2004	"75 Absentee"	"Kootenai"	1		4760	3105	1507	3711	71	1424	3015
"ID"	2004	"Moscow 1"	"Latah"	1	838	510	233	250	385	9	208	241
"ID"	2004	"Moscow 2"	"Latah"	1	1374	864	432	392	673	15	329	461
"ID"	2004	"Moscow 3"	"Latah"	1	802	501	251	233	360	25	219	246
"ID"	2004	"Moscow 4"	"Latah"	1	829	537	276	238	397	12	208	292
"ID"	2004	"Moscow 5"	"Latah"	1	890	600	321	267	440	14	230	323
"ID"	2004	"Moscow 6"	"Latah"	1	1179	559	206	325	381	14	285	230
"ID"	2004	"Moscow 7"	"Latah"	1	968	526	259	247	371	22	224	258
"ID"	2004	"Moscow 8"	"Latah"	1	804	425	204	211	340	3	152	230
"ID"	2004	"Moscow 9"	"Latah"	1	919	611	285	315	433	21	274	306
"ID"	2004	"Moscow 10"	"Latah"	1	926	573	223	325	394	36	277	259
"ID"	2004	"Moscow 11"	"Latah"	1	1043	636	238	367	403	31	336	264
"ID"	2004	"Moscow 12"	"Latah"	1	1002	649	364	267	509	16	231	373
"ID"	2004	"Moscow 13"	"Latah"	1	813	463	164	271	298	33	239	189
"ID"	2004	"Moscow 14"	"Latah"	1	1401	849	288	506	515	55	463	321
"ID"	2004	"Moscow 15"	"Latah"	1	1110	709	233	452	392	69	397	261
"ID"	2004	"Moscow 16"	"Latah"	1	1250	670	222	412	457	17	348	267
"ID"	2004	"Moscow 17"	"Latah"	1	933	590	281	280	401	23	246	309
"ID"	2004	"Moscow 18"	"Latah"	1	1271	641	288	325	489	12	279	319
"ID"	2004	"Deary 19"	"Latah"	1	835	580	365	179	471	0	155	377
"ID"	2004	"Farmington 20"	"Latah"	1	34	27	24	2	25	0	2	23
"ID"	2004	"Genesee 21"	"Latah"	1	963	696	412	254	556	20	205	447
"ID"	2004	"Harvard 22"	"Latah"	1	223	166	126	28	130	1	33	110
"ID"	2004	"Juliaetta 23"	"Latah"	1	462	314	200	101	245	1	84	214
"ID"	2004	"Kendrick 24"	"Latah"	1	393	295	189	95	230	1	84	191
"ID"	2004	"Linden 25"	"Latah"	1	73	58	46	10	53	0	7	50
"ID"	2004	"Palouse 26"	"Latah"	1	246	165	106	51	134	1	44	109
"ID"	2004	"Potlatch 27"	"Latah"	1	878	604	380	195	491	4	186	372
"ID"	2004	"Princeton 28"	"Latah"	1	398	294	210	74	255	3	85	197
"ID"	2004	"Troy 29"	"Latah"	1	1349	872	484	351	663	18	305	511
"ID"	2004	"Viola 30"	"Latah"	1	389	270	158	95	210	7	81	175
"ID"	2004	"Cora 31"	"Latah"	1	201	154	105	46	130	0	42	108
"ID"	2004	"Bovill 32"	"Latah"	1	178	118	72	36	95	0	34	69
"ID"	2004	"Absentee"	"Latah"	1		2368	1041	1230	1587	107	1069	1145
"ID"	2004	"Salmon City"	"Lemhi"	2	1307	882	662	207	723	19	191	582
"ID"	2004	"Depot"	"Lemhi"	2	511	344	277	62	289	2	62	249
"ID"	2004	"Brooklyn"	"Lemhi"	2	1592	1038	732	277	811	16	262	668
"ID"	2004	"Carmen"	"Lemhi"	2	381	283	224	52	241	4	58	203
"ID"	2004	"Noble"	"Lemhi"	2	177	134	85	38	97	0	37	87
"ID"	2004	"Gibbonsville"	"Lemhi"	2	102	80	59	20	60	0	21	49
"ID"	2004	"Mineral Hill"	"Lemhi"	2	46	33	24	6	26	0	7	19
"ID"	2004	"Iron Creek"	"Lemhi"	2	181	135	98	26	112	1	35	79
"ID"	2004	"Pahsimeroi"	"Lemhi"	2	99	72	69	1	60	2	12	49
"ID"	2004	"Baker"	"Lemhi"	2	248	192	154	26	162	2	29	146
"ID"	2004	"Fort Lemhi"	"Lemhi"	2	141	101	89	10	87	2	14	73
"ID"	2004	"Yearianville"	"Lemhi"	2	118	84	63	15	69	1	13	55
"ID"	2004	"Junction"	"Lemhi"	2	202	147	128	14	125	5	26	107
"ID"	2004	"Absentee"	"Lemhi"	2	0	604	415	161	471	5	148	395
"ID"	2004	"Nezperce 1"	"Lewis"	1	499	406	280	106	318	2	103	273
"ID"	2004	"W Kamiah 2"	"Lewis"	1	766	545	399	121	423	0	121	373
"ID"	2004	"E Kamiah 3"	"Lewis"	1	278	173	128	38	136	0	39	120
"ID"	2004	"Craigmont 4"	"Lewis"	1	495	398	290	86	322	0	83	285
"ID"	2004	"Winchester 5"	"Lewis"	1	344	263	186	65	220	3	67	183
"ID"	2004	"Reubens 6"	"Lewis"	1	54	46	31	12	36	3	11	32
"ID"	2004	"Mohler 7"	"Lewis"	1	54	49	36	9	43	0	9	36
"ID"	2004	"Slickpoo 8"	"Lewis"	1	14	12	9	3	8	0	4	8
"ID"	2004	"Shoshone #1"	"Lincoln"	2	407	348	228	109	277	8	92	230
"ID"	2004	"Shoshone #2"	"Lincoln"	2	496	411	244	152	328	6	119	262
"ID"	2004	"Shoshone #3"	"Lincoln"	2	451	364	284	70	307	0	60	289
"ID"	2004	"Richfield #4"	"Lincoln"	2	517	446	327	95	383	0	92	332
"ID"	2004	"Dietrich #5"	"Lincoln"	2	388	331	277	40	297	0	49	271
"ID"	2004	"Kimama #6"	"Lincoln"	2	35	27	28	0	29	0	1	28
"ID"	2004	"Plano 1"	"Madison"	2	380	293	267	17	279	3	25	253
"ID"	2004	"Burton 2"	"Madison"	2	1067	747	666	65	712	2	66	654
"ID"	2004	"Hibbard 3"	"Madison"	2	1069	779	715	46	735	5	63	686
"ID"	2004	"Salem 4"	"Madison"	2	470	348	314	23	326	0	36	297
"ID"	2004	"Rexburg 5"	"Madison"	2	1403	953	865	68	890	4	88	819
"ID"	2004	"Sugar City 6"	"Madison"	2	1149	820	738	59	785	1	75	727
"ID"	2004	"Rexburg 7"	"Madison"	2	1227	904	809	56	853	0	75	790
"ID"	2004	"Rexburg 8"	"Madison"	2	1088	864	782	69	804	0	80	727
"ID"	2004	"Rexburg 9"	"Madison"	2	746	466	431	22	425	0	32	397
"ID"	2004	"Rexburg 10"	"Madison"	2	910	530	492	34	490	0	39	447
"ID"	2004	"Rexburg 11"	"Madison"	2	397	214	201	10	186	0	10	174
"ID"	2004	"Rexburg 12"	"Madison"	2	409	172	165	5	163	0	10	152
"ID"	2004	"Rexburg 13"	"Madison"	2	372	162	158	2	145	0	6	136
"ID"	2004	"Rexburg 14"	"Madison"	2	709	384	346	23	346	2	33	308
"ID"	2004	"Rexburg 15"	"Madison"	2	1099	756	705	35	707	1	46	666
"ID"	2004	"Rexburg 16"	"Madison"	2	1806	1212	1073	110	1106	1	130	1016
"ID"	2004	"Moody 17"	"Madison"	2	231	180	159	19	171	0	27	148
"ID"	2004	"Lyman 18"	"Madison"	2	822	611	553	50	564	1	65	531
"ID"	2004	"Archer 19"	"Madison"	2	727	555	505	31	528	4	82	459
"ID"	2004	"Absentee"	"Madison"	2		855	749	82	789	0	88	728
"ID"	2004	"Acequia"	"Minidoka"	2	781	545	449	66	493	0	69	429
"ID"	2004	"Emerson"	"Minidoka"	2	1059	749	616	105	667	1	94	609
"ID"	2004	"Heyburn 1"	"Minidoka"	2	1045	698	523	146	579	1	143	495
"ID"	2004	"Heyburn 2"	"Minidoka"	2	1055	744	625	100	651	0	107	592
"ID"	2004	"Paul"	"Minidoka"	2	889	643	484	120	570	0	125	466
"ID"	2004	"Pioneer"	"Minidoka"	2	1043	737	609	97	678	3	77	614
"ID"	2004	"Rupert 1"	"Minidoka"	2	763	533	395	124	473	1	98	402
"ID"	2004	"Rupert 2"	"Minidoka"	2	792	512	395	94	449	0	89	395
"ID"	2004	"Rupert 3"	"Minidoka"	2	648	379	263	95	297	4	75	261
"ID"	2004	"Rupert 4"	"Minidoka"	2	764	527	388	103	455	0	106	379
"ID"	2004	"Rupert 5"	"Minidoka"	2	676	452	339	93	402	0	68	351
"ID"	2004	"Absentee"	"Minidoka"	2		944	711	188	815	3	172	717
"ID"	2004	"Lewiston 1"	"Nez Perce"	1	378	216	115	90	155	3	70	120
"ID"	2004	"Lewiston 2"	"Nez Perce"	1	469	303	157	133	232	0	112	158
"ID"	2004	"Lewiston 3"	"Nez Perce"	1	462	328	166	151	245	1	127	178
"ID"	2004	"Lewiston 4"	"Nez Perce"	1	509	355	189	153	268	4	135	171
"ID"	2004	"Lewiston 5"	"Nez Perce"	1	442	340	208	122	273	1	117	172
"ID"	2004	"Lewiston 6"	"Nez Perce"	1	560	461	330	116	382	0	99	321
"ID"	2004	"Lewiston 7"	"Nez Perce"	1	819	560	313	224	429	15	211	274
"ID"	2004	"Lewiston 8"	"Nez Perce"	1	687	548	310	217	435	1	178	308
"ID"	2004	"Lewiston 9"	"Nez Perce"	1	802	617	337	263	460	5	228	309
"ID"	2004	"Lewiston 10"	"Nez Perce"	1	757	565	331	202	434	4	157	339
"ID"	2004	"Lewiston 11"	"Nez Perce"	1	616	467	244	186	341	0	164	250
"ID"	2004	"Lewiston 12"	"Nez Perce"	1	1057	896	602	265	766	1	188	645
"ID"	2004	"Lewiston 13"	"Nez Perce"	1	1105	889	546	319	699	4	257	560
"ID"	2004	"Lewiston 14"	"Nez Perce"	1	699	538	301	210	409	2	190	284
"ID"	2004	"Lewiston 15"	"Nez Perce"	1	1051	814	418	342	613	2	281	429
"ID"	2004	"Lewiston 16"	"Nez Perce"	1	826	590	362	210	459	1	190	339
"ID"	2004	"Lewiston 17"	"Nez Perce"	1	732	562	321	214	447	3	178	329
"ID"	2004	"Lewiston 18"	"Nez Perce"	1	862	651	388	242	506	4	188	411
"ID"	2004	"Lewiston 19"	"Nez Perce"	1	487	392	253	117	306	4	106	237
"ID"	2004	"Lewiston 20"	"Nez Perce"	1	782	580	352	201	450	0	181	337
"ID"	2004	"Lewiston 21"	"Nez Perce"	1	950	751	512	214	635	0	197	485
"ID"	2004	"Lewiston 22"	"Nez Perce"	1	739	545	347	170	422	0	145	328
"ID"	2004	"Lewiston 23"	"Nez Perce"	1	892	706	445	226	570	3	187	441
"ID"	2004	"Lewiston 24"	"Nez Perce"	1	1043	825	530	262	662	0	265	469
"ID"	2004	"Lewiston 25"	"Nez Perce"	1	1119	887	612	236	732	0	215	585
"ID"	2004	"Lewiston 26"	"Nez Perce"	1	939	753	493	231	618	0	191	516
"ID"	2004	"30 Culdesac"	"Nez Perce"	1	476	354	218	111	274	0	105	189
"ID"	2004	"31 Gifford"	"Nez Perce"	1	189	145	105	34	117	1	34	98
"ID"	2004	"32 Hatwai"	"Nez Perce"	1	447	340	227	100	259	0	85	219
"ID"	2004	"33 Lapwai"	"Nez Perce"	1	829	612	166	409	392	2	341	206
"ID"	2004	"34 Leland"	"Nez Perce"	1	259	229	183	39	195	1	42	164
"ID"	2004	"35 Lenore"	"Nez Perce"	1	273	215	132	73	169	0	60	129
"ID"	2004	"36 Peck"	"Nez Perce"	1	269	223	137	75	178	0	57	128
"ID"	2004	"37 Rimrock"	"Nez Perce"	1	124	100	71	20	83	0	15	73
"ID"	2004	"38 Spalding"	"Nez Perce"	1	384	315	179	117	242	0	96	194
"ID"	2004	"39 Tammany"	"Nez Perce"	1	577	469	330	119	387	1	95	332
"ID"	2004	"40 Webb"	"Nez Perce"	1	194	149	79	63	109	1	52	79
"ID"	2004	"Malad 1"	"Oneida"	2	750	616	507	89	535	0	105	468
"ID"	2004	"Malad 2"	"Oneida"	2	632	509	406	95	409	0	94	345
"ID"	2004	"Malad 3"	"Oneida"	2	635	524	420	84	433	0	78	386
"ID"	2004	"Malad 4"	"Oneida"	2	410	341	309	31	299	0	43	265
"ID"	2004	"Curlew"	"Oneida"	2	131	107	94	3	98	0	3	92
"ID"	2004	"Holbrook"	"Oneida"	2	87	58	53	2	50	0	5	49
"ID"	2004	"1 N. Homedale"	"Owyhee"	1	724	507	338	138	420	3	127	354
"ID"	2004	"2 S. Homedale"	"Owyhee"	1	982	654	516	106	566	0	143	488
"ID"	2004	"3 N. Marsing"	"Owyhee"	1	652	470	363	76	393	0	91	354
"ID"	2004	"4 S. Marsing"	"Owyhee"	1	640	428	324	88	362	0	93	316
"ID"	2004	"5 Pleasant Valley"	"Owyhee"	1	86	71	70	1	67	0	1	66
"ID"	2004	"6 Wilson"	"Owyhee"	1	465	327	259	57	286	0	60	255
"ID"	2004	"7 Murphy"	"Owyhee"	1	225	161	138	19	143	0	22	127
"ID"	2004	"8 Oreana"	"Owyhee"	1	135	97	77	13	87	0	16	79
"ID"	2004	"9 Grand View"	"Owyhee"	1	526	369	304	44	217	0	51	292
"ID"	2004	"10 Bruneau"	"Owyhee"	1	378	255	212	37	225	0	33	208
"ID"	2004	"11 Riddle"	"Owyhee"	1	118	75	23	42	40	0	39	30
"ID"	2004	"12 Three Creek"	"Owyhee"	1	24	16	10	4	15	0	5	11
"ID"	2004	"Absentee"	"Owyhee"	1		289	225	60	246	0	56	221
"ID"	2004	"1 Payette"	"Payette"	1	937	616	450	148	518	1	149	428
"ID"	2004	"2 Payette"	"Payette"	1	1833	1191	875	288	1024	1	270	838
"ID"	2004	"3 Payette"	"Payette"	1	837	586	416	149	482	3	146	396
"ID"	2004	"4 Payette"	"Payette"	1	527	359	245	98	303	1	91	238
"ID"	2004	"5 Fruitland"	"Payette"	1	1302	954	733	194	840	1	164	719
"ID"	2004	"6 Fruitland"	"Payette"	1	1096	747	526	195	653	0	194	501
"ID"	2004	"7 Fruitland"	"Payette"	1	273	204	168	32	182	0	29	162
"ID"	2004	"8 New Plymouth"	"Payette"	1	1488	1096	835	234	935	2	216	815
"ID"	2004	"9 New Plymouth"	"Payette"	1	1065	863	690	147	741	0	153	661
"ID"	2004	"10 New Plymouth"	"Payette"	1	122	86	69	15	75	0	13	68
"ID"	2004	"Absentee"	"Payette"	1		1637	1249	348	1397	1	338	1212
"ID"	2004	"1"	"Power"	2	860	575	412	155	477	1	156	374
"ID"	2004	"2"	"Power"	2	1000	652	462	186	540	1	190	382
"ID"	2004	"3"	"Power"	2	1139	784	540	233	621	1	223	483
"ID"	2004	"4"	"Power"	2	411	254	215	34	226	1	47	190
"ID"	2004	"5"	"Power"	2	111	89	80	8	80	0	14	69
"ID"	2004	"6"	"Power"	2	443	314	191	113	238	1	151	142
"ID"	2004	"Absentee"	"Power"	2		322	205	100	247	0	117	180
"ID"	2004	"1 Murray/Prichard"	"Shoshone"	1	163	110	50	52	77	0	43	54
"ID"	2004	"2 Mullan"	"Shoshone"	1	486	366	143	194	255	4	178	154
"ID"	2004	"3 Wallace"	"Shoshone"	1	464	279	119	137	196	0	122	124
"ID"	2004	"4 Wallace"	"Shoshone"	1	391	241	116	104	175	4	83	138
"ID"	2004	"5 Silverton"	"Shoshone"	1	401	249	131	106	178	1	88	139
"ID"	2004	"6 Osburn"	"Shoshone"	1	586	397	223	152	305	1	140	221
"ID"	2004	"7 Osburn"	"Shoshone"	1	701	462	236	197	364	2	175	257
"ID"	2004	"8 Kellogg"	"Shoshone"	1	343	244	141	87	178	0	92	132
"ID"	2004	"9 Kellogg"	"Shoshone"	1	694	480	254	196	364	5	194	251
"ID"	2004	"10 Kellogg"	"Shoshone"	1	400	256	120	117	191	0	109	126
"ID"	2004	"11 Wardner"	"Shoshone"	1	116	74	38	25	59	0	32	35
"ID"	2004	"12 Smelterville"	"Shoshone"	1	370	243	103	120	179	1	107	118
"ID"	2004	"13 Pinehurst"	"Shoshone"	1	334	246	148	83	187	0	90	139
"ID"	2004	"14 Pinehurst"	"Shoshone"	1	880	635	386	223	484	1	213	360
"ID"	2004	"15 Kingston/Cataldo"	"Shoshone"	1	799	575	306	233	435	1	224	287
"ID"	2004	"16 Calder"	"Shoshone"	1	112	90	58	22	75	0	21	66
"ID"	2004	"17 Clarkia"	"Shoshone"	1	63	41	24	17	30	0	16	22
"ID"	2004	"18 Avery"	"Shoshone"	1	60	44	25	16	31	2	18	24
"ID"	2004	"Absentee"	"Shoshone"	1		579	301	250	419	2	236	302
"ID"	2004	"Victor 1"	"Teton"	2	1369	1172	666	469	847	2	428	673
"ID"	2004	"Driggs 2"	"Teton"	2	1489	1203	707	462	859	0	416	706
"ID"	2004	"Tetonia 3"	"Teton"	2	1588	1374	862	485	1071	4	465	849
"ID"	2004	"Twin Falls 1"	"Twin Falls"	2	733	396	225	131	288	9	124	232
"ID"	2004	"Twin Falls 2"	"Twin Falls"	2	631	321	209	94	245	6	84	210
"ID"	2004	"Twin Falls 3"	"Twin Falls"	2	698	444	303	109	349	8	94	310
"ID"	2004	"Twin Falls 4"	"Twin Falls"	2	1660	954	691	220	792	12	197	661
"ID"	2004	"Twin Falls 5"	"Twin Falls"	2	1405	892	622	241	705	18	203	604
"ID"	2004	"Twin Falls 6"	"Twin Falls"	2	702	466	305	126	359	11	126	304
"ID"	2004	"Twin Falls 7"	"Twin Falls"	2	856	437	279	131	343	4	96	282
"ID"	2004	"Twin Falls 8"	"Twin Falls"	2	844	525	325	176	402	15	153	324
"ID"	2004	"Twin Falls 9"	"Twin Falls"	2	422	279	217	49	235	1	42	213
"ID"	2004	"Twin Falls 10"	"Twin Falls"	2	515	290	185	85	234	6	67	199
"ID"	2004	"Twin Falls 11"	"Twin Falls"	2	1193	816	551	239	662	9	177	571
"ID"	2004	"Twin Falls 12"	"Twin Falls"	2	640	411	260	135	326	7	97	281
"ID"	2004	"Twin Falls 13"	"Twin Falls"	2	1600	898	636	232	755	10	185	644
"ID"	2004	"Twin Falls 14"	"Twin Falls"	2	1194	738	556	164	626	6	138	527
"ID"	2004	"Twin Falls 15"	"Twin Falls"	2	1578	988	695	258	825	15	223	701
"ID"	2004	"Twin Falls 16"	"Twin Falls"	2	591	382	230	124	298	8	113	231
"ID"	2004	"Twin Falls 17"	"Twin Falls"	2	779	451	293	125	348	6	124	294
"ID"	2004	"Twin Falls 18"	"Twin Falls"	2	1143	746	548	166	588	14	146	515
"ID"	2004	"Twin Falls 19"	"Twin Falls"	2	1008	700	506	154	562	14	155	497
"ID"	2004	"Twin Falls 20"	"Twin Falls"	2	489	277	169	84	209	3	84	165
"ID"	2004	"Outside Twin Falls 21"	"Twin Falls"	2	306	173	137	30	139	2	30	128
"ID"	2004	"Outside Twin Falls 22"	"Twin Falls"	2	949	628	494	109	526	5	90	483
"ID"	2004	"Outside Twin Falls 23"	"Twin Falls"	2	1094	721	548	136	608	7	118	525
"ID"	2004	"Outside Twin Falls 24"	"Twin Falls"	2	833	530	399	117	444	9	96	378
"ID"	2004	"Outside Twin Falls 25"	"Twin Falls"	2	1147	744	594	133	653	14	95	598
"ID"	2004	"Buhl 1"	"Twin Falls"	2	727	496	341	130	378	9	113	325
"ID"	2004	"Buhl 2"	"Twin Falls"	2	584	402	291	93	328	1	91	278
"ID"	2004	"Buhl 3"	"Twin Falls"	2	462	301	227	59	245	5	66	207
"ID"	2004	"Buhl 4"	"Twin Falls"	2	646	442	303	111	331	6	110	277
"ID"	2004	"Buhl 5"	"Twin Falls"	2	327	245	154	65	192	2	57	158
"ID"	2004	"Buhl 6"	"Twin Falls"	2	253	181	116	52	134	2	46	119
"ID"	2004	"Buhl 7"	"Twin Falls"	2	822	575	395	135	448	9	137	366
"ID"	2004	"Castleford"	"Twin Falls"	2	512	349	275	62	296	1	51	269
"ID"	2004	"Clover"	"Twin Falls"	2	211	145	123	16	126	0	19	108
"ID"	2004	"Deep Creek"	"Twin Falls"	2	674	441	319	101	352	7	87	326
"ID"	2004	"Filer 1"	"Twin Falls"	2	706	508	382	102	411	1	101	360
"ID"	2004	"Filer 2"	"Twin Falls"	2	732	521	395	109	424	5	93	393
"ID"	2004	"Filer 3"	"Twin Falls"	2	804	600	448	125	494	5	117	429
"ID"	2004	"Hansen"	"Twin Falls"	2	1173	784	606	137	644	1	128	565
"ID"	2004	"Hollister"	"Twin Falls"	2	675	462	349	82	380	2	85	333
"ID"	2004	"Kimberly 1"	"Twin Falls"	2	818	526	404	95	432	3	84	389
"ID"	2004	"Kimberly 2"	"Twin Falls"	2	1081	795	644	119	694	6	119	610
"ID"	2004	"Kimberly 3"	"Twin Falls"	2	499	327	246	71	266	3	60	240
"ID"	2004	"Maroa"	"Twin Falls"	2	311	221	180	35	192	1	27	177
"ID"	2004	"Murtaugh"	"Twin Falls"	2	461	282	224	41	241	4	37	210
"ID"	2004	"Absentee"	"Twin Falls"	2		1578	1135	362	1246	24	326	1100
"ID"	2004	"Absentee"	"Twin Falls"	2		3049	2138	788	2444	55	615	2137
"ID"	2004	"Alpha"	"Valley"	1	380	232	167	51	189	0	50	167
"ID"	2004	"Cascade"	"Valley"	1	682	384	263	103	320	0	80	278
"ID"	2004	"Donnelly"	"Valley"	1	85	47	20	25	32	0	19	24
"ID"	2004	"McCall"	"Valley"	1	1876	1124	563	530	811	1	471	567
"ID"	2004	"Payette"	"Valley"	1	951	621	335	269	446	0	243	342
"ID"	2004	"Roseberry"	"Valley"	1	1581	990	556	392	766	0	351	567
"ID"	2004	"West Mountain"	"Valley"	1	629	363	264	90	299	0	94	248
"ID"	2004	"Yellow Pine"	"Valley"	1	70	55	38	14	49	0	11	43
"ID"	2004	"Absentee"	"Valley"	1		1059	657	369	823	3	340	679
"ID"	2004	"Eaton Hale 1"	"Washington"	1	576	482	371	86	404	0	90	362
"ID"	2004	"West Weiser 2"	"Washington"	1	531	397	262	128	318	0	116	256
"ID"	2004	"South Weiser 3"	"Washington"	1	407	294	196	88	241	0	85	200
"ID"	2004	"Weiser 4"	"Washington"	1	653	531	361	152	448	0	135	363
"ID"	2004	"Middle Weiser 5"	"Washington"	1	489	375	227	121	271	0	116	228
"ID"	2004	"East Weiser 6"	"Washington"	1	397	311	241	59	278	0	49	250
"ID"	2004	"Midvale 7"	"Washington"	1	486	405	341	53	369	0	40	346
"ID"	2004	"Cambridge 8"	"Washington"	1	707	540	425	92	461	0	99	413
"ID"	2004	"Pioneer 9"	"Washington"	1	624	457	315	131	352	0	110	312
"ID"	2004	"Sunnyside 10"	"Washington"	1	500	399	324	65	347	0	67	313
"ID"	2004	"Mineral 11"	"Washington"	1	355	286	211	58	239	0	60	217
