state	year	county	ed	precinct	cd	g2000_USH_dv	g2000_USH_rv	g2000_USH_tv	g2000_USP_dv	g2000_USP_rv	g2000_USP_tv	g2000_USS_dv	g2000_USS_rv	g2000_USS_tv
"MD"	2000	1	1	0	6	61	197	258	70	224	301	95	137	232
"MD"	2000	1	2	0	6	80	242	322	110	272	391	133	156	289
"MD"	2000	1	3	0	6	110	286	396	131	334	479	162	192	354
"MD"	2000	1	4	2	6	156	135	291	210	143	364	217	70	287
"MD"	2000	1	4	3	6	253	232	485	320	245	586	339	138	477
"MD"	2000	1	4	4	6	323	385	708	402	426	850	470	251	721
"MD"	2000	1	4	5	6	144	133	277	203	160	373	195	93	288
"MD"	2000	1	4	8	6	315	299	614	399	326	741	421	189	610
"MD"	2000	1	5	4	6	232	269	501	317	277	615	339	151	490
"MD"	2000	1	5	6	6	91	149	240	144	154	307	160	84	244
"MD"	2000	1	6	1	6	322	335	657	383	359	780	413	233	646
"MD"	2000	1	6	3	6	166	146	312	224	129	371	225	94	319
"MD"	2000	1	6	5	6	230	321	551	289	340	654	312	238	550
"MD"	2000	1	6	6	6	275	343	618	381	366	764	400	235	635
"MD"	2000	1	7	1	6	266	409	675	375	419	812	396	266	662
"MD"	2000	1	7	2	6	372	752	1124	444	841	1321	552	519	1071
"MD"	2000	1	8	0	6	275	573	848	352	660	1042	519	306	825
"MD"	2000	1	9	0	6	91	322	413	126	355	494	189	170	359
"MD"	2000	1	10	0	6	149	488	637	212	576	812	296	272	568
"MD"	2000	1	11	0	6	192	237	429	215	250	482	272	145	417
"MD"	2000	1	12	0	6	428	606	1034	504	670	1230	623	374	997
"MD"	2000	1	13	0	6	232	429	661	324	445	795	370	266	636
"MD"	2000	1	14	0	6	117	99	216	171	105	286	169	60	229
"MD"	2000	1	16	0	6	231	384	615	282	443	745	327	240	567
"MD"	2000	1	18	0	6	136	455	591	236	512	768	281	273	554
"MD"	2000	1	20	0	6	187	393	580	251	434	697	303	231	534
"MD"	2000	1	21	0	6	70	167	237	85	183	279	102	112	214
"MD"	2000	1	22	0	6	308	389	697	389	434	848	437	245	682
"MD"	2000	1	23	0	6	383	489	872	520	505	1058	542	323	865
"MD"	2000	1	24	0	6	200	347	547	246	388	655	279	229	508
"MD"	2000	1	26	0	6	408	500	908	493	528	1080	555	330	885
"MD"	2000	1	29	1	6	316	605	921	384	663	1068	453	419	872
"MD"	2000	1	29	2	6	346	609	955	443	647	1121	488	434	922
"MD"	2000	1	29	3	6	282	370	652	349	405	770	386	265	651
"MD"	2000	1	31	0	6	107	266	373	130	310	453	185	184	369
"MD"	2000	1	34	0	6	250	447	697	321	459	801	382	289	671
"MD"	2000	2	1	1	3	635	427	1062	443	629	1103	520	571	1091
"MD"	2000	2	1	2	3	429	344	773	321	458	812	363	439	802
"MD"	2000	2	1	3	1	440	610	1050	527	554	1099	587	494	1081
"MD"	2000	2	1	4	3	675	197	872	584	304	910	642	261	903
"MD"	2000	2	1	5	3	799	528	1327	685	654	1365	734	617	1351
"MD"	2000	2	1	6	3	577	332	909	518	403	947	536	399	935
"MD"	2000	2	1	7	3	488	329	817	366	451	847	417	435	852
"MD"	2000	2	1	8	3	703	464	1167	513	664	1221	590	616	1206
"MD"	2000	2	1	9	1	325	631	956	408	562	997	484	490	974
"MD"	2000	2	1	10	3	518	353	871	353	521	913	427	474	901
"MD"	2000	2	1	11	3	459	320	779	305	474	816	364	437	801
"MD"	2000	2	1	12	3	800	240	1040	712	334	1074	774	292	1066
"MD"	2000	2	1	13	3	361	134	495	286	229	527	327	189	516
"MD"	2000	2	1	14	3	607	355	962	488	481	999	542	443	985
"MD"	2000	2	1	15	1	394	526	920	497	441	963	557	399	956
"MD"	2000	2	1	16	1	382	443	825	441	410	879	486	375	861
"MD"	2000	2	1	17	1	274	316	590	345	258	621	367	241	608
"MD"	2000	2	1	18	1	724	490	1214	852	420	1290	884	383	1267
"MD"	2000	2	1	19	3	1143	484	1627	1069	576	1686	1101	559	1660
"MD"	2000	2	1	20	3	908	471	1379	806	580	1421	861	543	1404
"MD"	2000	2	1	21	1	547	908	1455	666	812	1522	760	732	1492
"MD"	2000	2	1	22	3	645	455	1100	536	573	1150	602	529	1131
"MD"	2000	2	2	1	3	912	692	1604	757	876	1682	861	796	1657
"MD"	2000	2	2	2	1	595	1074	1669	744	957	1745	829	881	1710
"MD"	2000	2	2	3	1	393	615	1008	479	537	1059	543	503	1046
"MD"	2000	2	2	4	1	398	609	1007	505	524	1052	564	476	1040
"MD"	2000	2	2	5	1	429	543	972	509	464	1011	585	408	993
"MD"	2000	2	2	6	1	273	506	779	343	445	819	389	412	801
"MD"	2000	2	2	7	1	374	559	933	447	483	981	498	470	968
"MD"	2000	2	2	8	1	394	687	1081	508	591	1131	573	540	1113
"MD"	2000	2	2	9	1	490	628	1118	585	522	1158	650	496	1146
"MD"	2000	2	2	10	1	364	480	844	438	433	894	484	397	881
"MD"	2000	2	2	11	1	291	442	733	345	399	765	403	348	751
"MD"	2000	2	2	12	1	306	458	764	387	389	800	419	363	782
"MD"	2000	2	2	13	1	236	480	716	320	407	747	350	389	739
"MD"	2000	2	2	14	1	614	518	1132	701	436	1177	753	412	1165
"MD"	2000	2	2	15	1	491	634	1125	593	545	1170	675	480	1155
"MD"	2000	2	2	16	1	314	444	758	380	386	796	422	358	780
"MD"	2000	2	2	17	1	539	626	1165	651	525	1207	705	490	1195
"MD"	2000	2	2	18	1	337	510	847	421	423	880	458	409	867
"MD"	2000	2	2	19	1	475	425	900	547	366	943	583	339	922
"MD"	2000	2	2	20	1	136	264	400	170	239	421	207	208	415
"MD"	2000	2	2	21	1	264	639	903	347	551	930	411	506	917
"MD"	2000	2	3	1	2	322	631	953	414	552	994	467	513	980
"MD"	2000	2	3	2	1	292	489	781	362	421	810	429	371	800
"MD"	2000	2	3	3	1	487	784	1271	605	682	1329	674	638	1312
"MD"	2000	2	3	4	1	385	831	1216	496	747	1267	577	669	1246
"MD"	2000	2	3	5	1	646	885	1531	785	766	1586	868	697	1565
"MD"	2000	2	3	6	1	424	673	1097	522	593	1144	576	551	1127
"MD"	2000	2	3	7	1	406	613	1019	457	572	1059	516	528	1044
"MD"	2000	2	3	8	1	556	600	1156	655	532	1228	716	493	1209
"MD"	2000	2	3	9	2	338	650	988	434	580	1038	456	558	1014
"MD"	2000	2	3	10	2	338	877	1215	452	773	1269	540	706	1246
"MD"	2000	2	3	11	2	347	1081	1428	486	948	1485	600	866	1466
"MD"	2000	2	3	12	2	364	821	1185	440	746	1226	523	685	1208
"MD"	2000	2	3	13	2	380	890	1270	477	793	1319	569	734	1303
"MD"	2000	2	3	14	1	331	533	864	396	491	918	456	442	898
"MD"	2000	2	3	15	2	221	785	1006	302	690	1033	390	631	1021
"MD"	2000	2	3	16	2	322	684	1006	404	625	1051	473	559	1032
"MD"	2000	2	3	17	2	396	788	1184	482	708	1233	574	640	1214
"MD"	2000	2	3	18	2	330	652	982	418	578	1026	490	521	1011
"MD"	2000	2	3	19	2	260	628	888	345	562	931	396	521	917
"MD"	2000	2	3	20	2	318	549	867	390	497	910	452	441	893
"MD"	2000	2	3	21	2	412	737	1149	510	639	1185	573	597	1170
"MD"	2000	2	3	22	2	319	543	862	386	485	896	429	453	882
"MD"	2000	2	3	23	2	317	622	939	398	541	967	451	498	949
"MD"	2000	2	3	24	1	406	729	1135	529	625	1182	597	566	1163
"MD"	2000	2	4	1	5	638	306	944	540	389	960	597	348	945
"MD"	2000	2	4	2	1	598	899	1497	730	799	1562	767	770	1537
"MD"	2000	2	4	3	1	358	694	1052	428	632	1083	476	593	1069
"MD"	2000	2	4	4	1	246	595	841	291	557	880	364	506	870
"MD"	2000	2	4	5	5	635	585	1220	518	717	1274	611	646	1257
"MD"	2000	2	4	6	1	293	614	907	386	510	932	445	469	914
"MD"	2000	2	4	7	3	743	394	1137	721	442	1186	736	422	1158
"MD"	2000	2	4	8	5	616	493	1109	521	589	1142	580	552	1132
"MD"	2000	2	4	9	5	1483	653	2136	1391	759	2197	1490	671	2161
"MD"	2000	2	4	10	3	518	397	915	416	509	954	472	472	944
"MD"	2000	2	4	11	5	648	413	1061	574	486	1096	631	450	1081
"MD"	2000	2	4	12	1	47	95	142	50	89	143	60	83	143
"MD"	2000	2	4	13	1	195	569	764	250	536	806	292	503	795
"MD"	2000	2	4	14	1	364	859	1223	488	718	1263	556	692	1248
"MD"	2000	2	4	15	1	412	892	1304	540	743	1348	664	670	1334
"MD"	2000	2	4	16	1	182	716	898	280	594	919	341	569	910
"MD"	2000	2	4	17	5	730	389	1119	642	460	1144	696	438	1134
"MD"	2000	2	4	18	3	736	203	939	731	233	980	741	221	962
"MD"	2000	2	4	19	1	629	475	1104	678	429	1144	708	409	1117
"MD"	2000	2	4	20	5	1084	912	1996	971	1006	2060	1051	981	2032
"MD"	2000	2	5	1	1	372	906	1278	545	732	1327	644	663	1307
"MD"	2000	2	5	2	1	383	747	1130	532	599	1161	592	555	1147
"MD"	2000	2	5	3	1	304	722	1026	436	586	1064	501	550	1051
"MD"	2000	2	5	4	1	383	889	1272	528	740	1320	597	703	1300
"MD"	2000	2	5	5	1	339	779	1118	484	634	1164	564	582	1146
"MD"	2000	2	5	6	1	239	859	1098	397	702	1138	478	637	1115
"MD"	2000	2	5	7	1	237	869	1106	348	750	1136	447	673	1120
"MD"	2000	2	5	8	1	333	858	1191	466	723	1235	560	659	1219
"MD"	2000	2	5	9	2	306	938	1244	422	830	1293	485	783	1268
"MD"	2000	2	5	10	2	388	935	1323	498	825	1368	582	767	1349
"MD"	2000	2	5	11	1	381	891	1272	558	712	1316	601	698	1299
"MD"	2000	2	5	12	1	373	737	1110	523	605	1158	566	569	1135
"MD"	2000	2	5	13	1	299	880	1179	444	729	1214	546	652	1198
"MD"	2000	2	5	14	2	316	797	1113	410	692	1151	479	666	1145
"MD"	2000	2	5	15	1	347	1247	1594	516	1070	1636	632	986	1618
"MD"	2000	2	5	16	2	301	570	871	356	508	911	425	477	902
"MD"	2000	2	5	17	1	370	895	1265	542	683	1320	636	657	1293
"MD"	2000	2	5	18	1	433	1000	1433	617	806	1470	709	743	1452
"MD"	2000	2	5	19	1	242	855	1097	368	726	1130	441	674	1115
"MD"	2000	2	5	20	1	270	830	1100	400	691	1126	470	639	1109
"MD"	2000	2	5	21	1	414	1034	1448	591	848	1496	663	812	1475
"MD"	2000	2	5	22	1	371	964	1335	532	789	1384	630	736	1366
"MD"	2000	2	5	23	1	221	685	906	359	539	933	406	523	929
"MD"	2000	2	5	24	1	237	800	1037	348	685	1066	432	621	1053
"MD"	2000	2	5	25	1	329	829	1158	456	698	1202	513	668	1181
"MD"	2000	2	5	26	1	381	774	1155	558	625	1215	603	596	1199
"MD"	2000	2	5	27	1	245	726	971	372	591	996	422	554	976
"MD"	2000	2	5	28	1	307	750	1057	449	610	1100	509	571	1080
"MD"	2000	2	6	1	1	406	681	1087	585	486	1144	706	413	1119
"MD"	2000	2	6	2	1	306	700	1006	485	526	1047	572	461	1033
"MD"	2000	2	6	3	1	581	220	801	742	111	859	741	98	839
"MD"	2000	2	6	4	1	301	450	751	402	358	785	458	309	767
"MD"	2000	2	6	5	1	396	551	947	528	447	995	570	404	974
"MD"	2000	2	6	6	1	437	374	811	543	258	840	603	225	828
"MD"	2000	2	6	7	1	351	389	740	454	306	784	487	280	767
"MD"	2000	2	6	8	1	486	718	1204	650	547	1253	730	502	1232
"MD"	2000	2	6	9	1	354	863	1217	576	652	1272	670	583	1253
"MD"	2000	2	6	10	1	264	517	781	362	434	821	430	379	809
"MD"	2000	2	6	11	1	406	552	958	534	389	1004	618	364	982
"MD"	2000	2	6	12	1	451	522	973	595	391	1022	675	329	1004
"MD"	2000	2	6	13	1	296	294	590	399	194	622	425	184	609
"MD"	2000	2	6	14	1	452	467	919	577	349	956	622	317	939
"MD"	2000	2	6	15	1	643	133	776	746	56	812	749	59	808
"MD"	2000	2	6	16	1	329	329	658	426	245	694	457	220	677
"MD"	2000	2	6	17	1	365	477	842	473	359	872	493	361	854
"MD"	2000	2	6	18	1	409	522	931	518	401	973	602	365	967
"MD"	2000	2	6	19	1	449	973	1422	597	828	1463	708	740	1448
"MD"	2000	2	6	20	1	393	719	1112	500	614	1140	584	552	1136
"MD"	2000	2	6	21	1	471	1079	1550	693	851	1632	836	760	1596
"MD"	2000	2	6	22	1	597	1270	1867	818	1071	1964	947	976	1923
"MD"	2000	2	6	23	1	382	655	1037	521	490	1070	598	459	1057
"MD"	2000	2	6	24	1	639	989	1628	862	760	1695	941	732	1673
"MD"	2000	2	6	25	1	413	1071	1484	654	807	1518	753	751	1504
"MD"	2000	2	6	26	1	319	889	1208	443	761	1244	585	634	1219
"MD"	2000	2	7	1	5	663	524	1187	505	647	1214	620	574	1194
"MD"	2000	2	7	2	5	790	609	1399	669	724	1436	765	647	1412
"MD"	2000	2	7	3	5	835	627	1462	715	742	1516	803	677	1480
"MD"	2000	2	7	4	5	725	728	1453	620	840	1510	735	753	1488
"MD"	2000	2	7	5	5	704	598	1302	570	711	1343	688	634	1322
"MD"	2000	2	7	6	5	665	630	1295	556	728	1340	643	670	1313
"MD"	2000	2	7	7	5	676	711	1387	502	874	1421	634	764	1398
"MD"	2000	2	7	8	5	559	450	1009	468	543	1048	535	483	1018
"MD"	2000	2	7	9	5	620	435	1055	550	519	1097	609	457	1066
"MD"	2000	2	7	10	5	762	681	1443	669	780	1508	726	742	1468
"MD"	2000	2	7	11	5	815	885	1700	668	1036	1747	769	956	1725
"MD"	2000	2	7	12	5	751	704	1455	581	866	1504	702	780	1482
"MD"	2000	2	7	13	5	852	834	1686	643	1041	1733	778	930	1708
"MD"	2000	2	7	14	5	720	678	1398	597	783	1427	687	724	1411
"MD"	2000	2	7	15	5	634	545	1179	534	628	1205	595	585	1180
"MD"	2000	2	7	16	5	682	613	1295	563	717	1333	662	645	1307
"MD"	2000	2	7	17	5	573	542	1115	506	608	1148	561	565	1126
"MD"	2000	2	7	18	1	390	873	1263	498	780	1318	588	711	1299
"MD"	2000	2	7	19	5	753	765	1518	602	918	1566	716	831	1547
"MD"	2000	2	7	20	5	479	463	942	419	516	963	469	482	951
"MD"	2000	2	7	21	5	696	716	1412	567	852	1440	658	760	1418
"MD"	2000	2	7	22	5	648	817	1465	472	983	1507	608	876	1484
"MD"	2000	2	7	23	1	665	1003	1668	775	914	1743	873	847	1720
"MD"	2000	2	7	24	1	369	838	1207	453	784	1264	522	716	1238
"MD"	2000	2	7	25	5	493	507	1000	401	589	1021	473	540	1013
"MD"	2000	3	1	1	3	340	60	400	350	111	489	367	89	456
"MD"	2000	3	1	2	3	471	105	576	434	159	665	486	140	626
"MD"	2000	3	1	3	3	364	122	486	304	207	538	356	159	515
"MD"	2000	3	1	4	3	228	88	316	210	127	351	227	108	335
"MD"	2000	3	1	5	3	365	130	495	333	217	574	360	182	542
"MD"	2000	3	1	6	3	832	250	1082	718	444	1243	823	364	1187
"MD"	2000	3	2	1	3	259	37	296	262	49	345	285	42	327
"MD"	2000	3	2	2	3	460	104	564	391	160	637	451	150	601
"MD"	2000	3	2	3	3	613	153	766	566	229	866	607	204	811
"MD"	2000	3	3	1	3	336	19	355	425	21	454	398	19	417
"MD"	2000	3	3	2	7	50	4	54	55	3	64	51	6	57
"MD"	2000	3	3	3	3	265	84	349	241	144	424	271	126	397
"MD"	2000	3	3	4	7	37	3	40	38	1	44	40	1	41
"MD"	2000	3	4	1	3	165	43	208	158	65	237	169	56	225
"MD"	2000	3	4	2	7	182	62	244	185	74	285	195	72	267
"MD"	2000	3	4	3	7	113	4	117	135	7	144	126	7	133
"MD"	2000	3	5	1	7	264	9	273	325	12	339	290	10	300
"MD"	2000	3	5	2	7	211	4	215	235	5	246	208	7	215
"MD"	2000	3	5	3	7	137	3	140	187	2	191	158	4	162
"MD"	2000	3	6	1	7	356	24	380	409	35	456	398	31	429
"MD"	2000	3	6	2	7	222	6	228	244	9	255	231	10	241
"MD"	2000	3	6	3	7	252	9	261	269	14	287	254	10	264
"MD"	2000	3	6	4	7	402	44	446	417	48	501	421	50	471
"MD"	2000	3	6	5	3	564	83	647	576	140	741	592	109	701
"MD"	2000	3	7	1	7	306	4	310	336	9	346	314	8	322
"MD"	2000	3	7	2	7	334	6	340	368	6	376	339	6	345
"MD"	2000	3	7	3	7	476	17	493	531	18	557	495	21	516
"MD"	2000	3	7	4	7	360	2	362	430	7	437	376	7	383
"MD"	2000	3	7	5	7	372	24	396	434	33	474	414	24	438
"MD"	2000	3	7	6	7	166	7	173	202	17	222	181	16	197
"MD"	2000	3	8	1	3	453	95	548	399	163	609	444	146	590
"MD"	2000	3	8	2	3	379	55	434	421	95	537	424	76	500
"MD"	2000	3	8	3	7	238	17	255	269	27	298	251	22	273
"MD"	2000	3	8	4	7	212	4	216	244	5	250	226	5	231
"MD"	2000	3	8	5	7	455	8	463	533	8	544	509	8	517
"MD"	2000	3	8	6	7	378	3	381	405	5	412	389	6	395
"MD"	2000	3	8	7	7	796	10	806	880	14	897	828	16	844
"MD"	2000	3	8	8	7	223	1	224	250	4	255	227	4	231
"MD"	2000	3	8	9	7	313	3	316	367	5	373	336	4	340
"MD"	2000	3	8	10	7	498	2	500	563	9	575	529	6	535
"MD"	2000	3	8	11	7	1527	10	1537	1741	26	1777	1627	24	1651
"MD"	2000	3	8	12	7	250	1	251	297	4	301	270	3	273
"MD"	2000	3	8	13	7	404	5	409	469	11	481	429	11	440
"MD"	2000	3	9	1	7	251	14	265	266	20	292	256	20	276
"MD"	2000	3	9	2	7	319	20	339	359	33	397	333	32	365
"MD"	2000	3	9	3	7	575	25	600	594	36	654	603	32	635
"MD"	2000	3	9	4	7	679	53	732	708	62	802	719	55	774
"MD"	2000	3	9	5	7	789	40	829	812	63	898	814	64	878
"MD"	2000	3	9	6	7	960	44	1004	1014	64	1103	1011	59	1070
"MD"	2000	3	9	7	7	134	12	146	132	13	169	146	13	159
"MD"	2000	3	9	8	7	653	5	658	726	7	738	701	4	705
"MD"	2000	3	9	9	7	553	10	563	630	11	643	584	5	589
"MD"	2000	3	9	10	7	328	19	347	360	29	394	343	24	367
"MD"	2000	3	9	11	7	395	16	411	440	17	478	429	16	445
"MD"	2000	3	9	12	7	93	0	93	107	1	110	97	1	98
"MD"	2000	3	9	13	7	648	7	655	723	19	746	683	11	694
"MD"	2000	3	9	14	7	431	2	433	463	5	469	447	4	451
"MD"	2000	3	9	15	7	634	8	642	701	16	719	671	14	685
"MD"	2000	3	9	16	7	537	8	545	596	15	613	544	12	556
"MD"	2000	3	9	17	7	153	1	154	169	2	174	159	1	160
"MD"	2000	3	10	1	7	452	3	455	483	8	491	466	5	471
"MD"	2000	3	10	2	7	534	6	540	600	13	616	552	13	565
"MD"	2000	3	10	3	7	142	3	145	159	1	160	146	4	150
"MD"	2000	3	10	4	7	267	1	268	306	8	320	272	4	276
"MD"	2000	3	11	1	7	399	77	476	380	80	525	421	78	499
"MD"	2000	3	11	2	7	149	9	158	161	17	185	160	16	176
"MD"	2000	3	11	3	7	507	84	591	520	78	651	552	74	626
"MD"	2000	3	11	4	7	317	5	322	344	7	362	312	8	320
"MD"	2000	3	11	5	7	175	29	204	185	20	234	194	28	222
"MD"	2000	3	11	6	7	511	99	610	547	111	712	555	102	657
"MD"	2000	3	11	7	7	436	47	483	432	46	549	473	54	527
"MD"	2000	3	12	1	7	675	250	925	687	322	1075	749	294	1043
"MD"	2000	3	12	2	7	670	225	895	664	248	993	746	225	971
"MD"	2000	3	12	3	7	201	63	264	185	64	301	225	60	285
"MD"	2000	3	12	4	7	493	120	613	460	138	687	532	122	654
"MD"	2000	3	12	5	7	532	87	619	447	82	670	570	80	650
"MD"	2000	3	12	6	7	354	62	416	287	50	451	366	59	425
"MD"	2000	3	12	7	7	504	17	521	549	21	595	527	26	553
"MD"	2000	3	12	8	7	527	51	578	446	54	627	534	61	595
"MD"	2000	3	12	9	7	193	30	223	205	42	267	212	36	248
"MD"	2000	3	12	10	7	155	35	190	170	49	233	171	46	217
"MD"	2000	3	12	11	7	466	26	492	516	21	558	493	29	522
"MD"	2000	3	12	12	7	317	13	330	366	16	393	313	13	326
"MD"	2000	3	12	13	7	290	9	299	314	9	338	303	10	313
"MD"	2000	3	13	1	7	596	201	797	589	241	921	668	217	885
"MD"	2000	3	13	2	3	425	79	504	408	161	604	435	137	572
"MD"	2000	3	13	3	3	478	144	622	393	286	734	482	219	701
"MD"	2000	3	13	4	3	346	107	453	268	217	523	335	176	511
"MD"	2000	3	13	5	3	143	42	185	117	70	213	147	55	202
"MD"	2000	3	13	6	7	274	2	276	308	5	317	294	4	298
"MD"	2000	3	13	7	7	578	9	587	631	14	656	593	15	608
"MD"	2000	3	13	8	7	588	17	605	614	22	653	599	24	623
"MD"	2000	3	13	9	7	368	4	372	419	3	427	386	9	395
"MD"	2000	3	13	10	7	160	3	163	192	8	204	172	7	179
"MD"	2000	3	13	11	7	597	24	621	648	32	698	623	30	653
"MD"	2000	3	13	12	7	502	177	679	496	217	808	581	193	774
"MD"	2000	3	13	13	7	257	93	350	273	115	434	288	114	402
"MD"	2000	3	14	1	7	285	40	325	286	48	377	311	42	353
"MD"	2000	3	14	2	7	595	70	665	608	77	745	634	71	705
"MD"	2000	3	14	3	7	335	6	341	359	13	376	348	9	357
"MD"	2000	3	14	4	7	759	22	781	804	26	855	762	34	796
"MD"	2000	3	14	5	7	181	4	185	205	8	213	193	4	197
"MD"	2000	3	15	1	7	347	4	351	382	8	393	360	9	369
"MD"	2000	3	15	2	7	604	3	607	692	5	701	645	5	650
"MD"	2000	3	15	3	7	859	13	872	956	30	995	906	23	929
"MD"	2000	3	15	4	7	358	4	362	379	8	391	369	10	379
"MD"	2000	3	15	5	7	359	3	362	395	12	411	368	10	378
"MD"	2000	3	15	6	7	773	10	783	822	25	856	784	18	802
"MD"	2000	3	15	7	7	413	6	419	440	11	452	426	11	437
"MD"	2000	3	15	8	7	363	4	367	389	9	399	373	5	378
"MD"	2000	3	15	9	7	705	9	714	727	22	760	724	19	743
"MD"	2000	3	15	10	7	889	10	899	952	16	972	905	19	924
"MD"	2000	3	15	11	7	656	6	662	711	17	737	681	18	699
"MD"	2000	3	15	12	7	260	5	265	276	7	287	261	9	270
"MD"	2000	3	15	13	7	463	5	468	497	20	525	489	11	500
"MD"	2000	3	15	14	7	627	12	639	662	16	683	636	18	654
"MD"	2000	3	15	15	7	115	2	117	131	1	133	122	1	123
"MD"	2000	3	15	16	7	320	3	323	344	4	351	325	4	329
"MD"	2000	3	15	17	7	609	6	615	661	9	676	614	11	625
"MD"	2000	3	15	18	7	345	2	347	412	5	418	364	11	375
"MD"	2000	3	15	19	7	512	5	517	548	11	560	507	9	516
"MD"	2000	3	15	20	7	797	12	809	870	18	895	834	18	852
"MD"	2000	3	15	21	7	332	5	337	377	5	383	354	3	357
"MD"	2000	3	15	22	7	365	3	368	403	11	417	384	6	390
"MD"	2000	3	15	23	7	186	0	186	204	3	208	192	1	193
"MD"	2000	3	15	24	7	377	3	380	405	4	411	375	10	385
"MD"	2000	3	15	25	7	619	9	628	643	17	664	614	19	633
"MD"	2000	3	15	26	7	429	5	434	470	11	482	442	8	450
"MD"	2000	3	15	27	7	232	0	232	269	5	275	258	2	260
"MD"	2000	3	15	28	7	308	3	311	364	1	365	304	10	314
"MD"	2000	3	15	29	7	682	3	685	756	16	775	721	10	731
"MD"	2000	3	15	30	7	769	8	777	853	13	874	794	17	811
"MD"	2000	3	15	31	7	327	4	331	348	4	356	332	8	340
"MD"	2000	3	16	1	7	304	6	310	340	7	350	322	7	329
"MD"	2000	3	16	2	7	555	9	564	628	11	645	584	11	595
"MD"	2000	3	16	3	7	316	6	322	358	11	371	330	10	340
"MD"	2000	3	16	4	7	340	7	347	373	9	390	352	10	362
"MD"	2000	3	16	5	7	618	6	624	692	15	712	656	11	667
"MD"	2000	3	16	6	7	819	14	833	920	17	946	861	24	885
"MD"	2000	3	16	7	7	432	8	440	479	10	495	454	8	462
"MD"	2000	3	16	8	7	644	9	653	716	17	735	667	20	687
"MD"	2000	3	16	9	7	684	2	686	800	11	816	734	9	743
"MD"	2000	3	16	10	7	420	4	424	485	10	497	465	7	472
"MD"	2000	3	16	11	7	311	1	312	349	3	354	326	6	332
"MD"	2000	3	16	12	7	754	4	758	869	15	886	779	13	792
"MD"	2000	3	16	13	7	781	3	784	871	10	883	814	9	823
"MD"	2000	3	16	14	7	1469	18	1487	1624	30	1663	1527	25	1552
"MD"	2000	3	17	1	7	571	14	585	613	24	654	584	24	608
"MD"	2000	3	17	2	7	304	6	310	327	8	338	310	5	315
"MD"	2000	3	18	1	7	386	2	388	418	6	429	399	7	406
"MD"	2000	3	18	2	7	487	46	533	515	59	607	507	47	554
"MD"	2000	3	19	1	7	446	6	452	507	11	522	464	8	472
"MD"	2000	3	19	2	7	324	51	375	354	68	447	359	52	411
"MD"	2000	3	19	3	7	186	36	222	217	45	274	222	41	263
"MD"	2000	3	20	1	7	443	3	446	501	8	512	457	12	469
"MD"	2000	3	20	2	7	205	8	213	232	9	241	211	13	224
"MD"	2000	3	20	3	7	102	1	103	115	1	118	108	1	109
"MD"	2000	3	20	4	7	574	5	579	697	9	711	625	11	636
"MD"	2000	3	20	5	7	330	3	333	381	5	392	350	4	354
"MD"	2000	3	20	6	7	114	2	116	132	2	135	116	2	118
"MD"	2000	3	20	7	7	478	7	485	534	13	553	510	14	524
"MD"	2000	3	20	8	7	1471	15	1486	1659	20	1688	1567	26	1593
"MD"	2000	3	20	9	7	947	37	984	1031	61	1103	982	57	1039
"MD"	2000	3	20	10	7	203	20	223	212	33	253	203	28	231
"MD"	2000	3	20	11	7	101	52	153	111	72	187	117	55	172
"MD"	2000	3	20	12	7	85	32	117	107	44	154	105	34	139
"MD"	2000	3	20	13	7	256	75	331	326	104	441	326	85	411
"MD"	2000	3	21	1	3	255	58	313	233	72	338	255	75	330
"MD"	2000	3	21	2	3	493	41	534	528	50	610	522	53	575
"MD"	2000	3	21	3	3	328	64	392	383	114	507	376	96	472
"MD"	2000	3	22	1	3	372	107	479	369	174	560	375	156	531
"MD"	2000	3	22	2	3	518	206	724	456	291	788	491	280	771
"MD"	2000	3	23	1	3	371	142	513	321	219	574	349	196	545
"MD"	2000	3	23	2	3	203	33	236	227	52	293	224	47	271
"MD"	2000	3	23	3	3	354	92	446	308	180	519	355	140	495
"MD"	2000	3	24	1	3	254	96	350	232	127	379	242	121	363
"MD"	2000	3	24	2	3	241	99	340	201	147	379	232	133	365
"MD"	2000	3	24	3	3	400	170	570	335	268	643	377	235	612
"MD"	2000	3	24	4	3	636	178	814	543	334	933	619	274	893
"MD"	2000	3	24	5	3	591	181	772	493	362	886	567	289	856
"MD"	2000	3	25	1	7	919	68	987	971	98	1087	959	80	1039
"MD"	2000	3	25	2	7	608	41	649	628	66	709	616	60	676
"MD"	2000	3	25	3	7	89	3	92	99	4	104	98	3	101
"MD"	2000	3	25	4	3	599	201	800	509	389	933	572	319	891
"MD"	2000	3	25	5	3	541	184	725	489	343	865	548	272	820
"MD"	2000	3	25	6	3	459	21	480	563	23	590	526	20	546
"MD"	2000	3	25	7	3	525	91	616	579	129	721	571	116	687
"MD"	2000	3	25	8	3	83	7	90	105	16	121	93	16	109
"MD"	2000	3	25	9	3	379	5	384	429	3	433	415	3	418
"MD"	2000	3	25	10	3	742	13	755	891	18	912	833	15	848
"MD"	2000	3	25	11	3	396	7	403	476	12	490	445	10	455
"MD"	2000	3	25	12	1	98	131	229	163	103	278	158	107	265
"MD"	2000	3	25	13	1	187	199	386	273	168	467	288	168	456
"MD"	2000	3	25	14	1	104	90	194	149	76	243	149	72	221
"MD"	2000	3	25	15	1	135	64	199	188	56	248	186	47	233
"MD"	2000	3	25	16	1	161	94	255	246	76	331	245	67	312
"MD"	2000	3	25	17	1	180	147	327	256	129	401	270	110	380
"MD"	2000	3	25	18	1	5	4	9	9	2	11	10	1	11
"MD"	2000	3	26	1	3	113	20	133	97	54	155	114	37	151
"MD"	2000	3	26	2	3	483	60	543	520	129	653	511	99	610
"MD"	2000	3	26	3	3	366	122	488	335	234	587	366	195	561
"MD"	2000	3	26	4	3	371	96	467	309	225	547	340	174	514
"MD"	2000	3	26	5	3	171	50	221	151	99	259	162	84	246
"MD"	2000	3	26	6	3	311	66	377	331	108	456	351	87	438
"MD"	2000	3	26	7	3	198	32	230	204	80	293	219	51	270
"MD"	2000	3	26	8	3	157	46	203	161	61	231	164	60	224
"MD"	2000	3	26	9	3	292	86	378	246	158	421	274	127	401
"MD"	2000	3	26	10	3	421	127	548	389	223	644	429	188	617
"MD"	2000	3	26	11	3	573	139	712	554	241	823	581	202	783
"MD"	2000	3	26	12	3	292	56	348	272	117	402	300	81	381
"MD"	2000	3	26	13	3	155	13	168	166	32	200	163	25	188
"MD"	2000	3	26	14	3	255	71	326	243	125	386	263	107	370
"MD"	2000	3	26	15	7	101	3	104	119	8	127	111	6	117
"MD"	2000	3	26	16	3	214	41	255	215	105	330	209	93	302
"MD"	2000	3	26	17	3	12	0	12	15	0	16	14	0	14
"MD"	2000	3	26	18	3	311	18	329	382	31	414	359	24	383
"MD"	2000	3	26	19	7	441	13	454	484	23	509	462	22	484
"MD"	2000	3	26	20	7	71	5	76	88	11	100	78	10	88
"MD"	2000	3	26	21	7	419	23	442	460	52	515	452	35	487
"MD"	2000	3	26	22	7	757	45	802	826	54	898	800	55	855
"MD"	2000	3	26	23	7	653	57	710	703	92	806	703	71	774
"MD"	2000	3	26	24	7	237	28	265	244	40	293	245	31	276
"MD"	2000	3	26	25	7	514	30	544	560	52	617	552	33	585
"MD"	2000	3	26	26	3	236	8	244	252	22	282	251	13	264
"MD"	2000	3	26	27	3	483	47	530	493	88	599	516	68	584
"MD"	2000	3	26	28	3	236	23	259	244	39	292	245	38	283
"MD"	2000	3	26	29	7	332	28	360	367	40	415	355	33	388
"MD"	2000	3	26	30	7	449	29	478	505	39	549	479	36	515
"MD"	2000	3	26	31	3	368	45	413	390	73	477	392	69	461
"MD"	2000	3	26	32	3	269	72	341	264	118	394	276	103	379
"MD"	2000	3	26	33	3	192	65	257	190	103	302	198	93	291
"MD"	2000	3	26	34	3	407	64	471	404	132	552	418	117	535
"MD"	2000	3	26	35	3	1312	113	1425	1408	231	1663	1408	193	1601
"MD"	2000	3	26	36	3	314	86	400	292	138	444	311	126	437
"MD"	2000	3	26	37	3	186	96	282	153	151	319	161	149	310
"MD"	2000	3	27	1	3	194	44	238	190	58	271	200	57	257
"MD"	2000	3	27	2	3	251	62	313	219	91	346	251	83	334
"MD"	2000	3	27	3	3	228	55	283	219	83	324	230	78	308
"MD"	2000	3	27	4	3	474	130	604	449	206	685	464	194	658
"MD"	2000	3	27	5	3	173	67	240	153	105	274	162	100	262
"MD"	2000	3	27	6	3	477	151	628	409	245	696	456	218	674
"MD"	2000	3	27	7	3	1002	214	1216	970	347	1369	1002	332	1334
"MD"	2000	3	27	8	3	294	82	376	261	146	427	288	121	409
"MD"	2000	3	27	9	3	728	250	978	618	435	1099	663	397	1060
"MD"	2000	3	27	10	3	209	83	292	189	129	332	202	116	318
"MD"	2000	3	27	11	3	386	193	579	305	325	661	345	300	645
"MD"	2000	3	27	12	3	554	228	782	450	410	901	534	342	876
"MD"	2000	3	27	13	3	204	120	324	169	196	373	181	177	358
"MD"	2000	3	27	14	3	132	77	209	101	139	248	119	119	238
"MD"	2000	3	27	15	3	152	66	218	117	116	241	138	97	235
"MD"	2000	3	27	16	3	857	201	1058	847	324	1203	886	274	1160
"MD"	2000	3	27	17	3	732	271	1003	631	425	1124	665	411	1076
"MD"	2000	3	27	18	3	718	76	794	758	140	918	757	129	886
"MD"	2000	3	27	19	3	213	51	264	208	77	308	221	77	298
"MD"	2000	3	27	20	7	455	94	549	456	130	622	477	118	595
"MD"	2000	3	27	21	7	732	97	829	720	121	924	773	123	896
"MD"	2000	3	27	22	3	265	14	279	288	41	331	289	26	315
"MD"	2000	3	27	23	3	169	14	183	201	38	247	207	32	239
"MD"	2000	3	27	24	7	1051	54	1105	1101	95	1213	1098	82	1180
"MD"	2000	3	27	25	7	1882	74	1956	2003	122	2146	1943	94	2037
"MD"	2000	3	27	26	7	243	3	246	258	6	266	245	8	253
"MD"	2000	3	27	27	7	357	24	381	389	30	423	374	29	403
"MD"	2000	3	27	28	7	419	41	460	437	50	512	450	48	498
"MD"	2000	3	27	29	7	809	12	821	881	28	915	845	20	865
"MD"	2000	3	27	30	7	1257	25	1282	1345	52	1409	1311	38	1349
"MD"	2000	3	27	31	7	442	26	468	468	34	509	461	29	490
"MD"	2000	3	27	32	7	712	36	748	791	62	858	766	51	817
"MD"	2000	3	27	33	3	865	99	964	880	176	1078	879	160	1039
"MD"	2000	3	27	34	3	451	74	525	396	128	582	445	123	568
"MD"	2000	3	27	35	3	380	54	434	374	87	481	386	78	464
"MD"	2000	3	27	36	3	252	9	261	279	17	298	277	16	293
"MD"	2000	3	27	37	3	996	88	1084	1057	137	1243	1082	118	1200
"MD"	2000	3	27	38	7	624	15	639	712	28	751	674	24	698
"MD"	2000	3	27	39	7	1278	19	1297	1432	30	1474	1360	23	1383
"MD"	2000	3	27	40	7	444	4	448	469	12	490	458	6	464
"MD"	2000	3	27	41	3	317	79	396	260	146	433	304	119	423
"MD"	2000	3	27	42	3	567	76	643	526	132	729	576	118	694
"MD"	2000	3	27	43	3	363	122	485	271	206	515	340	168	508
"MD"	2000	3	27	44	3	648	232	880	488	405	943	569	347	916
"MD"	2000	3	27	45	3	400	122	522	316	220	571	373	180	553
"MD"	2000	3	27	46	3	390	123	513	313	212	566	373	175	548
"MD"	2000	3	27	47	3	679	227	906	539	383	994	620	340	960
"MD"	2000	3	27	48	3	422	72	494	393	119	535	403	118	521
"MD"	2000	3	27	49	3	597	145	742	477	236	785	586	189	775
"MD"	2000	3	27	50	3	859	185	1044	697	317	1135	819	284	1103
"MD"	2000	3	27	51	3	420	104	524	345	185	568	404	152	556
"MD"	2000	3	27	52	3	383	83	466	329	157	519	384	122	506
"MD"	2000	3	27	53	3	357	15	372	404	24	444	393	21	414
"MD"	2000	3	27	54	3	444	58	502	406	93	530	426	90	516
"MD"	2000	3	27	55	3	980	107	1087	904	158	1148	946	171	1117
"MD"	2000	3	27	56	3	639	53	692	609	87	745	637	86	723
"MD"	2000	3	27	57	3	100	2	102	116	4	122	107	6	113
"MD"	2000	3	27	58	7	1140	11	1151	1260	29	1295	1204	20	1224
"MD"	2000	3	27	59	7	657	6	663	704	10	721	682	8	690
"MD"	2000	3	27	60	7	216	1	217	260	7	268	240	2	242
"MD"	2000	3	27	61	7	379	4	383	421	6	428	384	8	392
"MD"	2000	3	27	62	7	442	6	448	492	12	508	476	10	486
"MD"	2000	3	27	63	7	292	1	293	324	5	330	296	4	300
"MD"	2000	3	27	64	3	654	16	670	777	28	810	727	35	762
"MD"	2000	3	27	65	7	861	13	874	999	15	1021	936	18	954
"MD"	2000	3	27	66	3	685	21	706	766	64	835	747	50	797
"MD"	2000	3	27	67	3	679	71	750	647	169	833	638	165	803
"MD"	2000	3	27	68	3	868	112	980	790	223	1058	780	249	1029
"MD"	2000	3	27	69	3	1444	114	1558	1406	295	1725	1338	302	1640
"MD"	2000	3	27	70	3	1020	66	1086	994	206	1213	972	178	1150
"MD"	2000	3	27	71	3	883	59	942	854	190	1058	822	180	1002
"MD"	2000	3	27	72	3	1066	107	1173	947	267	1243	965	239	1204
"MD"	2000	3	28	1	3	519	21	540	580	40	628	561	42	603
"MD"	2000	3	28	2	7	495	8	503	524	17	545	503	20	523
"MD"	2000	3	28	3	7	363	9	372	390	16	408	378	15	393
"MD"	2000	3	28	4	7	832	9	841	912	26	942	871	18	889
"MD"	2000	3	28	5	7	535	10	545	592	20	615	556	18	574
"MD"	2000	3	28	6	7	218	4	222	248	5	254	237	6	243
"MD"	2000	3	28	7	7	309	5	314	342	10	356	323	12	335
"MD"	2000	3	28	8	7	622	11	633	689	18	709	660	12	672
"MD"	2000	3	28	9	7	792	11	803	842	17	868	802	25	827
"MD"	2000	3	28	10	7	612	18	630	679	18	716	658	16	674
"MD"	2000	3	28	11	7	735	43	778	790	54	870	765	57	822
"MD"	2000	3	28	12	7	947	77	1024	998	113	1134	987	100	1087
"MD"	2000	3	28	13	7	1065	42	1107	1104	62	1184	1090	57	1147
"MD"	2000	3	28	14	7	384	1	385	412	5	420	396	5	401
"MD"	2000	3	28	15	7	488	17	505	531	21	556	510	20	530
"MD"	2000	3	28	16	7	213	19	232	219	28	250	220	25	245
"MD"	2000	3	28	17	7	423	136	559	421	154	605	435	151	586
"MD"	2000	3	28	18	7	511	154	665	535	189	748	529	182	711
"MD"	2000	4	1	1	7	1456	280	1736	1422	308	1789	1477	294	1771
"MD"	2000	4	1	2	7	1989	447	2436	1946	510	2526	2008	478	2486
"MD"	2000	4	1	3	7	1305	646	1951	1221	719	2022	1331	667	1998
"MD"	2000	4	1	4	7	1013	639	1652	960	709	1732	1047	666	1713
"MD"	2000	4	1	5	7	1147	568	1715	1094	648	1796	1189	576	1765
"MD"	2000	4	1	6	7	1249	432	1681	1217	467	1735	1279	448	1727
"MD"	2000	4	1	7	7	547	385	932	514	413	970	557	399	956
"MD"	2000	4	1	8	7	1154	887	2041	1019	1004	2151	1196	913	2109
"MD"	2000	4	1	9	7	1168	408	1576	1104	452	1612	1163	438	1601
"MD"	2000	4	1	10	7	992	805	1797	882	866	1861	1017	818	1835
"MD"	2000	4	1	11	7	683	805	1488	658	850	1571	740	803	1543
"MD"	2000	4	1	12	7	924	1028	1952	813	1157	2075	939	1093	2032
"MD"	2000	4	1	13	7	804	866	1670	694	939	1748	809	905	1714
"MD"	2000	4	1	14	7	983	1066	2049	907	1146	2148	1010	1097	2107
"MD"	2000	4	1	15	7	550	501	1051	519	537	1098	588	499	1087
"MD"	2000	4	1	16	7	764	691	1455	744	814	1618	838	760	1598
"MD"	2000	4	2	1	7	881	64	945	875	73	963	878	75	953
"MD"	2000	4	2	2	7	1681	80	1761	1671	98	1785	1675	94	1769
"MD"	2000	4	2	3	7	1056	192	1248	1044	213	1271	1069	192	1261
"MD"	2000	4	2	4	7	1759	92	1851	1731	130	1888	1738	120	1858
"MD"	2000	4	2	5	7	971	31	1002	965	51	1023	967	43	1010
"MD"	2000	4	2	6	7	1666	125	1791	1644	168	1835	1652	156	1808
"MD"	2000	4	2	7	3	1484	84	1568	1463	139	1628	1466	137	1603
"MD"	2000	4	2	8	3	2231	137	2368	2160	243	2438	2167	251	2418
"MD"	2000	4	2	9	7	751	103	854	757	108	883	745	122	867
"MD"	2000	4	2	10	7	1437	161	1598	1428	199	1647	1437	196	1633
"MD"	2000	4	2	11	7	1343	283	1626	1329	308	1679	1350	306	1656
"MD"	2000	4	2	12	7	1698	274	1972	1666	322	2026	1692	317	2009
"MD"	2000	4	2	13	3	1691	172	1863	1637	273	1936	1630	282	1912
"MD"	2000	4	2	14	3	1204	106	1310	1174	167	1351	1198	141	1339
"MD"	2000	4	2	15	3	2957	786	3743	2742	1036	3883	2853	977	3830
"MD"	2000	4	2	16	3	712	86	798	675	137	822	668	137	805
"MD"	2000	4	2	17	3	1250	137	1387	1223	188	1434	1229	194	1423
"MD"	2000	4	2	18	7	1901	243	2144	1876	294	2209	1900	276	2176
"MD"	2000	4	2	19	7	192	290	482	179	312	523	201	315	516
"MD"	2000	4	2	20	7	275	134	409	256	166	432	282	147	429
"MD"	2000	4	2	21	7	232	331	563	235	343	600	239	347	586
"MD"	2000	4	3	1	7	2172	166	2338	2154	228	2407	2174	212	2386
"MD"	2000	4	3	2	3	1250	92	1342	1226	163	1410	1192	187	1379
"MD"	2000	4	3	3	3	1016	91	1107	973	137	1133	990	138	1128
"MD"	2000	4	3	4	3	848	194	1042	757	274	1067	774	280	1054
"MD"	2000	4	3	5	3	1669	204	1873	1530	350	1919	1524	372	1896
"MD"	2000	4	3	6	3	1483	140	1623	1310	319	1660	1280	365	1645
"MD"	2000	4	3	7	3	1876	189	2065	1674	399	2104	1605	458	2063
"MD"	2000	4	3	8	3	1293	200	1493	1114	382	1537	1128	386	1514
"MD"	2000	4	3	9	3	2170	290	2460	1906	569	2546	1911	582	2493
"MD"	2000	4	3	10	3	2097	217	2314	1793	520	2363	1770	563	2333
"MD"	2000	4	3	11	3	2110	353	2463	1759	715	2525	1855	633	2488
"MD"	2000	4	3	12	3	1017	270	1287	920	385	1338	957	353	1310
"MD"	2000	4	3	13	3	1097	316	1413	869	533	1450	882	544	1426
"MD"	2000	4	4	1	3	2167	912	3079	1840	1276	3221	1955	1199	3154
"MD"	2000	4	4	2	3	1847	550	2397	1648	772	2498	1695	752	2447
"MD"	2000	4	4	3	3	1714	330	2044	1423	602	2085	1466	600	2066
"MD"	2000	4	4	4	3	1909	704	2613	1512	1091	2679	1623	1032	2655
"MD"	2000	4	4	5	3	1273	486	1759	1051	735	1829	1099	698	1797
"MD"	2000	4	4	6	3	1039	437	1476	833	670	1555	942	584	1526
"MD"	2000	4	4	7	7	1217	983	2200	1227	1024	2351	1308	999	2307
"MD"	2000	4	4	8	3	1424	775	2199	1076	1158	2304	1191	1072	2263
"MD"	2000	4	4	9	2	252	693	945	340	631	1007	362	619	981
"MD"	2000	4	5	1	2	418	1578	1996	595	1396	2063	751	1263	2014
"MD"	2000	4	6	1	2	491	1731	2222	638	1565	2306	794	1465	2259
"MD"	2000	4	7	1	2	381	1236	1617	519	1075	1665	643	995	1638
"MD"	2000	4	7	2	2	144	400	544	177	357	565	235	317	552
"MD"	2000	4	7	3	2	334	1108	1442	456	971	1489	579	877	1456
"MD"	2000	4	8	1	2	577	1637	2214	826	1358	2291	969	1267	2236
"MD"	2000	4	8	2	2	638	2366	3004	934	2067	3104	1184	1842	3026
"MD"	2000	4	8	3	2	586	1474	2060	848	1201	2145	973	1117	2090
"MD"	2000	4	8	4	2	398	1328	1726	576	1152	1786	708	1042	1750
"MD"	2000	4	8	5	2	569	816	1385	707	668	1446	814	594	1408
"MD"	2000	4	8	6	2	371	498	869	461	412	915	491	390	881
"MD"	2000	4	8	7	2	330	684	1014	476	544	1057	550	482	1032
"MD"	2000	4	8	8	2	385	808	1193	599	621	1255	670	560	1230
"MD"	2000	4	8	9	2	368	1227	1595	530	1036	1631	668	934	1602
"MD"	2000	4	8	10	2	347	1294	1641	544	1100	1686	654	1004	1658
"MD"	2000	4	8	11	2	434	853	1287	583	696	1340	670	642	1312
"MD"	2000	4	8	12	2	361	1175	1536	534	990	1597	669	893	1562
"MD"	2000	4	8	13	2	458	1342	1800	677	1116	1869	814	1021	1835
"MD"	2000	4	8	14	2	376	877	1253	526	719	1294	616	652	1268
"MD"	2000	4	8	15	2	295	906	1201	430	750	1242	529	691	1220
"MD"	2000	4	8	16	2	101	280	381	135	230	389	177	209	386
"MD"	2000	4	8	17	2	424	1304	1728	616	1077	1779	790	966	1756
"MD"	2000	4	8	18	2	134	506	640	224	408	659	273	376	649
"MD"	2000	4	8	19	2	328	1203	1531	520	1019	1582	627	916	1543
"MD"	2000	4	8	20	2	263	790	1053	387	669	1080	461	596	1057
"MD"	2000	4	9	1	3	1024	662	1686	641	1029	1755	829	878	1707
"MD"	2000	4	9	2	2	266	894	1160	392	749	1201	486	678	1164
"MD"	2000	4	9	3	2	598	925	1523	746	723	1582	905	638	1543
"MD"	2000	4	9	4	2	718	1330	2048	942	1059	2135	1141	947	2088
"MD"	2000	4	9	5	2	587	1346	1933	782	1150	2028	929	1042	1971
"MD"	2000	4	9	6	2	592	1044	1636	757	851	1710	903	767	1670
"MD"	2000	4	9	7	2	389	1069	1458	556	898	1503	667	801	1468
"MD"	2000	4	9	8	2	285	853	1138	374	735	1177	471	677	1148
"MD"	2000	4	9	9	2	480	1397	1877	708	1181	1961	846	1073	1919
"MD"	2000	4	9	10	2	649	1212	1861	880	980	1939	1015	885	1900
"MD"	2000	4	9	11	2	596	794	1390	747	648	1471	836	588	1424
"MD"	2000	4	9	12	3	748	388	1136	535	587	1195	642	526	1168
"MD"	2000	4	9	13	3	1081	522	1603	732	844	1660	882	754	1636
"MD"	2000	4	9	14	3	1009	384	1393	730	637	1458	899	534	1433
"MD"	2000	4	9	15	2	686	811	1497	861	619	1564	969	562	1531
"MD"	2000	4	9	16	2	202	515	717	307	390	736	342	382	724
"MD"	2000	4	9	17	2	305	544	849	432	410	888	493	368	861
"MD"	2000	4	9	18	2	405	889	1294	602	702	1354	682	652	1334
"MD"	2000	4	9	19	3	846	484	1330	618	714	1404	734	640	1374
"MD"	2000	4	9	20	3	1895	339	2234	1763	506	2327	1836	463	2299
"MD"	2000	4	9	21	3	1301	806	2107	947	1198	2225	1061	1122	2183
"MD"	2000	4	9	22	3	1181	648	1829	859	1033	1952	971	945	1916
"MD"	2000	4	9	23	2	541	1138	1679	780	914	1757	887	821	1708
"MD"	2000	4	9	24	2	472	1104	1576	680	901	1644	807	799	1606
"MD"	2000	4	9	25	2	559	1266	1825	801	1027	1897	924	942	1866
"MD"	2000	4	10	1	2	430	1463	1893	586	1275	1946	717	1186	1903
"MD"	2000	4	10	2	2	201	901	1102	321	773	1136	413	701	1114
"MD"	2000	4	10	3	2	174	718	892	260	627	919	322	574	896
"MD"	2000	4	10	4	2	225	1040	1265	338	911	1295	423	854	1277
"MD"	2000	4	10	5	2	45	199	244	59	181	249	80	161	241
"MD"	2000	4	11	1	2	395	1337	1732	534	1158	1784	660	1086	1746
"MD"	2000	4	11	2	2	418	1602	2020	614	1399	2081	712	1334	2046
"MD"	2000	4	11	3	2	527	1890	2417	755	1678	2513	882	1568	2450
"MD"	2000	4	11	4	2	228	594	822	326	513	867	370	461	831
"MD"	2000	4	11	5	2	298	1025	1323	478	875	1380	591	766	1357
"MD"	2000	4	11	6	2	314	889	1203	487	734	1261	585	646	1231
"MD"	2000	4	11	7	2	367	928	1295	544	766	1359	674	653	1327
"MD"	2000	4	11	8	2	416	1082	1498	592	936	1572	657	871	1528
"MD"	2000	4	11	9	2	457	1078	1535	669	881	1597	786	779	1565
"MD"	2000	4	11	10	3	972	570	1542	723	861	1632	805	790	1595
"MD"	2000	4	11	11	3	1117	673	1790	833	1003	1883	958	878	1836
"MD"	2000	4	11	12	2	600	1490	2090	895	1229	2173	1009	1109	2118
"MD"	2000	4	11	13	3	1311	741	2052	977	1116	2157	1116	1006	2122
"MD"	2000	4	11	14	2	426	1187	1613	641	980	1682	754	878	1632
"MD"	2000	4	11	15	2	453	969	1422	653	842	1536	763	731	1494
"MD"	2000	4	11	16	2	322	534	856	442	424	897	503	376	879
"MD"	2000	4	11	17	2	491	1364	1855	809	1055	1938	941	967	1908
"MD"	2000	4	11	18	2	274	725	999	412	598	1039	484	531	1015
"MD"	2000	4	12	1	2	434	697	1131	629	537	1197	700	464	1164
"MD"	2000	4	12	2	2	476	678	1154	650	554	1232	685	511	1196
"MD"	2000	4	12	3	2	678	915	1593	888	714	1658	959	675	1634
"MD"	2000	4	12	4	2	746	1026	1772	1038	762	1852	1121	691	1812
"MD"	2000	4	12	5	2	577	791	1368	785	617	1436	877	524	1401
"MD"	2000	4	12	6	2	498	525	1023	615	416	1073	670	381	1051
"MD"	2000	4	12	7	2	712	1044	1756	1000	786	1838	1102	701	1803
"MD"	2000	4	12	8	2	446	601	1047	592	473	1093	642	421	1063
"MD"	2000	4	12	9	2	213	255	468	265	203	489	287	195	482
"MD"	2000	4	12	10	2	502	686	1188	701	501	1247	752	466	1218
"MD"	2000	4	12	11	2	592	842	1434	801	652	1507	857	611	1468
"MD"	2000	4	12	12	2	421	594	1015	608	451	1080	634	424	1058
"MD"	2000	4	12	13	2	707	76	783	884	25	913	878	15	893
"MD"	2000	4	13	1	3	789	327	1116	637	467	1164	729	427	1156
"MD"	2000	4	13	2	3	763	435	1198	539	685	1270	640	606	1246
"MD"	2000	4	13	3	3	957	554	1511	702	828	1593	820	750	1570
"MD"	2000	4	13	4	3	916	629	1545	675	887	1630	759	838	1597
"MD"	2000	4	13	5	3	771	427	1198	575	657	1265	667	574	1241
"MD"	2000	4	13	6	3	1349	571	1920	1080	879	2032	1179	816	1995
"MD"	2000	4	13	7	3	498	151	649	445	214	669	454	213	667
"MD"	2000	4	13	8	3	515	256	771	393	403	816	429	372	801
"MD"	2000	4	14	1	3	796	458	1254	524	735	1313	621	677	1298
"MD"	2000	4	14	2	3	817	546	1363	590	816	1443	710	704	1414
"MD"	2000	4	14	3	2	1071	1467	2538	1367	1184	2648	1496	1106	2602
"MD"	2000	4	14	4	2	29	74	103	47	58	107	48	58	106
"MD"	2000	4	14	5	2	100	119	219	125	96	228	133	90	223
"MD"	2000	4	14	6	3	1335	709	2044	956	1111	2168	1088	1044	2132
"MD"	2000	4	14	7	3	912	439	1351	675	701	1443	770	648	1418
"MD"	2000	4	14	8	3	1122	382	1504	949	599	1572	1007	547	1554
"MD"	2000	4	14	9	2	494	662	1156	638	532	1209	678	499	1177
"MD"	2000	4	14	10	2	468	908	1376	661	757	1459	749	675	1424
"MD"	2000	4	14	11	2	483	701	1184	655	554	1251	715	515	1230
"MD"	2000	4	14	12	3	703	438	1141	479	680	1208	544	630	1174
"MD"	2000	4	15	1	2	376	367	743	463	288	781	516	253	769
"MD"	2000	4	15	2	2	477	809	1286	668	640	1365	715	597	1312
"MD"	2000	4	15	3	2	445	792	1237	621	628	1275	655	593	1248
"MD"	2000	4	15	4	2	684	991	1675	899	802	1760	980	739	1719
"MD"	2000	4	15	5	2	733	657	1390	878	527	1456	943	485	1428
"MD"	2000	4	15	6	2	709	1596	2305	976	1356	2403	1090	1259	2349
"MD"	2000	4	15	7	2	588	533	1121	761	392	1177	793	358	1151
"MD"	2000	4	15	8	2	668	1307	1975	931	1048	2054	1041	968	2009
"MD"	2000	4	15	9	2	233	459	692	323	355	713	360	341	701
"MD"	2000	4	15	10	2	466	771	1237	678	572	1292	727	542	1269
"MD"	2000	4	15	11	2	580	736	1316	788	560	1393	825	523	1348
"MD"	2000	4	15	12	2	396	625	1021	563	480	1074	593	449	1042
"MD"	2000	4	15	13	2	327	539	866	446	431	912	496	402	898
"MD"	2000	4	15	14	2	219	318	537	305	240	564	307	244	551
"MD"	2000	4	15	15	2	383	650	1033	530	515	1084	592	467	1059
"MD"	2000	4	15	16	2	466	619	1085	646	466	1151	674	450	1124
"MD"	2000	4	15	17	2	1068	698	1766	1287	507	1831	1349	466	1815
"MD"	2000	4	15	18	2	452	794	1246	639	618	1288	696	555	1251
"MD"	2000	4	15	19	2	823	1363	2186	1069	1094	2255	1189	1027	2216
"MD"	2000	4	15	20	2	905	986	1891	1160	766	1980	1255	678	1933
"MD"	2000	4	15	21	2	863	1114	1977	1076	906	2063	1194	831	2025
"MD"	2000	4	15	22	2	521	717	1238	709	573	1316	769	511	1280
"MD"	2000	5	1	1	5	657	444	1101	496	594	1119	608	485	1093
"MD"	2000	5	1	2	5	637	474	1111	558	541	1133	636	463	1099
"MD"	2000	5	1	3	5	949	706	1655	758	874	1682	908	715	1623
"MD"	2000	5	1	4	5	1175	959	2134	994	1135	2181	1120	981	2101
"MD"	2000	5	1	5	5	1136	1097	2233	914	1294	2270	1060	1164	2224
"MD"	2000	5	1	6	5	1079	965	2044	804	1202	2071	960	1064	2024
"MD"	2000	5	2	1	5	834	632	1466	748	728	1499	882	567	1449
"MD"	2000	5	2	2	5	1037	772	1809	851	937	1836	1026	757	1783
"MD"	2000	5	2	3	5	484	439	923	391	513	924	471	435	906
"MD"	2000	5	2	4	5	954	789	1743	788	938	1772	923	795	1718
"MD"	2000	5	2	5	5	1169	989	2158	887	1237	2188	1078	1063	2141
"MD"	2000	5	2	6	5	332	333	665	247	409	683	315	339	654
"MD"	2000	5	3	1	5	1035	754	1789	838	912	1825	975	803	1778
"MD"	2000	5	3	2	5	1005	707	1712	873	838	1759	984	714	1698
"MD"	2000	5	3	3	5	1317	1218	2535	944	1600	2596	1182	1319	2501
"MD"	2000	5	3	4	5	1451	1152	2603	1204	1366	2634	1377	1180	2557
"MD"	2000	5	3	5	5	122	89	211	93	118	216	109	98	207
"MD"	2000	6	1	1	1	101	196	297	124	173	308	161	140	301
"MD"	2000	6	1	2	1	81	187	268	105	167	278	134	136	270
"MD"	2000	6	2	1	1	417	1010	1427	547	869	1458	696	731	1427
"MD"	2000	6	3	1	1	459	1306	1765	715	1041	1803	879	874	1753
"MD"	2000	6	4	1	1	326	859	1185	441	747	1216	572	608	1180
"MD"	2000	6	5	1	1	314	789	1103	466	637	1139	609	502	1111
"MD"	2000	6	6	1	1	205	572	777	291	480	790	340	430	770
"MD"	2000	6	7	1	1	262	626	888	390	490	920	431	469	900
"MD"	2000	6	8	1	1	121	477	598	168	435	619	224	372	596
"MD"	2000	7	1	1	6	369	1111	1480	412	1075	1542	503	1002	1505
"MD"	2000	7	1	2	6	195	594	789	221	570	814	270	534	804
"MD"	2000	7	2	1	6	252	528	780	256	531	812	310	483	793
"MD"	2000	7	2	2	6	299	699	998	307	701	1035	375	634	1009
"MD"	2000	7	3	1	6	616	1447	2063	624	1426	2128	775	1299	2074
"MD"	2000	7	4	1	6	673	1384	2057	675	1410	2157	788	1324	2112
"MD"	2000	7	4	2	6	643	1485	2128	674	1479	2221	760	1423	2183
"MD"	2000	7	4	3	6	340	809	1149	377	801	1212	414	768	1182
"MD"	2000	7	4	4	6	556	1217	1773	543	1271	1859	585	1225	1810
"MD"	2000	7	5	1	6	661	1163	1824	688	1162	1907	776	1088	1864
"MD"	2000	7	5	2	6	853	1597	2450	828	1672	2573	960	1551	2511
"MD"	2000	7	5	3	6	581	977	1558	540	1008	1628	631	963	1594
"MD"	2000	7	5	4	6	799	1553	2352	782	1617	2488	934	1495	2429
"MD"	2000	7	5	5	6	465	826	1291	440	843	1344	511	805	1316
"MD"	2000	7	5	6	6	337	633	970	347	621	1003	377	603	980
"MD"	2000	7	6	1	6	325	799	1124	324	817	1178	388	765	1153
"MD"	2000	7	6	2	6	391	1112	1503	413	1126	1587	495	1050	1545
"MD"	2000	7	6	3	6	297	640	937	302	657	980	365	593	958
"MD"	2000	7	6	4	6	303	800	1103	297	793	1130	378	736	1114
"MD"	2000	7	7	1	6	303	507	810	321	491	840	363	458	821
"MD"	2000	7	7	2	6	506	1195	1701	500	1220	1779	649	1083	1732
"MD"	2000	7	7	3	6	625	865	1490	661	825	1557	760	757	1517
"MD"	2000	7	7	4	6	375	671	1046	391	646	1083	477	591	1068
"MD"	2000	7	7	5	6	492	1136	1628	503	1124	1693	635	1014	1649
"MD"	2000	7	7	6	6	479	867	1346	515	830	1395	602	764	1366
"MD"	2000	7	7	7	6	540	1086	1626	569	1078	1697	661	995	1656
"MD"	2000	7	7	8	6	313	677	990	321	667	1021	403	601	1004
"MD"	2000	7	7	9	6	408	800	1208	419	822	1268	488	745	1233
"MD"	2000	7	8	1	6	297	694	991	272	731	1044	366	659	1025
"MD"	2000	7	8	2	6	475	1039	1514	460	1086	1592	551	1005	1556
"MD"	2000	7	8	3	6	410	838	1248	405	849	1296	474	802	1276
"MD"	2000	7	8	4	6	432	869	1301	445	878	1369	505	826	1331
"MD"	2000	7	9	1	6	600	1279	1879	615	1270	1952	711	1207	1918
"MD"	2000	7	9	2	6	383	817	1200	392	816	1238	452	769	1221
"MD"	2000	7	10	1	6	84	318	402	93	306	413	131	275	406
"MD"	2000	7	11	1	6	229	644	873	248	632	908	312	567	879
"MD"	2000	7	11	2	6	190	380	570	215	359	590	246	332	578
"MD"	2000	7	12	1	6	177	323	500	208	289	511	248	258	506
"MD"	2000	7	13	1	6	520	1022	1542	516	1037	1598	593	963	1556
"MD"	2000	7	13	2	6	383	885	1268	378	894	1313	464	825	1289
"MD"	2000	7	14	1	6	549	1066	1615	545	1088	1689	623	1023	1646
"MD"	2000	7	14	2	6	645	1306	1951	649	1330	2037	735	1264	1999
"MD"	2000	7	14	3	6	452	977	1429	463	987	1497	527	941	1468
"MD"	2000	8	1	1	1	496	964	1460	714	752	1527	818	660	1478
"MD"	2000	8	2	1	1	348	671	1019	495	506	1058	542	492	1034
"MD"	2000	8	2	2	1	335	645	980	468	506	1018	525	461	986
"MD"	2000	8	3	1	1	1624	1996	3620	1896	1775	3792	2110	1563	3673
"MD"	2000	8	3	2	1	870	1339	2209	1017	1257	2353	1144	1119	2263
"MD"	2000	8	4	1	1	873	1692	2565	1183	1387	2678	1295	1298	2593
"MD"	2000	8	4	2	1	202	207	409	234	176	423	219	193	412
"MD"	2000	8	5	1	1	1390	2797	4187	1866	2299	4312	2142	2094	4236
"MD"	2000	8	5	2	1	476	840	1316	594	723	1376	692	648	1340
"MD"	2000	8	6	1	1	877	2159	3036	1079	2000	3177	1312	1802	3114
"MD"	2000	8	7	1	1	390	739	1129	492	635	1176	604	552	1156
"MD"	2000	8	7	2	1	728	1282	2010	951	1065	2084	1120	928	2048
"MD"	2000	8	8	1	1	310	786	1096	339	768	1140	412	710	1122
"MD"	2000	8	9	1	1	489	1080	1569	530	1040	1630	661	923	1584
"MD"	2000	9	1	1	5	1198	1110	2308	980	1309	2350	1203	1083	2286
"MD"	2000	9	1	2	5	1233	1283	2516	1017	1476	2565	1272	1216	2488
"MD"	2000	9	2	0	5	351	295	646	291	360	661	344	296	640
"MD"	2000	9	3	0	5	597	355	952	516	458	995	575	380	955
"MD"	2000	9	4	0	5	738	868	1606	586	1010	1636	747	846	1593
"MD"	2000	9	5	0	5	697	587	1284	578	685	1287	736	530	1266
"MD"	2000	9	6	1	5	907	689	1596	777	806	1623	889	697	1586
"MD"	2000	9	6	2	5	697	646	1343	593	747	1373	733	613	1346
"MD"	2000	9	6	3	5	1143	876	2019	931	1093	2054	1092	927	2019
"MD"	2000	9	6	4	5	1033	644	1677	884	803	1712	990	689	1679
"MD"	2000	9	6	5	5	678	259	937	626	308	949	666	269	935
"MD"	2000	9	6	6	5	958	728	1686	842	828	1705	966	726	1692
"MD"	2000	9	6	7	5	879	470	1349	798	541	1374	872	470	1342
"MD"	2000	9	6	8	5	1109	692	1801	1006	807	1833	1082	720	1802
"MD"	2000	9	6	9	5	718	382	1100	650	444	1115	704	400	1104
"MD"	2000	9	6	10	5	1317	864	2181	1153	1014	2212	1270	912	2182
"MD"	2000	9	6	11	5	981	585	1566	872	698	1602	962	610	1572
"MD"	2000	9	6	12	5	916	498	1414	848	570	1444	922	488	1410
"MD"	2000	9	6	13	5	880	616	1496	754	746	1525	836	664	1500
"MD"	2000	9	7	1	5	1125	509	1634	951	674	1660	1106	523	1629
"MD"	2000	9	7	2	5	683	337	1020	590	427	1042	680	337	1017
"MD"	2000	9	7	3	5	989	389	1378	885	501	1416	974	405	1379
"MD"	2000	9	8	1	5	851	708	1559	678	891	1599	815	735	1550
"MD"	2000	9	8	2	5	765	549	1314	642	665	1338	744	564	1308
"MD"	2000	9	8	3	5	695	416	1111	548	554	1121	646	461	1107
"MD"	2000	9	8	4	5	606	578	1184	480	707	1211	601	584	1185
"MD"	2000	9	9	0	5	945	807	1752	781	969	1791	936	815	1751
"MD"	2000	9	10	0	5	813	430	1243	699	562	1277	801	439	1240
"MD"	2000	10	1	0	1	6	20	26	12	16	30	10	16	26
"MD"	2000	10	2	1	1	33	57	90	42	46	100	51	33	84
"MD"	2000	10	2	2	1	67	140	207	85	137	227	100	105	205
"MD"	2000	10	3	1	1	15	37	52	17	38	56	16	33	49
"MD"	2000	10	3	2	1	131	95	226	223	51	281	190	40	230
"MD"	2000	10	3	3	1	53	172	225	84	161	254	103	119	222
"MD"	2000	10	4	0	1	149	334	483	220	310	547	268	221	489
"MD"	2000	10	5	0	1	14	10	24	25	7	32	18	8	26
"MD"	2000	10	6	0	1	43	105	148	66	94	165	78	70	148
"MD"	2000	10	7	1	1	190	581	771	298	532	851	371	400	771
"MD"	2000	10	7	2	1	47	51	98	67	51	121	62	42	104
"MD"	2000	10	7	3	1	14	42	56	13	56	70	26	33	59
"MD"	2000	10	7	4	1	62	58	120	85	46	133	86	33	119
"MD"	2000	10	7	5	1	35	96	131	60	80	143	69	60	129
"MD"	2000	10	7	6	1	4	12	16	8	10	18	9	8	17
"MD"	2000	10	7	7	1	5	17	22	3	18	24	11	10	21
"MD"	2000	10	7	8	1	53	81	134	59	87	151	72	60	132
"MD"	2000	10	8	0	1	75	210	285	102	200	313	138	141	279
"MD"	2000	10	9	0	1	123	312	435	192	285	494	215	235	450
"MD"	2000	10	10	0	1	16	32	48	18	37	55	24	26	50
"MD"	2000	10	11	1	1	56	59	115	90	35	131	84	28	112
"MD"	2000	10	11	2	1	446	1077	1523	669	964	1691	783	729	1512
"MD"	2000	10	12	1	1	34	52	86	52	48	103	54	31	85
"MD"	2000	10	12	2	1	59	77	136	97	67	167	91	53	144
"MD"	2000	10	13	1	1	59	237	296	107	205	324	144	165	309
"MD"	2000	10	13	2	1	652	247	899	1038	145	1199	854	100	954
"MD"	2000	10	14	1	1	241	446	687	389	428	833	426	269	695
"MD"	2000	10	14	2	1	76	147	223	100	140	251	121	93	214
"MD"	2000	10	14	3	1	45	88	133	42	112	157	62	63	125
"MD"	2000	10	15	1	1	24	75	99	44	63	111	47	53	100
"MD"	2000	10	15	2	1	3	25	28	7	23	30	11	16	27
"MD"	2000	10	15	3	1	68	48	116	100	40	143	91	28	119
"MD"	2000	10	15	4	1	50	85	135	65	79	152	83	50	133
"MD"	2000	10	16	0	1	84	115	199	122	111	240	125	84	209
"MD"	2000	10	17	0	1	140	428	568	190	437	640	264	302	566
"MD"	2000	10	18	0	1	149	395	544	197	378	593	256	284	540
"MD"	2000	11	1	1	6	1085	1388	2473	1048	1393	2526	1217	1232	2449
"MD"	2000	11	2	1	6	663	485	1148	701	443	1185	773	375	1148
"MD"	2000	11	2	2	6	292	252	544	287	257	562	327	214	541
"MD"	2000	11	2	3	6	699	532	1231	653	512	1259	777	443	1220
"MD"	2000	11	2	4	6	670	587	1257	672	577	1293	721	534	1255
"MD"	2000	11	2	5	6	491	436	927	412	494	948	510	406	916
"MD"	2000	11	2	6	6	1022	1211	2233	1024	1224	2293	1161	1068	2229
"MD"	2000	11	2	7	6	1023	976	1999	1004	995	2053	1128	871	1999
"MD"	2000	11	2	8	6	962	981	1943	990	933	1996	1112	832	1944
"MD"	2000	11	2	9	6	684	533	1217	641	541	1250	780	430	1210
"MD"	2000	11	2	10	6	1469	1652	3121	1413	1687	3183	1669	1451	3120
"MD"	2000	11	2	11	6	675	614	1289	659	624	1330	767	512	1279
"MD"	2000	11	2	12	6	380	475	855	384	464	873	422	415	837
"MD"	2000	11	2	13	6	605	584	1189	590	600	1225	671	525	1196
"MD"	2000	11	2	14	6	354	421	775	328	457	802	387	397	784
"MD"	2000	11	3	1	6	730	1356	2086	719	1346	2130	930	1125	2055
"MD"	2000	11	3	2	6	522	1007	1529	506	1019	1572	690	833	1523
"MD"	2000	11	4	1	6	127	296	423	125	294	435	180	239	419
"MD"	2000	11	5	1	6	518	952	1470	520	942	1519	693	782	1475
"MD"	2000	11	6	1	6	241	546	787	210	562	804	290	474	764
"MD"	2000	11	7	1	6	530	667	1197	489	683	1231	598	606	1204
"MD"	2000	11	7	2	6	631	904	1535	601	924	1566	738	787	1525
"MD"	2000	11	8	1	6	301	602	903	290	598	921	376	526	902
"MD"	2000	11	9	1	6	1028	1714	2742	975	1764	2824	1158	1593	2751
"MD"	2000	11	9	2	6	753	1195	1948	723	1226	2008	864	1102	1966
"MD"	2000	11	9	3	6	1027	1484	2511	999	1527	2577	1183	1321	2504
"MD"	2000	11	9	4	6	646	1087	1733	625	1104	1789	773	981	1754
"MD"	2000	11	9	5	6	290	449	739	262	462	762	342	400	742
"MD"	2000	11	10	1	6	217	531	748	181	553	762	270	470	740
"MD"	2000	11	11	1	6	331	762	1093	303	789	1120	431	657	1088
"MD"	2000	11	12	1	6	356	448	804	384	410	819	476	322	798
"MD"	2000	11	13	1	6	737	1114	1851	712	1139	1910	847	1011	1858
"MD"	2000	11	13	2	6	42	106	148	48	95	150	63	80	143
"MD"	2000	11	14	1	6	754	1277	2031	748	1285	2090	947	1077	2024
"MD"	2000	11	15	1	6	408	789	1197	402	791	1229	527	659	1186
"MD"	2000	11	15	2	6	511	968	1479	484	980	1506	627	835	1462
"MD"	2000	11	16	1	6	589	1046	1635	580	1055	1674	732	876	1608
"MD"	2000	11	17	1	6	224	529	753	221	519	766	306	447	753
"MD"	2000	11	18	1	6	920	1722	2642	870	1777	2723	1006	1645	2651
"MD"	2000	11	18	2	6	286	593	879	283	593	900	346	531	877
"MD"	2000	11	19	1	6	206	484	690	199	466	696	249	436	685
"MD"	2000	11	20	1	6	397	763	1160	382	765	1181	537	610	1147
"MD"	2000	11	21	1	6	590	1001	1591	559	1012	1624	729	842	1571
"MD"	2000	11	21	2	6	985	1253	2238	862	1360	2287	1104	1124	2228
"MD"	2000	11	22	1	6	243	438	681	235	433	693	325	349	674
"MD"	2000	11	23	1	6	776	1169	1945	755	1183	1982	927	1007	1934
"MD"	2000	11	24	1	6	608	785	1393	568	793	1431	698	688	1386
"MD"	2000	11	24	2	6	530	624	1154	470	667	1173	592	551	1143
"MD"	2000	11	25	1	6	769	764	1533	798	720	1574	935	593	1528
"MD"	2000	11	26	1	6	669	1001	1670	631	1031	1715	789	875	1664
"MD"	2000	11	26	2	6	721	1141	1862	687	1150	1897	875	981	1856
"MD"	2000	12	1	0	6	157	459	616	178	446	643	273	342	615
"MD"	2000	12	2	0	6	139	483	622	164	470	656	254	362	616
"MD"	2000	12	3	1	6	149	611	760	165	615	800	284	476	760
"MD"	2000	12	3	2	6	59	186	245	75	179	257	97	146	243
"MD"	2000	12	4	0	6	59	214	273	49	235	288	113	161	274
"MD"	2000	12	5	0	6	151	459	610	150	476	640	256	355	611
"MD"	2000	12	6	0	6	166	502	668	186	499	702	267	404	671
"MD"	2000	12	7	0	6	207	590	797	225	582	825	336	463	799
"MD"	2000	12	8	1	6	46	173	219	43	177	230	79	134	213
"MD"	2000	12	8	2	6	45	225	270	46	232	280	111	156	267
"MD"	2000	12	9	0	6	164	345	509	165	345	528	242	261	503
"MD"	2000	12	10	0	6	153	449	602	192	420	626	257	341	598
"MD"	2000	12	11	0	6	12	43	55	9	47	56	18	33	51
"MD"	2000	12	12	0	6	57	223	280	59	228	292	86	191	277
"MD"	2000	12	13	0	6	81	131	212	92	129	225	121	88	209
"MD"	2000	12	14	1	6	271	819	1090	318	791	1145	454	635	1089
"MD"	2000	12	14	2	6	90	325	415	102	313	423	163	246	409
"MD"	2000	12	15	0	6	77	161	238	89	158	248	115	120	235
"MD"	2000	12	16	0	6	296	838	1134	354	793	1174	494	643	1137
"MD"	2000	13	1	1	2	360	397	757	463	302	777	487	279	766
"MD"	2000	13	1	2	2	248	508	756	314	450	781	341	419	760
"MD"	2000	13	1	3	2	344	424	768	403	358	785	459	316	775
"MD"	2000	13	1	4	2	744	1341	2085	1022	1036	2139	1112	998	2110
"MD"	2000	13	1	5	2	864	1207	2071	1079	998	2133	1231	876	2107
"MD"	2000	13	1	6	2	935	883	1818	1121	694	1866	1216	629	1845
"MD"	2000	13	1	7	2	244	522	766	351	415	791	377	395	772
"MD"	2000	13	1	8	2	462	1321	1783	640	1128	1823	749	1045	1794
"MD"	2000	13	1	9	2	664	1611	2275	930	1333	2340	1105	1193	2298
"MD"	2000	13	1	10	2	653	1196	1849	838	1013	1900	975	900	1875
"MD"	2000	13	1	11	2	438	1302	1740	677	1060	1788	796	961	1757
"MD"	2000	13	1	12	2	456	1369	1825	658	1161	1870	782	1051	1833
"MD"	2000	13	1	13	2	483	982	1465	634	827	1504	720	758	1478
"MD"	2000	13	1	14	2	572	1665	2237	827	1394	2288	966	1288	2254
"MD"	2000	13	1	16	2	757	1233	1990	965	1003	2029	1058	947	2005
"MD"	2000	13	1	17	2	101	289	390	135	249	403	166	231	397
"MD"	2000	13	1	45	2	715	1359	2074	961	1100	2124	1084	1021	2105
"MD"	2000	13	2	1	2	61	95	156	72	81	159	84	74	158
"MD"	2000	13	2	2	2	555	1408	1963	762	1170	2013	964	1022	1986
"MD"	2000	13	2	3	2	348	409	757	432	345	802	466	312	778
"MD"	2000	13	2	4	2	74	121	195	91	102	198	106	94	200
"MD"	2000	13	2	10	2	640	601	1241	800	448	1283	867	399	1266
"MD"	2000	13	2	11	2	506	867	1373	677	673	1393	820	558	1378
"MD"	2000	13	2	15	2	790	768	1558	976	595	1600	1057	521	1578
"MD"	2000	13	2	19	2	77	55	132	81	59	140	83	48	131
"MD"	2000	13	3	2	2	377	1130	1507	537	939	1532	668	849	1517
"MD"	2000	13	3	3	2	419	1669	2088	607	1458	2128	773	1336	2109
"MD"	2000	13	3	4	2	235	659	894	306	582	917	366	540	906
"MD"	2000	13	3	5	2	407	1593	2000	632	1369	2055	778	1247	2025
"MD"	2000	13	3	6	2	416	1476	1892	601	1290	1950	718	1203	1921
"MD"	2000	13	3	7	2	249	866	1115	348	752	1137	428	703	1131
"MD"	2000	13	3	8	2	400	1159	1559	576	984	1601	668	917	1585
"MD"	2000	13	3	9	2	300	1083	1383	451	925	1412	524	875	1399
"MD"	2000	13	3	10	2	514	1021	1535	734	819	1614	818	761	1579
"MD"	2000	13	3	11	2	259	966	1225	421	794	1254	507	736	1243
"MD"	2000	13	3	12	2	389	942	1331	530	786	1364	603	738	1341
"MD"	2000	13	3	13	2	395	1286	1681	596	1078	1724	696	998	1694
"MD"	2000	13	3	14	2	324	974	1298	479	816	1327	542	761	1303
"MD"	2000	13	3	15	2	444	1427	1871	658	1185	1920	801	1085	1886
"MD"	2000	13	3	16	2	258	835	1093	387	716	1125	453	656	1109
"MD"	2000	13	3	17	2	397	1284	1681	576	1091	1727	710	992	1702
"MD"	2000	13	3	18	2	453	1222	1675	704	969	1726	751	941	1692
"MD"	2000	13	3	19	2	408	1549	1957	635	1325	2009	778	1197	1975
"MD"	2000	13	3	20	2	597	1862	2459	870	1587	2516	1062	1421	2483
"MD"	2000	13	3	21	2	526	1648	2174	798	1350	2218	929	1266	2195
"MD"	2000	13	4	1	2	223	869	1092	326	755	1119	385	720	1105
"MD"	2000	13	4	2	2	332	1447	1779	488	1286	1820	602	1180	1782
"MD"	2000	13	4	3	2	331	1127	1458	439	989	1498	572	911	1483
"MD"	2000	13	4	4	2	454	1621	2075	645	1416	2137	799	1298	2097
"MD"	2000	13	4	5	2	360	1376	1736	529	1196	1767	667	1080	1747
"MD"	2000	13	4	6	2	253	1023	1276	400	867	1312	479	820	1299
"MD"	2000	13	5	1	2	591	1477	2068	761	1304	2145	919	1184	2103
"MD"	2000	13	5	2	2	552	1849	2401	758	1629	2471	936	1504	2440
"MD"	2000	13	6	1	2	467	517	984	597	381	1039	679	336	1015
"MD"	2000	13	6	2	2	657	1169	1826	899	924	1876	1044	805	1849
"MD"	2000	13	6	3	2	448	624	1072	608	471	1113	701	395	1096
"MD"	2000	13	6	4	2	214	435	649	306	341	671	363	300	663
"MD"	2000	14	1	1	3	696	504	1200	515	677	1236	532	684	1216
"MD"	2000	14	1	2	3	759	519	1278	618	663	1342	650	662	1312
"MD"	2000	14	1	3	3	919	589	1508	801	737	1590	860	701	1561
"MD"	2000	14	1	4	3	848	772	1620	660	971	1695	738	917	1655
"MD"	2000	14	1	5	6	607	729	1336	613	753	1409	675	702	1377
"MD"	2000	14	1	6	3	827	519	1346	733	618	1403	773	595	1368
"MD"	2000	14	1	7	3	79	28	107	65	40	109	67	42	109
"MD"	2000	14	1	8	3	909	583	1492	741	783	1565	812	729	1541
"MD"	2000	14	1	9	3	899	593	1492	776	719	1550	836	686	1522
"MD"	2000	14	2	1	6	446	455	901	463	446	954	492	445	937
"MD"	2000	14	2	2	6	644	793	1437	667	803	1512	725	761	1486
"MD"	2000	14	2	3	6	606	883	1489	658	864	1570	725	808	1533
"MD"	2000	14	2	4	6	778	679	1457	803	671	1532	842	656	1498
"MD"	2000	14	2	5	6	461	603	1064	473	598	1104	533	549	1082
"MD"	2000	14	2	6	6	446	641	1087	456	627	1124	488	615	1103
"MD"	2000	14	2	7	6	664	1131	1795	695	1151	1906	738	1123	1861
"MD"	2000	14	2	8	6	802	994	1796	841	963	1877	919	918	1837
"MD"	2000	14	2	9	6	465	336	801	473	317	847	503	320	823
"MD"	2000	14	2	10	6	430	435	865	459	419	912	495	399	894
"MD"	2000	14	2	11	6	487	747	1234	519	740	1296	577	688	1265
"MD"	2000	14	2	12	6	531	724	1255	542	723	1300	563	711	1274
"MD"	2000	14	2	13	6	470	437	907	493	427	955	536	401	937
"MD"	2000	14	2	14	6	494	477	971	502	469	1011	577	419	996
"MD"	2000	14	2	15	6	460	602	1062	469	604	1116	513	586	1099
"MD"	2000	14	2	16	6	462	643	1105	484	641	1168	534	606	1140
"MD"	2000	14	2	17	6	617	648	1265	632	649	1339	681	636	1317
"MD"	2000	14	2	18	6	583	879	1462	597	875	1524	641	862	1503
"MD"	2000	14	2	19	6	410	592	1002	427	576	1038	469	549	1018
"MD"	2000	14	3	1	6	624	1062	1686	648	1032	1747	695	1020	1715
"MD"	2000	14	3	2	6	753	1411	2164	785	1401	2262	836	1398	2234
"MD"	2000	14	3	3	6	469	860	1329	488	845	1381	575	794	1369
"MD"	2000	14	4	1	6	545	1084	1629	534	1083	1679	593	1057	1650
"MD"	2000	14	4	2	6	570	1063	1633	545	1072	1692	619	1052	1671
"MD"	2000	14	4	3	6	645	1365	2010	677	1352	2097	740	1316	2056
"MD"	2000	14	5	1	6	529	835	1364	550	821	1429	606	794	1400
"MD"	2000	14	5	2	3	518	128	646	435	195	666	484	173	657
"MD"	2000	14	5	3	3	1041	264	1305	951	345	1350	1017	299	1316
"MD"	2000	14	5	4	3	848	203	1051	786	242	1078	821	233	1054
"MD"	2000	14	5	5	6	624	636	1260	662	594	1306	716	567	1283
"MD"	2000	14	5	6	6	347	487	834	372	471	865	403	446	849
"MD"	2000	14	5	7	6	1093	512	1605	1124	490	1670	1182	464	1646
"MD"	2000	14	5	8	3	1034	251	1285	944	320	1322	983	320	1303
"MD"	2000	14	5	9	3	1075	368	1443	1000	451	1511	1045	430	1475
"MD"	2000	14	5	10	6	426	416	842	455	384	876	486	379	865
"MD"	2000	14	5	11	6	593	741	1334	575	747	1384	619	736	1355
"MD"	2000	14	5	12	3	832	235	1067	733	309	1094	798	286	1084
"MD"	2000	14	5	13	6	391	246	637	407	229	663	433	218	651
"MD"	2000	14	5	14	3	486	191	677	397	266	694	437	252	689
"MD"	2000	14	5	15	3	1041	355	1396	950	449	1459	983	446	1429
"MD"	2000	14	5	16	3	689	380	1069	648	442	1129	679	424	1103
"MD"	2000	14	5	17	3	673	250	923	585	341	963	638	300	938
"MD"	2000	14	5	18	3	606	203	809	564	242	842	602	226	828
"MD"	2000	14	5	19	6	514	743	1257	506	743	1298	582	698	1280
"MD"	2000	14	5	20	6	315	448	763	324	432	793	358	427	785
"MD"	2000	14	5	21	6	878	418	1296	893	398	1356	941	380	1321
"MD"	2000	14	5	22	6	936	672	1608	939	698	1679	1001	649	1650
"MD"	2000	14	6	1	6	1042	685	1727	986	726	1791	1074	688	1762
"MD"	2000	14	6	2	6	774	483	1257	774	471	1303	810	463	1273
"MD"	2000	14	6	3	6	388	484	872	376	480	892	414	452	866
"MD"	2000	14	6	4	3	950	573	1523	797	754	1603	853	713	1566
"MD"	2000	14	6	5	3	516	125	641	464	154	663	493	152	645
"MD"	2000	14	6	6	3	701	232	933	622	284	950	652	284	936
"MD"	2000	14	6	7	6	589	338	927	609	320	959	623	314	937
"MD"	2000	14	6	8	3	702	192	894	646	243	927	683	230	913
"MD"	2000	14	6	9	3	840	203	1043	760	264	1074	805	245	1050
"MD"	2000	14	6	10	3	921	301	1222	812	381	1258	877	364	1241
"MD"	2000	14	6	11	3	1365	469	1834	1248	568	1890	1294	554	1848
"MD"	2000	14	6	12	3	725	252	977	655	320	1021	699	303	1002
"MD"	2000	14	6	13	3	642	294	936	570	358	979	621	339	960
"MD"	2000	14	6	14	3	843	255	1098	763	326	1138	813	306	1119
"MD"	2000	14	6	15	6	866	484	1350	872	491	1397	907	462	1369
"MD"	2000	14	6	16	3	998	335	1333	904	404	1366	935	413	1348
"MD"	2000	14	6	17	3	998	279	1277	927	344	1329	971	327	1298
"MD"	2000	14	6	18	3	704	293	997	616	389	1052	652	374	1026
"MD"	2000	14	6	19	3	703	230	933	680	272	978	688	266	954
"MD"	2000	14	6	20	3	795	364	1159	728	435	1211	742	444	1186
"MD"	2000	14	6	21	3	540	163	703	521	201	738	527	195	722
"MD"	2000	14	6	22	3	841	264	1105	733	357	1143	773	345	1118
"MD"	2000	14	6	23	3	373	169	542	331	212	566	338	215	553
"MD"	2000	14	6	24	6	811	710	1521	796	722	1589	866	688	1554
"MD"	2000	14	6	25	6	260	303	563	256	311	588	273	305	578
"MD"	2000	14	6	26	3	1062	398	1460	945	524	1515	1005	477	1482
"MD"	2000	14	6	27	6	686	563	1249	668	581	1296	714	559	1273
"MD"	2000	14	6	28	6	673	686	1359	668	709	1423	742	650	1392
"MD"	2000	14	6	29	3	1161	525	1686	1069	648	1763	1112	618	1730
"MD"	2000	15	1	1	1	109	280	389	189	198	402	235	151	386
"MD"	2000	15	1	2	1	176	589	765	353	410	791	398	361	759
"MD"	2000	15	2	1	1	127	599	726	294	425	748	385	340	725
"MD"	2000	15	3	1	1	154	629	783	330	447	805	403	384	787
"MD"	2000	15	3	2	1	94	241	335	163	180	356	189	154	343
"MD"	2000	15	4	1	1	293	1016	1309	606	688	1346	744	569	1313
"MD"	2000	15	4	2	1	179	350	529	341	187	555	373	164	537
"MD"	2000	15	5	1	1	251	784	1035	492	544	1067	608	419	1027
"MD"	2000	15	6	1	1	163	517	680	320	351	700	371	308	679
"MD"	2000	15	7	1	1	154	539	693	316	371	712	368	326	694
"MD"	2000	16	1	1	8	833	1823	2785	1189	1534	2816	1374	1368	2742
"MD"	2000	16	1	2	8	747	1438	2265	1126	1074	2280	1279	960	2239
"MD"	2000	16	1	3	8	702	1089	1856	1024	790	1880	1106	722	1828
"MD"	2000	16	1	4	8	781	1174	2030	1079	924	2059	1183	822	2005
"MD"	2000	16	2	1	8	1282	2100	3514	1803	1652	3560	1961	1502	3463
"MD"	2000	16	2	2	8	1141	1479	2706	1558	1106	2746	1668	993	2661
"MD"	2000	16	2	3	8	716	861	1634	943	656	1655	988	610	1598
"MD"	2000	16	2	4	8	776	970	1807	1066	685	1847	1141	655	1796
"MD"	2000	16	2	5	8	804	1178	2038	1130	858	2061	1217	785	2002
"MD"	2000	16	3	1	8	443	1102	1607	735	848	1646	801	778	1579
"MD"	2000	16	3	2	8	378	844	1262	550	686	1277	655	582	1237
"MD"	2000	16	4	1	8	918	739	1700	1129	508	1723	1235	444	1679
"MD"	2000	16	4	2	8	837	897	1756	1163	542	1779	1258	482	1740
"MD"	2000	16	4	3	8	916	925	1888	1236	615	1926	1322	540	1862
"MD"	2000	16	4	4	8	813	745	1596	1023	480	1615	1144	426	1570
"MD"	2000	16	4	5	8	784	830	1667	1053	563	1697	1136	507	1643
"MD"	2000	16	4	6	8	525	756	1324	759	529	1347	835	468	1303
"MD"	2000	16	4	7	8	619	773	1436	858	552	1478	947	476	1423
"MD"	2000	16	4	8	8	794	879	1705	1085	599	1745	1158	532	1690
"MD"	2000	16	4	9	8	468	550	1045	682	347	1069	735	302	1037
"MD"	2000	16	4	10	8	1578	1497	3104	2159	937	3161	2215	857	3072
"MD"	2000	16	4	11	8	316	222	545	390	135	549	408	121	529
"MD"	2000	16	4	12	8	1137	1224	2388	1549	787	2412	1669	690	2359
"MD"	2000	16	4	13	8	752	958	1729	1014	682	1750	1158	546	1704
"MD"	2000	16	4	14	8	525	563	1108	708	368	1120	775	312	1087
"MD"	2000	16	4	15	8	294	215	521	366	137	527	381	121	502
"MD"	2000	16	4	16	8	695	866	1586	996	570	1624	1090	478	1568
"MD"	2000	16	4	18	8	862	935	1810	1197	588	1838	1260	527	1787
"MD"	2000	16	4	19	8	533	855	1429	795	623	1457	861	554	1415
"MD"	2000	16	4	20	8	1151	1499	2691	1632	1050	2752	1724	926	2650
"MD"	2000	16	4	21	8	1006	1038	2071	1366	660	2105	1499	548	2047
"MD"	2000	16	4	23	8	947	1131	2124	1303	781	2155	1413	687	2100
"MD"	2000	16	4	24	8	470	443	925	645	252	953	680	237	917
"MD"	2000	16	4	25	8	548	697	1264	814	440	1289	849	391	1240
"MD"	2000	16	4	26	8	185	216	411	264	149	424	283	121	404
"MD"	2000	16	4	27	8	159	93	256	194	53	258	199	51	250
"MD"	2000	16	4	28	8	612	316	940	795	172	985	764	172	936
"MD"	2000	16	4	29	8	408	495	928	561	326	941	637	276	913
"MD"	2000	16	4	30	8	582	424	1017	800	204	1033	820	178	998
"MD"	2000	16	4	31	8	1067	905	1992	1437	508	2027	1500	464	1964
"MD"	2000	16	4	32	8	430	433	873	586	283	881	592	254	846
"MD"	2000	16	4	34	8	391	661	1084	572	479	1104	633	436	1069
"MD"	2000	16	5	1	4	1375	652	2027	1331	745	2147	1434	654	2088
"MD"	2000	16	5	2	4	1196	256	1452	1177	277	1501	1213	260	1473
"MD"	2000	16	5	3	4	965	328	1293	940	372	1357	1014	324	1338
"MD"	2000	16	5	5	4	1780	620	2400	1742	709	2551	1871	624	2495
"MD"	2000	16	5	6	4	1548	556	2104	1512	613	2231	1612	558	2170
"MD"	2000	16	5	7	4	522	186	708	494	221	748	541	189	730
"MD"	2000	16	5	8	4	1024	241	1265	1009	272	1320	1075	229	1304
"MD"	2000	16	5	9	4	1692	788	2480	1659	879	2634	1771	796	2567
"MD"	2000	16	5	10	4	966	212	1178	974	217	1223	1011	183	1194
"MD"	2000	16	5	11	4	1512	597	2109	1520	648	2247	1607	586	2193
"MD"	2000	16	5	12	4	2026	854	2880	2017	978	3066	2195	788	2983
"MD"	2000	16	5	13	4	1568	215	1783	1565	240	1847	1608	205	1813
"MD"	2000	16	5	14	4	1127	261	1388	1093	321	1462	1156	254	1410
"MD"	2000	16	5	15	8	734	1080	1880	966	893	1921	1092	776	1868
"MD"	2000	16	5	16	4	1440	589	2029	1422	644	2139	1526	571	2097
"MD"	2000	16	5	17	4	1459	603	2062	1415	717	2182	1531	598	2129
"MD"	2000	16	5	18	8	272	456	753	355	375	768	412	336	748
"MD"	2000	16	5	19	8	684	1066	1812	993	794	1843	1133	652	1785
"MD"	2000	16	5	20	8	1309	1004	2354	1574	752	2384	1671	645	2316
"MD"	2000	16	5	21	4	1329	288	1617	1346	313	1700	1383	265	1648
"MD"	2000	16	6	1	8	763	1776	2611	1157	1418	2661	1284	1299	2583
"MD"	2000	16	6	2	8	747	1466	2250	1086	1137	2291	1185	1031	2216
"MD"	2000	16	6	3	8	628	988	1661	928	714	1700	1037	606	1643
"MD"	2000	16	6	4	8	1156	1478	2684	1648	978	2729	1785	855	2640
"MD"	2000	16	6	5	8	909	1429	2397	1353	1015	2436	1449	917	2366
"MD"	2000	16	6	6	8	1737	1702	3489	2370	1081	3547	2485	969	3454
"MD"	2000	16	6	7	8	1462	1794	3357	1980	1313	3388	2109	1188	3297
"MD"	2000	16	7	1	8	568	461	1046	683	311	1055	746	280	1026
"MD"	2000	16	7	2	8	755	831	1598	986	561	1611	1069	500	1569
"MD"	2000	16	7	3	8	1118	923	2062	1415	563	2083	1500	509	2009
"MD"	2000	16	7	4	8	1187	1065	2282	1547	669	2316	1627	614	2241
"MD"	2000	16	7	5	8	960	670	1639	1192	389	1654	1289	346	1635
"MD"	2000	16	7	6	8	902	802	1720	1152	510	1745	1264	448	1712
"MD"	2000	16	7	7	8	634	693	1341	858	436	1366	947	372	1319
"MD"	2000	16	7	8	8	926	789	1744	1205	484	1776	1235	477	1712
"MD"	2000	16	7	9	8	764	812	1604	1044	482	1625	1137	447	1584
"MD"	2000	16	7	10	8	1086	946	2065	1352	638	2102	1464	577	2041
"MD"	2000	16	7	11	8	1017	689	1716	1252	379	1730	1347	352	1699
"MD"	2000	16	7	12	8	1008	973	2000	1380	551	2022	1480	485	1965
"MD"	2000	16	7	13	8	992	1154	2182	1263	892	2220	1366	785	2151
"MD"	2000	16	7	14	8	312	296	617	416	197	628	433	176	609
"MD"	2000	16	7	15	8	1197	1229	2447	1591	808	2485	1710	706	2416
"MD"	2000	16	7	16	8	683	728	1426	928	465	1453	1019	402	1421
"MD"	2000	16	7	17	8	738	646	1428	962	425	1451	1031	383	1414
"MD"	2000	16	7	18	8	986	814	1825	1270	480	1857	1390	405	1795
"MD"	2000	16	7	19	8	797	765	1598	1053	480	1621	1132	434	1566
"MD"	2000	16	7	20	8	683	905	1623	968	616	1645	1051	533	1584
"MD"	2000	16	7	21	8	472	447	933	576	321	942	636	283	919
"MD"	2000	16	7	22	8	981	653	1649	1188	387	1682	1298	340	1638
"MD"	2000	16	7	23	8	1080	1053	2149	1436	643	2170	1546	558	2104
"MD"	2000	16	7	24	8	758	1101	1887	1061	789	1922	1147	698	1845
"MD"	2000	16	7	25	8	738	803	1565	1003	508	1579	1115	426	1541
"MD"	2000	16	7	26	8	1460	1022	2510	1839	620	2561	1907	548	2455
"MD"	2000	16	7	27	8	491	837	1339	726	586	1360	815	496	1311
"MD"	2000	16	7	28	8	606	721	1344	814	486	1368	890	431	1321
"MD"	2000	16	7	30	8	276	496	777	386	383	790	441	322	763
"MD"	2000	16	7	31	8	477	338	822	615	199	834	609	193	802
"MD"	2000	16	7	32	8	474	591	1084	633	455	1114	665	380	1045
"MD"	2000	16	8	1	8	918	1336	2335	1282	1015	2365	1389	910	2299
"MD"	2000	16	8	2	8	959	1394	2418	1346	1017	2446	1547	826	2373
"MD"	2000	16	8	3	8	827	1345	2231	1159	1033	2269	1331	867	2198
"MD"	2000	16	8	4	8	302	599	939	422	496	952	494	427	921
"MD"	2000	16	8	5	8	643	1164	1879	928	911	1908	1058	788	1846
"MD"	2000	16	8	6	8	636	901	1583	867	670	1607	980	568	1548
"MD"	2000	16	8	7	8	334	676	1036	445	580	1055	492	526	1018
"MD"	2000	16	8	8	8	1029	1719	2810	1466	1308	2864	1672	1121	2793
"MD"	2000	16	8	9	8	911	1343	2317	1264	1007	2348	1430	858	2288
"MD"	2000	16	8	10	8	748	1080	1862	1000	829	1888	1105	720	1825
"MD"	2000	16	8	11	8	1101	1313	2457	1508	922	2487	1638	772	2410
"MD"	2000	16	9	1	8	529	667	1251	726	492	1268	792	435	1227
"MD"	2000	16	9	2	8	830	814	1683	1074	582	1711	1156	487	1643
"MD"	2000	16	9	3	8	637	679	1346	893	441	1371	933	387	1320
"MD"	2000	16	9	4	8	762	896	1716	1041	640	1732	1118	581	1699
"MD"	2000	16	9	5	8	432	386	855	565	283	869	590	249	839
"MD"	2000	16	9	6	8	1234	1317	2604	1635	948	2668	1721	836	2557
"MD"	2000	16	9	7	8	1035	844	1924	1301	583	1962	1366	547	1913
"MD"	2000	16	9	8	8	1168	1178	2408	1504	860	2433	1578	774	2352
"MD"	2000	16	9	9	8	555	488	1073	708	337	1091	749	302	1051
"MD"	2000	16	9	10	8	903	957	1929	1215	678	1973	1301	608	1909
"MD"	2000	16	9	11	8	680	951	1776	941	806	1815	1010	751	1761
"MD"	2000	16	9	12	8	849	1039	1928	1176	677	1951	1306	597	1903
"MD"	2000	16	9	13	8	649	930	1614	927	637	1631	1035	548	1583
"MD"	2000	16	9	14	8	630	778	1458	862	577	1492	922	517	1439
"MD"	2000	16	9	15	8	648	617	1286	861	404	1305	900	370	1270
"MD"	2000	16	9	16	8	852	555	1454	1043	394	1488	1100	333	1433
"MD"	2000	16	9	17	8	315	594	933	488	437	952	547	384	931
"MD"	2000	16	9	18	8	592	568	1194	717	440	1198	775	390	1165
"MD"	2000	16	9	19	8	600	670	1305	814	446	1312	862	421	1283
"MD"	2000	16	9	20	8	1005	1027	2084	1301	748	2106	1369	692	2061
"MD"	2000	16	9	21	8	1271	1488	2856	1684	1151	2917	1796	1033	2829
"MD"	2000	16	9	22	8	543	616	1199	713	473	1222	776	409	1185
"MD"	2000	16	9	23	8	343	470	839	480	344	849	529	314	843
"MD"	2000	16	9	24	8	409	353	803	506	273	816	525	271	796
"MD"	2000	16	9	25	8	1166	1410	2712	1564	1092	2755	1713	977	2690
"MD"	2000	16	9	26	8	1028	1008	2153	1308	819	2186	1379	750	2129
"MD"	2000	16	9	27	8	1678	2332	4078	2437	1613	4151	2551	1436	3987
"MD"	2000	16	9	28	8	279	524	813	439	378	839	501	288	789
"MD"	2000	16	9	29	8	648	763	1461	849	574	1476	917	520	1437
"MD"	2000	16	9	30	8	664	810	1504	892	605	1525	950	527	1477
"MD"	2000	16	10	1	8	307	658	986	471	506	1000	535	432	967
"MD"	2000	16	10	2	8	587	1119	1725	832	873	1761	918	802	1720
"MD"	2000	16	10	3	8	446	677	1135	683	434	1158	760	356	1116
"MD"	2000	16	10	4	8	566	671	1249	800	411	1266	862	372	1234
"MD"	2000	16	10	5	8	748	1017	1787	1092	659	1802	1170	579	1749
"MD"	2000	16	10	6	8	725	951	1697	1056	617	1726	1149	531	1680
"MD"	2000	16	10	7	8	777	1106	1904	1061	816	1925	1160	720	1880
"MD"	2000	16	10	8	8	403	416	829	554	275	847	567	240	807
"MD"	2000	16	10	9	8	616	1212	1849	922	908	1886	1048	784	1832
"MD"	2000	16	10	10	8	785	1240	2044	1085	906	2056	1169	845	2014
"MD"	2000	16	10	11	8	713	474	1204	893	293	1226	927	247	1174
"MD"	2000	16	10	12	8	733	806	1556	1025	511	1589	1084	463	1547
"MD"	2000	16	10	13	8	618	567	1188	836	339	1200	880	279	1159
"MD"	2000	16	11	0	8	360	661	1054	489	538	1073	560	470	1030
"MD"	2000	16	12	1	8	876	1791	2837	1196	1619	2906	1418	1403	2821
"MD"	2000	16	12	2	8	370	1107	1547	594	922	1573	704	817	1521
"MD"	2000	16	12	3	8	594	1474	2167	871	1269	2193	1014	1130	2144
"MD"	2000	16	12	4	8	377	1085	1529	611	903	1560	712	795	1507
"MD"	2000	16	13	1	8	700	804	1547	954	549	1564	1057	458	1515
"MD"	2000	16	13	2	8	1598	994	2634	1958	646	2686	2039	559	2598
"MD"	2000	16	13	3	8	623	740	1390	856	517	1420	950	431	1381
"MD"	2000	16	13	4	4	906	99	1005	810	88	1038	942	79	1021
"MD"	2000	16	13	5	4	1172	194	1366	1151	196	1428	1208	194	1402
"MD"	2000	16	13	6	4	978	85	1063	866	80	1110	994	83	1077
"MD"	2000	16	13	7	4	1288	274	1562	1266	289	1639	1332	286	1618
"MD"	2000	16	13	8	4	1616	231	1847	1558	237	1962	1678	238	1916
"MD"	2000	16	13	9	4	729	95	824	648	79	855	752	85	837
"MD"	2000	16	13	10	4	1649	243	1892	1557	245	1951	1676	245	1921
"MD"	2000	16	13	11	8	1291	733	2048	1566	438	2080	1638	387	2025
"MD"	2000	16	13	12	4	703	218	921	699	229	980	736	220	956
"MD"	2000	16	13	13	4	1230	182	1412	1225	178	1493	1279	171	1450
"MD"	2000	16	13	14	4	1099	265	1364	1070	306	1449	1147	277	1424
"MD"	2000	16	13	15	4	1154	198	1352	1144	233	1426	1204	198	1402
"MD"	2000	16	13	16	4	1404	211	1615	1410	208	1688	1459	205	1664
"MD"	2000	16	13	17	8	377	274	669	459	200	686	486	173	659
"MD"	2000	16	13	18	4	1140	259	1399	1070	293	1474	1202	243	1445
"MD"	2000	16	13	19	8	719	641	1400	927	428	1429	1001	386	1387
"MD"	2000	16	13	20	8	748	719	1490	1112	355	1513	1102	365	1467
"MD"	2000	16	13	21	4	1206	124	1330	1141	130	1372	1224	124	1348
"MD"	2000	16	13	22	4	909	137	1046	808	149	1090	942	123	1065
"MD"	2000	16	13	23	4	1101	494	1595	1048	568	1707	1192	485	1677
"MD"	2000	16	13	24	8	822	621	1469	1013	414	1501	1119	341	1460
"MD"	2000	16	13	25	8	888	601	1533	1091	416	1562	1138	361	1499
"MD"	2000	16	13	26	8	298	679	1019	441	557	1042	533	468	1001
"MD"	2000	16	13	27	8	902	729	1670	1139	485	1714	1231	421	1652
"MD"	2000	16	13	28	8	510	448	994	629	337	1007	697	280	977
"MD"	2000	16	13	29	8	808	692	1545	1031	474	1571	1124	390	1514
"MD"	2000	16	13	30	8	795	599	1431	981	424	1440	1047	364	1411
"MD"	2000	16	13	31	8	567	459	1043	709	294	1054	787	243	1030
"MD"	2000	16	13	32	8	745	416	1181	894	246	1185	937	222	1159
"MD"	2000	16	13	33	8	866	457	1344	1100	242	1377	1106	232	1338
"MD"	2000	16	13	34	8	671	699	1403	882	466	1427	994	399	1393
"MD"	2000	16	13	35	8	805	655	1499	981	492	1512	1078	411	1489
"MD"	2000	16	13	36	8	745	748	1524	969	537	1553	1042	463	1505
"MD"	2000	16	13	37	8	633	655	1325	819	490	1349	883	417	1300
"MD"	2000	16	13	38	8	507	659	1193	729	448	1222	821	365	1186
"MD"	2000	16	13	39	8	851	472	1340	1033	245	1343	1097	228	1325
"MD"	2000	16	13	40	8	775	748	1573	1019	495	1589	1096	451	1547
"MD"	2000	16	13	41	4	557	72	629	556	77	648	572	69	641
"MD"	2000	16	13	42	8	449	363	822	566	216	818	623	195	818
"MD"	2000	16	13	43	8	563	543	1165	707	436	1180	770	368	1138
"MD"	2000	16	13	44	8	902	627	1543	1116	396	1568	1176	339	1515
"MD"	2000	16	13	45	8	562	580	1178	731	426	1191	804	360	1164
"MD"	2000	16	13	46	8	558	900	1496	760	700	1511	864	619	1483
"MD"	2000	16	13	47	4	1020	105	1125	1011	102	1171	1039	98	1137
"MD"	2000	16	13	48	8	689	485	1190	870	301	1209	913	260	1173
"MD"	2000	16	13	49	4	1289	384	1673	1326	415	1781	1357	370	1727
"MD"	2000	16	13	50	4	1072	234	1306	1037	239	1373	1123	228	1351
"MD"	2000	16	13	51	8	574	659	1288	784	476	1304	862	398	1260
"MD"	2000	16	13	52	8	713	909	1660	1025	620	1685	1102	536	1638
"MD"	2000	16	13	53	8	529	506	1083	694	353	1103	743	323	1066
"MD"	2000	16	13	54	8	2526	2133	4742	3177	1572	4830	3328	1294	4622
"MD"	2000	16	13	55	4	1609	280	1889	1612	302	1972	1662	265	1927
"MD"	2000	16	13	56	4	749	247	996	742	262	1039	774	242	1016
"MD"	2000	16	13	57	8	529	202	736	639	96	755	640	87	727
"MD"	2000	16	13	58	8	835	556	1421	1034	324	1448	1114	308	1422
"MD"	2000	16	13	59	8	464	432	922	619	274	938	654	253	907
"MD"	2000	16	13	60	8	445	391	859	588	251	870	632	213	845
"MD"	2000	16	13	61	4	1339	629	1968	1334	689	2089	1413	621	2034
"MD"	2000	16	13	62	8	391	385	796	502	277	824	555	228	783
"MD"	2000	16	13	63	8	438	339	789	564	197	796	598	186	784
"MD"	2000	16	13	64	4	360	76	436	352	79	443	364	77	441
"MD"	2000	16	13	65	8	34	28	64	42	12	63	49	10	59
"MD"	2000	16	13	66	4	373	114	487	356	128	523	395	115	510
"MD"	2000	16	13	67	4	1044	105	1149	937	101	1187	1079	92	1171
"MD"	2000	16	13	68	4	854	151	1005	833	156	1073	900	139	1039
"MD"	2000	17	1	1	5	1112	382	1494	1081	552	1675	1094	430	1524
"MD"	2000	17	1	2	5	525	277	802	503	359	900	510	301	811
"MD"	2000	17	1	3	5	1234	216	1450	1321	301	1663	1242	233	1475
"MD"	2000	17	1	4	5	1390	508	1898	1370	689	2113	1352	548	1900
"MD"	2000	17	1	5	5	910	483	1393	809	672	1531	860	531	1391
"MD"	2000	17	2	1	4	563	33	596	628	35	672	542	33	575
"MD"	2000	17	2	2	4	543	99	642	591	119	726	558	90	648
"MD"	2000	17	2	3	4	1006	207	1213	1083	226	1351	1040	182	1222
"MD"	2000	17	2	4	4	532	157	689	619	186	824	559	139	698
"MD"	2000	17	2	5	4	619	139	758	676	162	851	704	137	841
"MD"	2000	17	2	6	4	1075	148	1223	1178	174	1376	1069	137	1206
"MD"	2000	17	2	7	4	776	214	990	812	241	1119	826	187	1013
"MD"	2000	17	2	8	4	1143	142	1285	1273	160	1459	1160	127	1287
"MD"	2000	17	2	9	4	1109	84	1193	1213	107	1336	1101	77	1178
"MD"	2000	17	2	10	4	873	132	1005	931	164	1115	868	133	1001
"MD"	2000	17	3	1	5	339	167	506	338	214	568	333	171	504
"MD"	2000	17	3	2	5	1520	252	1772	1600	261	1879	1485	214	1699
"MD"	2000	17	3	3	4	1539	344	1883	314	449	792	1543	343	1886
"MD"	2000	17	3	4	4	1523	145	1668	1646	186	1852	1464	138	1602
"MD"	2000	17	4	1	5	562	393	955	470	567	1065	505	422	927
"MD"	2000	17	5	1	5	1504	383	1887	1558	485	2075	1462	395	1857
"MD"	2000	17	5	2	4	1018	148	1166	1082	173	1278	1027	140	1167
"MD"	2000	17	5	3	4	1128	145	1273	1209	174	1403	1113	131	1244
"MD"	2000	17	5	4	4	1717	307	2024	1888	379	2311	1721	286	2007
"MD"	2000	17	5	5	4	1545	288	1833	1627	383	2033	1569	280	1849
"MD"	2000	17	5	6	4	2034	219	2253	2174	262	2455	2015	205	2220
"MD"	2000	17	5	7	4	1526	331	1857	1614	399	2041	1535	307	1842
"MD"	2000	17	5	8	5	712	304	1016	648	412	1082	675	335	1010
"MD"	2000	17	6	1	4	1182	129	1311	1303	164	1477	1153	114	1267
"MD"	2000	17	6	2	4	493	83	576	541	92	641	505	68	573
"MD"	2000	17	6	3	4	1469	60	1529	1607	69	1689	1452	53	1505
"MD"	2000	17	6	4	4	1071	67	1138	1218	60	1289	1004	60	1064
"MD"	2000	17	6	5	4	730	49	779	825	60	898	701	41	742
"MD"	2000	17	6	6	4	1063	35	1098	1169	54	1235	1041	32	1073
"MD"	2000	17	6	7	4	1446	230	1676	1620	269	1916	1443	215	1658
"MD"	2000	17	6	8	4	1003	42	1045	1089	43	1143	992	32	1024
"MD"	2000	17	6	9	4	963	49	1012	1032	61	1103	934	45	979
"MD"	2000	17	6	10	4	1096	66	1162	1306	73	1385	1050	56	1106
"MD"	2000	17	6	11	4	1075	76	1151	1133	105	1247	1050	77	1127
"MD"	2000	17	6	12	4	1660	106	1766	1816	109	1946	1620	90	1710
"MD"	2000	17	6	13	4	1111	268	1379	1197	329	1551	1132	253	1385
"MD"	2000	17	6	14	4	827	139	966	881	157	1049	840	126	966
"MD"	2000	17	6	15	4	1295	43	1338	1407	48	1464	1242	41	1283
"MD"	2000	17	6	16	4	1099	61	1160	1178	88	1273	1064	71	1135
"MD"	2000	17	6	17	4	1572	73	1645	1682	86	1773	1542	73	1615
"MD"	2000	17	6	18	4	351	51	402	401	65	471	331	51	382
"MD"	2000	17	6	19	4	705	34	739	765	51	819	660	38	698
"MD"	2000	17	6	20	4	1705	81	1786	1766	90	1871	1698	64	1762
"MD"	2000	17	6	21	4	334	24	358	358	21	384	314	27	341
"MD"	2000	17	6	22	4	1220	61	1281	1328	70	1405	1181	60	1241
"MD"	2000	17	6	23	4	762	56	818	829	71	909	735	52	787
"MD"	2000	17	7	1	5	2141	479	2620	2144	645	2839	2100	496	2596
"MD"	2000	17	7	2	5	516	410	926	450	523	1011	486	421	907
"MD"	2000	17	7	3	5	599	519	1118	545	631	1234	585	519	1104
"MD"	2000	17	7	4	5	753	521	1274	647	706	1409	693	571	1264
"MD"	2000	17	7	5	5	955	600	1555	856	777	1697	895	648	1543
"MD"	2000	17	7	6	5	853	209	1062	853	267	1158	822	218	1040
"MD"	2000	17	7	7	5	923	356	1279	947	476	1467	890	380	1270
"MD"	2000	17	7	8	5	1540	681	2221	1513	881	2465	1495	702	2197
"MD"	2000	17	7	9	5	1157	147	1304	1182	232	1430	1126	174	1300
"MD"	2000	17	7	10	5	1733	617	2350	1746	843	2640	1701	657	2358
"MD"	2000	17	7	11	4	2298	122	2420	2348	174	2544	2280	105	2385
"MD"	2000	17	7	12	4	1114	50	1164	1165	68	1245	1111	38	1149
"MD"	2000	17	8	1	5	355	220	575	340	293	647	348	211	559
"MD"	2000	17	9	1	5	1648	228	1876	1781	302	2113	1635	232	1867
"MD"	2000	17	9	2	5	1456	184	1640	1488	273	1787	1431	203	1634
"MD"	2000	17	9	3	4	123	115	238	137	139	279	125	120	245
"MD"	2000	17	9	4	5	933	136	1069	949	190	1149	892	157	1049
"MD"	2000	17	9	5	4	1397	160	1557	1501	182	1696	1395	141	1536
"MD"	2000	17	9	6	5	2379	366	2745	2457	496	2993	2333	374	2707
"MD"	2000	17	9	7	5	1344	127	1471	1447	172	1637	1314	135	1449
"MD"	2000	17	9	8	5	1703	208	1911	1812	280	2105	1658	216	1874
"MD"	2000	17	9	9	5	486	151	637	476	205	697	468	154	622
"MD"	2000	17	9	10	5	107	27	134	103	40	146	99	29	128
"MD"	2000	17	9	11	5	753	160	913	789	212	1021	727	166	893
"MD"	2000	17	10	1	5	510	109	619	531	137	685	498	115	613
"MD"	2000	17	10	2	5	1168	420	1588	1154	530	1746	1146	459	1605
"MD"	2000	17	10	3	5	549	249	798	531	338	912	509	291	800
"MD"	2000	17	10	4	5	706	218	924	731	284	1043	697	235	932
"MD"	2000	17	10	5	5	1171	691	1862	980	967	2020	1079	804	1883
"MD"	2000	17	10	6	5	988	319	1307	979	414	1421	943	350	1293
"MD"	2000	17	10	7	5	725	261	986	726	324	1092	716	285	1001
"MD"	2000	17	10	8	5	662	228	890	670	295	988	656	238	894
"MD"	2000	17	10	9	5	1161	319	1480	1208	437	1690	1114	371	1485
"MD"	2000	17	10	10	5	658	172	830	626	255	906	615	215	830
"MD"	2000	17	10	11	5	758	206	964	762	263	1059	752	222	974
"MD"	2000	17	10	12	5	1109	352	1461	1157	424	1630	1109	358	1467
"MD"	2000	17	10	13	5	771	310	1081	745	422	1200	731	342	1073
"MD"	2000	17	11	1	5	1185	455	1640	1184	610	1852	1121	473	1594
"MD"	2000	17	11	2	5	2101	516	2617	2136	686	2862	1994	567	2561
"MD"	2000	17	12	1	4	717	164	881	746	215	970	712	169	881
"MD"	2000	17	12	2	4	856	110	966	914	109	1034	850	97	947
"MD"	2000	17	12	3	4	1179	76	1255	1251	80	1341	1155	65	1220
"MD"	2000	17	12	4	4	1494	89	1583	1579	102	1687	1465	73	1538
"MD"	2000	17	12	5	4	1271	220	1491	1366	249	1632	1274	197	1471
"MD"	2000	17	12	6	4	1054	39	1093	1119	57	1185	1013	51	1064
"MD"	2000	17	12	7	4	1795	196	1991	1956	215	2191	1773	180	1953
"MD"	2000	17	12	8	4	1155	83	1238	1203	101	1315	1129	76	1205
"MD"	2000	17	12	9	4	1231	26	1257	1315	24	1348	1197	29	1226
"MD"	2000	17	12	10	4	1273	266	1539	1350	308	1677	1319	230	1549
"MD"	2000	17	12	11	4	1754	148	1902	1856	169	2045	1751	127	1878
"MD"	2000	17	12	12	4	1367	134	1501	1437	156	1611	1357	127	1484
"MD"	2000	17	12	13	4	1699	68	1767	1788	80	1879	1676	64	1740
"MD"	2000	17	12	14	4	1175	193	1368	1209	239	1459	1180	185	1365
"MD"	2000	17	12	15	4	1123	94	1217	1242	90	1340	1119	83	1202
"MD"	2000	17	13	1	4	911	25	936	1012	27	1045	878	29	907
"MD"	2000	17	13	2	4	885	28	913	979	16	1001	847	16	863
"MD"	2000	17	13	3	4	925	45	970	996	42	1040	893	29	922
"MD"	2000	17	13	4	4	1028	91	1119	1114	96	1220	1012	79	1091
"MD"	2000	17	13	5	4	1315	101	1416	1381	126	1516	1327	89	1416
"MD"	2000	17	13	6	4	1407	66	1473	1483	95	1594	1379	54	1433
"MD"	2000	17	13	7	4	1367	67	1434	1489	97	1599	1306	71	1377
"MD"	2000	17	13	8	4	953	26	979	1068	31	1104	926	23	949
"MD"	2000	17	13	9	4	1345	42	1387	1429	68	1507	1330	41	1371
"MD"	2000	17	13	10	4	1323	44	1367	1422	48	1477	1293	37	1330
"MD"	2000	17	13	11	4	1953	112	2065	2097	108	2225	1953	73	2026
"MD"	2000	17	13	12	4	1640	75	1715	1699	86	1800	1628	63	1691
"MD"	2000	17	13	13	4	1080	88	1168	1134	95	1243	1093	73	1166
"MD"	2000	17	13	14	4	573	26	599	608	33	649	558	23	581
"MD"	2000	17	13	15	4	1716	266	1982	1776	347	2145	1747	254	2001
"MD"	2000	17	13	16	4	1155	20	1175	1207	32	1248	1118	24	1142
"MD"	2000	17	13	17	4	838	31	869	895	33	935	803	30	833
"MD"	2000	17	14	1	5	1776	585	2361	1701	757	2531	1731	612	2343
"MD"	2000	17	14	2	5	1548	280	1828	1604	344	1994	1542	285	1827
"MD"	2000	17	14	3	5	791	593	1384	661	753	1477	744	627	1371
"MD"	2000	17	14	4	5	662	500	1162	573	610	1235	614	526	1140
"MD"	2000	17	14	5	5	799	534	1333	666	713	1434	755	580	1335
"MD"	2000	17	14	6	5	507	451	958	448	538	1019	484	465	949
"MD"	2000	17	14	7	5	614	227	841	591	287	906	601	238	839
"MD"	2000	17	14	8	5	1095	216	1311	1082	314	1422	1070	239	1309
"MD"	2000	17	14	9	5	1239	580	1819	1152	755	1959	1201	611	1812
"MD"	2000	17	14	10	5	484	212	696	434	279	741	464	228	692
"MD"	2000	17	15	1	5	1346	429	1775	1352	555	1957	1304	460	1764
"MD"	2000	17	15	2	4	2198	283	2481	2348	339	2740	2177	271	2448
"MD"	2000	17	15	3	5	1162	325	1487	1174	406	1600	1144	336	1480
"MD"	2000	17	15	4	5	949	277	1226	921	375	1319	917	298	1215
"MD"	2000	17	16	1	5	239	50	289	252	79	334	245	55	300
"MD"	2000	17	16	2	5	320	66	386	317	76	417	313	66	379
"MD"	2000	17	16	3	5	874	220	1094	841	286	1217	870	227	1097
"MD"	2000	17	16	4	5	525	122	647	504	163	715	530	127	657
"MD"	2000	17	16	5	5	1128	224	1352	1154	315	1521	1111	241	1352
"MD"	2000	17	17	1	4	826	125	951	817	129	1060	845	110	955
"MD"	2000	17	17	2	4	626	98	724	671	128	825	616	107	723
"MD"	2000	17	17	3	4	252	36	288	275	43	334	256	37	293
"MD"	2000	17	17	4	4	356	47	403	390	61	460	364	42	406
"MD"	2000	17	17	5	4	976	63	1039	1015	86	1121	962	53	1015
"MD"	2000	17	17	6	4	449	72	521	473	82	577	444	73	517
"MD"	2000	17	17	7	4	567	93	660	623	125	756	550	97	647
"MD"	2000	17	17	8	4	1573	87	1660	1728	94	1835	1564	75	1639
"MD"	2000	17	17	9	4	808	166	974	874	192	1119	827	149	976
"MD"	2000	17	17	10	4	479	64	543	531	89	624	488	61	549
"MD"	2000	17	17	11	5	798	175	973	811	229	1073	786	188	974
"MD"	2000	17	17	12	4	1417	184	1601	1554	218	1802	1446	174	1620
"MD"	2000	17	17	13	4	1323	89	1412	1391	115	1519	1324	86	1410
"MD"	2000	17	17	14	4	1020	135	1155	1140	166	1335	1026	125	1151
"MD"	2000	17	18	1	4	1228	46	1274	1373	58	1438	1145	47	1192
"MD"	2000	17	18	2	4	773	35	808	841	30	876	761	28	789
"MD"	2000	17	18	3	4	973	16	989	1034	30	1068	907	16	923
"MD"	2000	17	18	4	4	804	35	839	840	41	884	782	32	814
"MD"	2000	17	18	5	4	775	19	794	814	31	848	745	21	766
"MD"	2000	17	18	6	4	1644	44	1688	1758	47	1813	1580	36	1616
"MD"	2000	17	18	7	4	1175	26	1201	1229	33	1265	1136	26	1162
"MD"	2000	17	18	8	4	928	20	948	987	22	1011	909	11	920
"MD"	2000	17	18	9	4	795	48	843	852	48	911	792	40	832
"MD"	2000	17	18	10	4	544	10	554	562	15	584	534	8	542
"MD"	2000	17	18	11	4	814	38	852	892	31	930	775	32	807
"MD"	2000	17	19	1	5	857	258	1115	860	337	1286	860	255	1115
"MD"	2000	17	19	2	5	692	149	841	748	177	948	694	140	834
"MD"	2000	17	19	3	5	947	271	1218	841	376	1289	931	290	1221
"MD"	2000	17	19	4	5	109	28	137	111	41	158	100	35	135
"MD"	2000	17	19	5	4	607	135	742	674	150	839	623	127	750
"MD"	2000	17	20	1	5	568	174	742	569	209	792	558	182	740
"MD"	2000	17	20	2	5	545	126	671	551	171	745	508	141	649
"MD"	2000	17	20	3	4	1190	105	1295	1316	125	1465	1168	102	1270
"MD"	2000	17	20	4	4	889	29	918	942	26	973	898	17	915
"MD"	2000	17	20	5	4	1936	192	2128	2120	224	2376	1903	173	2076
"MD"	2000	17	20	6	5	875	211	1086	870	305	1211	852	230	1082
"MD"	2000	17	20	7	5	723	164	887	751	242	1015	718	173	891
"MD"	2000	17	20	8	4	932	24	956	1011	23	1041	918	11	929
"MD"	2000	17	20	9	4	862	136	998	924	166	1107	874	130	1004
"MD"	2000	17	20	10	4	584	153	737	659	164	836	617	132	749
"MD"	2000	17	20	11	5	706	246	952	680	347	1056	674	265	939
"MD"	2000	17	21	1	5	948	330	1278	850	482	1437	910	356	1266
"MD"	2000	17	21	2	5	556	180	736	516	228	817	551	199	750
"MD"	2000	17	21	3	5	1334	297	1631	1235	391	1774	1291	337	1628
"MD"	2000	17	21	4	5	605	267	872	564	346	994	595	293	888
"MD"	2000	17	21	5	5	668	167	835	698	234	958	646	189	835
"MD"	2000	17	21	6	5	1050	323	1373	926	423	1491	1027	351	1378
"MD"	2000	17	21	7	5	686	346	1032	642	465	1166	672	368	1040
"MD"	2000	17	21	8	5	836	71	907	946	95	1069	840	83	923
"MD"	2000	17	21	9	5	435	117	552	414	157	601	424	127	551
"MD"	2000	17	21	10	5	633	298	931	600	372	1032	615	326	941
"MD"	2000	17	21	11	5	1036	177	1213	1041	237	1306	1021	187	1208
"MD"	2000	17	21	12	5	190	101	291	151	143	311	178	112	290
"MD"	2000	17	21	13	5	2213	327	2540	2190	448	2719	2189	345	2534
"MD"	2000	17	21	14	5	544	181	725	534	248	809	526	201	727
"MD"	2000	17	21	15	5	525	243	768	492	318	849	516	258	774
"MD"	2000	17	21	16	5	720	165	885	704	217	937	696	186	882
"MD"	2000	17	21	17	5	305	63	368	337	77	475	319	66	385
"MD"	2000	18	1	1	1	167	573	740	259	483	769	342	404	746
"MD"	2000	18	2	1	1	134	439	573	252	318	595	299	271	570
"MD"	2000	18	2	2	1	121	640	761	282	466	778	353	398	751
"MD"	2000	18	3	1	1	501	1616	2117	912	1219	2192	1089	1047	2136
"MD"	2000	18	4	1	1	665	2114	2779	1059	1731	2889	1277	1547	2824
"MD"	2000	18	4	2	1	366	1230	1596	621	990	1657	742	873	1615
"MD"	2000	18	4	3	1	494	1799	2293	801	1508	2382	999	1329	2328
"MD"	2000	18	5	1	1	224	738	962	376	586	994	451	524	975
"MD"	2000	18	5	2	1	513	1684	2197	890	1330	2292	1003	1225	2228
"MD"	2000	18	6	1	1	98	417	515	163	365	535	231	287	518
"MD"	2000	18	7	1	1	185	588	773	342	435	808	394	393	787
"MD"	2000	19	1	1	5	1211	645	1856	859	964	1898	1104	723	1827
"MD"	2000	19	2	1	5	1392	892	2284	960	1286	2308	1260	999	2259
"MD"	2000	19	3	1	5	349	155	504	258	250	518	330	162	492
"MD"	2000	19	3	2	5	1146	755	1901	760	1129	1926	1032	838	1870
"MD"	2000	19	3	3	5	842	611	1453	564	892	1490	753	675	1428
"MD"	2000	19	4	1	5	742	476	1218	517	701	1241	697	502	1199
"MD"	2000	19	4	2	5	793	673	1466	567	889	1489	694	733	1427
"MD"	2000	19	5	1	5	638	373	1011	461	547	1034	569	423	992
"MD"	2000	19	5	2	5	1283	1107	2390	925	1434	2407	1148	1213	2361
"MD"	2000	19	6	1	5	1192	887	2079	750	1303	2102	1080	987	2067
"MD"	2000	19	6	2	5	1020	767	1787	728	1058	1832	930	838	1768
"MD"	2000	19	7	1	5	852	368	1220	658	565	1243	813	398	1211
"MD"	2000	19	8	1	5	541	369	910	387	501	915	482	417	899
"MD"	2000	19	8	2	5	448	358	806	320	472	818	394	399	793
"MD"	2000	19	8	3	5	736	542	1278	506	772	1303	619	648	1267
"MD"	2000	19	8	4	5	757	542	1299	541	760	1339	650	648	1298
"MD"	2000	19	8	5	5	730	603	1333	455	859	1357	583	725	1308
"MD"	2000	19	8	6	5	502	412	914	325	583	929	431	469	900
"MD"	2000	19	8	7	5	940	587	1527	718	812	1560	839	674	1513
"MD"	2000	19	9	1	5	82	35	117	61	50	118	79	38	117
"MD"	2000	20	1	1	1	290	247	537	277	271	559	345	183	528
"MD"	2000	20	1	2	1	360	229	589	362	226	604	406	167	573
"MD"	2000	20	2	1	1	117	94	211	96	112	215	139	65	204
"MD"	2000	20	3	1	1	261	306	567	260	319	588	338	223	561
"MD"	2000	20	4	1	1	86	120	206	81	123	210	116	82	198
"MD"	2000	20	4	2	1	133	87	220	130	93	228	151	68	219
"MD"	2000	20	5	1	1	196	171	367	171	185	375	230	135	365
"MD"	2000	20	6	1	1	127	99	226	130	93	229	148	67	215
"MD"	2000	20	7	1	1	382	555	937	507	451	979	604	294	898
"MD"	2000	20	8	1	1	334	597	931	365	550	951	494	419	913
"MD"	2000	20	8	2	1	1	7	8	1	6	8	3	5	8
"MD"	2000	20	9	1	1	81	80	161	85	80	167	99	63	162
"MD"	2000	20	10	1	1	58	76	134	85	49	137	100	31	131
"MD"	2000	20	10	2	1	17	31	48	17	30	50	35	12	47
"MD"	2000	20	11	1	1	40	46	86	32	49	86	45	37	82
"MD"	2000	20	12	1	1	143	239	382	148	219	393	229	145	374
"MD"	2000	20	13	1	1	92	89	181	80	106	187	87	87	174
"MD"	2000	20	13	2	1	80	119	199	99	113	215	112	84	196
"MD"	2000	20	14	1	1	97	150	247	107	138	251	151	88	239
"MD"	2000	20	15	1	1	375	172	547	403	154	567	435	104	539
"MD"	2000	20	15	2	1	202	52	254	204	50	256	212	39	251
"MD"	2000	21	1	1	1	482	1566	2048	765	1247	2074	883	1142	2025
"MD"	2000	21	1	2	1	553	1451	2004	873	1103	2051	1035	965	2000
"MD"	2000	21	1	3	1	373	653	1026	535	495	1062	627	396	1023
"MD"	2000	21	1	4	1	87	299	386	147	232	391	173	212	385
"MD"	2000	21	1	5	1	295	959	1254	440	806	1288	556	701	1257
"MD"	2000	21	2	1	1	386	1188	1574	599	947	1604	718	857	1575
"MD"	2000	21	2	2	1	125	330	455	186	260	455	210	232	442
"MD"	2000	21	2	3	1	157	511	668	248	408	677	296	375	671
"MD"	2000	21	3	1	1	204	549	753	304	457	782	364	392	756
"MD"	2000	21	3	2	1	107	325	432	175	262	444	204	228	432
"MD"	2000	21	3	3	1	146	635	781	263	502	800	321	457	778
"MD"	2000	21	4	1	1	143	593	736	230	498	754	313	416	729
"MD"	2000	21	4	2	1	182	617	799	292	510	823	368	425	793
"MD"	2000	21	5	1	1	74	203	277	121	154	282	149	123	272
"MD"	2000	21	5	2	1	89	272	361	142	208	369	165	190	355
"MD"	2000	21	5	3	1	72	143	215	104	102	222	120	94	214
"MD"	2000	22	1	0	6	497	634	1131	474	648	1170	571	549	1120
"MD"	2000	22	2	0	6	643	938	1581	653	931	1635	827	746	1573
"MD"	2000	22	3	1	6	154	142	296	177	121	311	193	101	294
"MD"	2000	22	3	2	6	266	299	565	275	295	594	320	244	564
"MD"	2000	22	3	3	6	285	367	652	316	337	676	357	288	645
"MD"	2000	22	3	4	6	155	185	340	185	165	356	218	123	341
"MD"	2000	22	4	0	6	352	718	1070	356	745	1115	470	584	1054
"MD"	2000	22	5	0	6	343	825	1168	338	843	1207	481	679	1160
"MD"	2000	22	6	0	6	798	1240	2038	782	1231	2075	947	1062	2009
"MD"	2000	22	7	0	6	687	1349	2036	709	1367	2119	874	1152	2026
"MD"	2000	22	8	0	6	353	506	859	344	494	878	438	416	854
"MD"	2000	22	9	0	6	402	815	1217	384	837	1257	493	717	1210
"MD"	2000	22	10	1	6	680	1153	1833	689	1150	1886	844	977	1821
"MD"	2000	22	10	2	6	423	583	1006	432	591	1037	524	487	1011
"MD"	2000	22	10	3	6	251	359	610	263	352	632	330	285	615
"MD"	2000	22	11	1	6	163	248	411	167	232	420	200	209	409
"MD"	2000	22	11	2	6	103	98	201	103	100	211	111	88	199
"MD"	2000	22	12	0	6	369	583	952	363	592	983	448	501	949
"MD"	2000	22	13	0	6	705	1358	2063	739	1352	2143	923	1130	2053
"MD"	2000	22	14	1	6	151	292	443	145	299	455	186	254	440
"MD"	2000	22	14	2	6	136	250	386	134	254	399	172	216	388
"MD"	2000	22	15	0	6	160	466	626	145	502	659	228	397	625
"MD"	2000	22	16	0	6	329	912	1241	372	880	1278	502	722	1224
"MD"	2000	22	17	1	6	217	259	476	250	237	501	283	183	466
"MD"	2000	22	17	2	6	455	663	1118	496	643	1169	586	534	1120
"MD"	2000	22	18	1	6	806	1299	2105	798	1323	2179	977	1132	2109
"MD"	2000	22	18	2	6	603	794	1397	612	799	1436	746	651	1397
"MD"	2000	22	19	0	6	253	420	673	248	417	696	295	367	662
"MD"	2000	22	20	0	6	227	528	755	261	503	776	313	430	743
"MD"	2000	22	21	1	6	465	537	1002	447	542	1037	542	464	1006
"MD"	2000	22	21	2	6	560	580	1140	561	584	1176	652	490	1142
"MD"	2000	22	21	3	6	319	464	783	302	475	801	381	387	768
"MD"	2000	22	22	0	6	553	592	1145	591	557	1183	682	447	1129
"MD"	2000	22	23	0	6	424	951	1375	427	951	1407	551	815	1366
"MD"	2000	22	24	0	6	105	187	292	103	196	308	132	156	288
"MD"	2000	22	25	1	6	244	74	318	285	65	352	278	49	327
"MD"	2000	22	25	2	6	416	437	853	471	399	886	527	321	848
"MD"	2000	22	25	4	6	303	395	698	310	406	735	384	322	706
"MD"	2000	22	26	1	6	611	890	1501	627	889	1541	747	743	1490
"MD"	2000	22	26	2	6	563	696	1259	566	688	1304	713	553	1266
"MD"	2000	22	26	3	6	478	795	1273	491	793	1322	629	640	1269
"MD"	2000	22	27	1	6	360	651	1011	335	686	1058	406	621	1027
"MD"	2000	22	27	2	6	598	996	1594	581	1022	1642	750	830	1580
"MD"	2000	23	1	1	1	16	29	45	16	31	47	21	25	46
"MD"	2000	23	1	2	1	57	93	150	62	79	150	81	69	150
"MD"	2000	23	1	3	1	170	392	562	192	372	572	264	296	560
"MD"	2000	23	2	1	1	97	146	243	111	128	248	137	105	242
"MD"	2000	23	2	2	1	217	470	687	263	434	710	337	354	691
"MD"	2000	23	4	0	1	391	582	973	370	563	961	575	402	977
"MD"	2000	23	5	1	1	87	57	144	118	30	153	131	16	147
"MD"	2000	23	5	2	1	698	705	1403	806	583	1454	998	426	1424
"MD"	2000	23	5	3	1	832	1400	2232	870	1348	2287	1229	1013	2242
"MD"	2000	23	5	4	1	814	1329	2143	967	1157	2191	1313	818	2131
"MD"	2000	23	5	5	1	518	996	1514	607	876	1537	849	659	1508
"MD"	2000	23	6	0	1	119	146	265	86	179	274	142	120	262
"MD"	2000	23	7	0	1	249	334	583	267	322	603	349	241	590
"MD"	2000	23	8	1	1	560	1129	1689	677	986	1726	953	739	1692
"MD"	2000	23	8	2	1	506	1252	1758	599	1140	1785	916	838	1754
"MD"	2000	23	9	1	1	260	416	676	320	344	692	414	265	679
"MD"	2000	23	9	2	1	1351	419	1770	1654	191	1857	1667	146	1813
"MD"	2000	23	9	3	1	432	904	1336	491	833	1354	682	659	1341
"MD"	2000	23	9	4	1	7	11	18	8	8	18	12	6	18
"MD"	2000	23	9	5	1	82	27	109	103	9	112	101	9	110
"MD"	2000	23	9	9	1	280	617	897	316	568	913	472	431	903
"MD"	2000	23	10	1	1	88	46	134	118	25	145	127	14	141
"MD"	2000	23	10	2	1	100	259	359	103	250	364	159	193	352
"MD"	2000	23	11	1	1	441	679	1120	497	624	1161	691	442	1133
"MD"	2000	23	11	2	1	74	42	116	85	35	123	95	25	120
"MD"	2000	23	13	1	1	663	1178	1841	846	936	1881	1175	678	1853
"MD"	2000	23	13	3	1	757	917	1674	882	777	1719	1119	568	1687
"MD"	2000	23	13	4	1	187	160	347	219	118	355	266	84	350
"MD"	2000	23	14	0	1	265	332	597	249	351	615	334	264	598
"MD"	2000	23	15	1	1	150	305	455	155	310	470	218	245	463
"MD"	2000	23	15	2	1	270	345	615	296	327	636	372	251	623
"MD"	2000	23	16	1	1	381	701	1082	397	663	1102	578	510	1088
"MD"	2000	23	16	2	1	470	583	1053	528	522	1077	679	382	1061
"MD"	2000	23	17	0	1	360	396	756	474	285	787	526	240	766
"MD"	2000	24	1	1	1	1040	1087	2127	1096	1065	2191	1410	708	2118
"MD"	2000	24	1	2	1	157	212	369	144	216	375	216	147	363
"MD"	2000	24	2	1	1	134	230	364	123	235	366	189	166	355
"MD"	2000	24	2	2	1	550	537	1087	431	636	1107	664	409	1073
"MD"	2000	24	2	3	1	827	733	1560	662	851	1584	918	624	1542
"MD"	2000	24	3	1	1	493	246	739	537	233	784	586	162	748
"MD"	2000	24	3	2	1	243	231	474	192	286	490	276	194	470
"MD"	2000	24	3	3	1	703	188	891	680	216	910	742	142	884
"MD"	2000	24	4	1	1	1974	2875	4849	2154	2634	4950	2763	2102	4865
"MD"	2000	24	5	1	1	1177	1766	2943	1295	1615	3000	1646	1292	2938
"MD"	2000	24	5	2	1	951	1570	2521	1081	1409	2569	1321	1202	2523
"MD"	2000	24	5	3	1	367	485	852	317	514	863	447	392	839
