state	year	town	county	town_name	cd	g2000_USP_rv	g2000_USP_dv	g2000_USP_tv	g2000_USS_dv	g2000_USS_rv	g2000_USS_tv	g2000_USH_dv	g2000_USH_rv	g2000_USH_tv	ward	precinct
"ME"	2000	487	"AND"	"AUBURN"	2	1193	1321	2675	785	1802	2587	1820	799	2619	1	1
"ME"	2000	487	"AND"	"AUBURN"	2	858	1145	2145	666	1437	2103	1539	582	2121	2	1
"ME"	2000	487	"AND"	"AUBURN"	2	841	1175	2145	663	1446	2109	1596	541	2137	3	1
"ME"	2000	487	"AND"	"AUBURN"	2	868	1102	2104	643	1417	2060	1533	545	2078	4	1
"ME"	2000	487	"AND"	"AUBURN"	2	808	1271	2263	760	1470	2230	1699	529	2228	5	1
"ME"	2000	1	"AND"	"DURHAM"	2	919	851	1889	481	1369	1850	1194	634	1828	1	1
"ME"	2000	2	"AND"	"GREENE"	2	1002	960	2101	579	1476	2055	1471	605	2076	1	1
"ME"	2000	3	"AND"	"LEEDS"	2	434	464	959	280	652	932	683	248	931	1	1
"ME"	2000	488	"AND"	"LEWISTON"	2	845	1708	2733	1000	1675	2675	2138	541	2679	0	0
"ME"	2000	488	"AND"	"LEWISTON"	2	106	263	398	149	243	392	330	62	392	1	1
"ME"	2000	488	"AND"	"LEWISTON"	2	504	759	1327	505	804	1309	1033	288	1321	1	2
"ME"	2000	488	"AND"	"LEWISTON"	2	735	1108	1927	700	1222	1922	1504	424	1928	2	1
"ME"	2000	488	"AND"	"LEWISTON"	2	326	512	881	358	523	881	701	177	878	2	2
"ME"	2000	488	"AND"	"LEWISTON"	2	109	276	435	198	260	458	384	61	445	3	1
"ME"	2000	488	"AND"	"LEWISTON"	2	176	628	877	463	370	833	695	120	815	3	2
"ME"	2000	488	"AND"	"LEWISTON"	2	371	593	1001	355	656	1011	792	223	1015	4	1
"ME"	2000	488	"AND"	"LEWISTON"	2	485	821	1379	485	907	1392	1123	276	1399	4	2
"ME"	2000	488	"AND"	"LEWISTON"	2	119	317	466	210	270	480	395	88	483	5	1
"ME"	2000	488	"AND"	"LEWISTON"	2	240	506	787	357	446	803	681	127	808	5	2
"ME"	2000	488	"AND"	"LEWISTON"	2	106	220	354	148	217	365	289	66	355	6	1
"ME"	2000	488	"AND"	"LEWISTON"	2	342	597	989	418	576	994	798	194	992	6	2
"ME"	2000	488	"AND"	"LEWISTON"	2	260	521	826	334	501	835	681	154	835	7	1
"ME"	2000	488	"AND"	"LEWISTON"	2	531	834	1443	525	925	1450	1104	343	1447	7	2
"ME"	2000	489	"AND"	"LISBON"	2	857	1010	1994	611	1364	1975	1402	565	1967	1	1
"ME"	2000	489	"AND"	"LISBON"	2	1086	1029	2281	581	1640	2221	1569	675	2244	2	1
"ME"	2000	4	"AND"	"LIVERMORE"	2	487	604	1160	438	745	1183	871	284	1155	1	1
"ME"	2000	5	"AND"	"LIVERMORE FALLS"	2	441	811	1355	502	831	1333	1064	280	1344	1	1
"ME"	2000	6	"AND"	"MECHANIC FALLS"	2	669	679	1441	422	1012	1434	971	453	1424	1	1
"ME"	2000	7	"AND"	"MINOT"	2	625	503	1197	277	895	1172	771	393	1164	1	1
"ME"	2000	8	"AND"	"POLAND"	2	1163	1156	2488	705	1712	2417	1644	776	2420	1	1
"ME"	2000	9	"AND"	"SABATTUS"	2	842	1087	2048	648	1355	2003	1466	651	2117	1	1
"ME"	2000	10	"AND"	"TURNER"	2	1252	1172	2544	703	1818	2521	1706	793	2499	1	1
"ME"	2000	11	"AND"	"WALES"	2	348	248	633	179	447	626	401	223	624	1	1
"ME"	2000	12	"ARO"	"ALLAGASH"	2	75	81	166	53	100	153	95	50	145	1	1
"ME"	2000	13	"ARO"	"AMITY"	2	62	28	96	23	66	89	57	32	89	1	1
"ME"	2000	14	"ARO"	"ASHLAND"	2	353	317	691	150	527	677	529	156	685	1	1
"ME"	2000	15	"ARO"	"BANCROFT"	2	15	11	27	5	22	27	20	8	28	1	1
"ME"	2000	73	"ARO"	"BENEDICTA TWP."	2	60	42	110	37	68	105	79	29	108	1	1
"ME"	2000	16	"ARO"	"BLAINE (inc. E PLT.)"	2	292	112	411	51	343	394	242	160	402	1	1
"ME"	2000	17	"ARO"	"BRIDGEWATER"	2	189	121	327	59	250	309	225	111	336	1	1
"ME"	2000	18	"ARO"	"CARIBOU"	2	1574	1855	3574	845	2651	3496	2726	818	3544	1	1
"ME"	2000	19	"ARO"	"CARY PLT."	2	69	38	113	28	75	103	65	43	108	1	1
"ME"	2000	20	"ARO"	"CASTLE HILL"	2	144	85	232	35	197	232	157	71	228	1	1
"ME"	2000	21	"ARO"	"CASWELL"	2	40	96	142	26	119	145	128	20	148	1	1
"ME"	2000	22	"ARO"	"CHAPMAN"	2	107	109	222	30	182	212	153	62	215	1	1
"ME"	2000	68	"ARO"	"CONNOR TWP."	2	56	117	177	60	120	180	146	37	183	1	1
"ME"	2000	23	"ARO"	"CRYSTAL"	2	99	45	156	28	123	151	87	64	151	1	1
"ME"	2000	24	"ARO"	"CYR PLT."	2	15	38	53	22	28	50	40	8	48	1	1
"ME"	2000	25	"ARO"	"DYER BROOK"	2	92	45	140	22	117	139	88	49	137	1	1
"ME"	2000	26	"ARO"	"EAGLE LAKE"	2	162	305	488	191	284	475	409	75	484	1	1
"ME"	2000	27	"ARO"	"EASTON"	2	372	280	675	123	529	652	478	193	671	1	1
"ME"	2000	28	"ARO"	"FORT FAIRFIELD"	2	782	921	1756	392	1329	1721	1417	338	1755	1	1
"ME"	2000	29	"ARO"	"FORT KENT"	2	627	1337	2068	778	1245	2023	1782	291	2073	1	1
"ME"	2000	30	"ARO"	"FRENCHVILLE"	2	155	460	629	322	292	614	571	69	640	1	1
"ME"	2000	31	"ARO"	"GARFIELD PLT."	2	36	17	57	2	52	54	39	14	53	1	1
"ME"	2000	32	"ARO"	"GLENWOOD PLT."	2	3	0	3	0	3	3	1	2	3	1	1
"ME"	2000	33	"ARO"	"GRAND ISLE"	2	52	215	275	140	139	279	262	22	284	1	1
"ME"	2000	34	"ARO"	"HAMLIN"	2	37	72	114	38	73	111	103	9	112	1	1
"ME"	2000	35	"ARO"	"HAMMOND"	2	21	23	47	13	36	49	31	17	48	1	1
"ME"	2000	36	"ARO"	"HAYNESVILLE"	2	43	14	58	11	51	62	48	13	61	1	1
"ME"	2000	37	"ARO"	"HERSEY"	2	26	8	34	7	24	31	17	17	34	1	1
"ME"	2000	38	"ARO"	"HODGDON"	2	421	194	634	124	474	598	404	212	616	1	1
"ME"	2000	39	"ARO"	"HOULTON"	2	1595	998	2706	552	2118	2670	1935	762	2697	1	1
"ME"	2000	40	"ARO"	"ISLAND FALLS"	2	268	157	443	101	329	430	278	159	437	1	1
"ME"	2000	41	"ARO"	"LIMESTONE"	2	376	512	941	231	708	939	733	209	942	1	1
"ME"	2000	42	"ARO"	"LINNEUS"	2	281	75	375	76	282	358	186	177	363	1	1
"ME"	2000	43	"ARO"	"LITTLETON"	2	299	110	427	72	342	414	259	158	417	1	1
"ME"	2000	44	"ARO"	"LUDLOW"	2	115	56	187	37	137	174	115	64	179	1	1
"ME"	2000	45	"ARO"	"MACWAHOC PLT."	2	24	21	50	15	32	47	31	18	49	1	1
"ME"	2000	46	"ARO"	"MADAWASKA"	2	550	1640	2265	1153	1080	2233	2045	238	2283	1	1
"ME"	2000	72	"ARO"	"MADAWASKA LAKE TWP."	2	49	50	102	20	77	97	74	27	101	1	1
"ME"	2000	47	"ARO"	"MAPLETON"	2	531	376	949	170	750	920	689	258	947	1	1
"ME"	2000	48	"ARO"	"MARS HILL"	2	557	217	803	135	639	774	510	292	802	1	1
"ME"	2000	49	"ARO"	"MASARDIS"	2	81	52	134	19	112	131	98	33	131	1	1
"ME"	2000	50	"ARO"	"MERRILL"	2	70	46	121	30	90	120	77	39	116	1	1
"ME"	2000	51	"ARO"	"MONTICELLO"	2	237	147	400	86	308	394	260	130	390	1	1
"ME"	2000	52	"ARO"	"MORO PLT."	2	24	7	31	2	25	27	12	19	31	1	1
"ME"	2000	53	"ARO"	"NASHVILLE PLT."	2	11	16	27	6	21	27	20	8	28	1	1
"ME"	2000	54	"ARO"	"NEW CANADA"	2	48	77	130	34	95	129	109	23	132	1	1
"ME"	2000	55	"ARO"	"NEW LIMERICK"	2	193	98	300	32	261	293	187	104	291	1	1
"ME"	2000	56	"ARO"	"NEW SWEDEN"	2	176	161	355	85	260	345	257	88	345	1	1
"ME"	2000	57	"ARO"	"OAKFIELD"	2	200	128	339	57	280	337	236	101	337	1	1
"ME"	2000	58	"ARO"	"ORIENT"	2	28	33	68	25	42	67	54	13	67	1	1
"ME"	2000	59	"ARO"	"OXBOW PLT."	2	25	15	45	8	35	43	29	17	46	1	1
"ME"	2000	524	"ARO"	"PERHAM"	2	127	68	200	31	160	191	110	73	183	1	1
"ME"	2000	60	"ARO"	"PORTAGE LAKE"	2	129	121	259	48	203	251	197	60	257	1	1
"ME"	2000	490	"ARO"	"PRESQUE ISLE"	2	2231	2004	4415	980	3353	4333	3290	1120	4410	1	1
"ME"	2000	61	"ARO"	"REED PLT."	2	57	19	81	16	56	72	47	29	76	1	1
"ME"	2000	62	"ARO"	"SAINT AGATHA"	2	112	315	437	206	217	423	397	37	434	1	1
"ME"	2000	63	"ARO"	"SHERMAN"	2	374	138	545	117	414	531	317	209	526	1	1
"ME"	2000	69	"ARO"	"SINCLAIR TWP."	2	17	110	133	64	69	133	124	11	135	1	1
"ME"	2000	64	"ARO"	"SMYRNA"	2	85	67	156	29	122	151	110	42	152	1	1
"ME"	2000	65	"ARO"	"ST. FRANCIS"	2	105	216	337	125	200	325	264	67	331	1	1
"ME"	2000	66	"ARO"	"ST. JOHN PLT."	2	53	81	136	40	91	131	113	20	133	1	1
"ME"	2000	67	"ARO"	"STOCKHOLM"	2	65	94	166	69	95	164	138	31	169	1	1
"ME"	2000	70	"ARO"	"UN. TWP. OF T17 R5"	2	33	57	92	30	63	93	78	18	96	1	1
"ME"	2000	74	"ARO"	"VAN BUREN"	2	253	826	1115	467	671	1138	995	139	1134	1	1
"ME"	2000	75	"ARO"	"WADE"	2	73	42	125	20	96	116	74	41	115	1	1
"ME"	2000	76	"ARO"	"WALLAGRASS"	2	72	193	283	95	186	281	245	36	281	1	1
"ME"	2000	77	"ARO"	"WASHBURN"	2	449	380	852	174	652	826	621	227	848	1	1
"ME"	2000	78	"ARO"	"WESTFIELD"	2	161	119	294	82	204	286	202	83	285	1	1
"ME"	2000	79	"ARO"	"WESTMANLAND"	2	20	12	37	9	26	35	28	10	38	1	1
"ME"	2000	80	"ARO"	"WESTON"	2	83	30	113	19	92	111	69	44	113	1	1
"ME"	2000	81	"ARO"	"WINTERVILLE PLT."	2	41	82	130	43	85	128	106	24	130	1	1
"ME"	2000	82	"ARO"	"WOODLAND"	2	298	244	564	113	438	551	397	164	561	1	1
"ME"	2000	83	"CUM"	"BALDWIN"	1	397	261	710	161	510	671	345	310	678	1	1
"ME"	2000	84	"CUM"	"BRIDGTON"	1	1135	1166	2470	598	1803	2401	1370	956	2412	1	1
"ME"	2000	491	"CUM"	"BRUNSWICK"	1	830	1228	2234	746	1395	2141	1321	746	2138	0	0
"ME"	2000	491	"CUM"	"BRUNSWICK"	1	529	622	1237	367	859	1226	726	454	1213	1	1
"ME"	2000	491	"CUM"	"BRUNSWICK"	1	506	638	1226	418	781	1199	742	438	1199	2	1
"ME"	2000	491	"CUM"	"BRUNSWICK"	1	504	652	1236	387	826	1213	723	461	1211	3	1
"ME"	2000	491	"CUM"	"BRUNSWICK"	1	469	681	1219	386	808	1194	735	421	1177	4	1
"ME"	2000	491	"CUM"	"BRUNSWICK"	1	400	618	1087	385	692	1077	719	327	1078	5	1
"ME"	2000	491	"CUM"	"BRUNSWICK"	1	215	496	794	343	454	797	582	191	790	6	1
"ME"	2000	491	"CUM"	"BRUNSWICK"	1	314	612	1001	416	572	988	683	270	978	7	1
"ME"	2000	85	"CUM"	"CAPE ELIZABETH"	1	2709	2962	6014	1696	4192	5888	3044	2837	5975	1	1
"ME"	2000	86	"CUM"	"CASCO"	1	784	809	1728	470	1202	1672	991	646	1682	1	1
"ME"	2000	492	"CUM"	"CUMBERLAND"	1	2219	1797	4254	885	3238	4123	2175	1899	4156	1	1
"ME"	2000	492	"CUM"	"CUMBERLAND"	1	108	124	251	58	183	241	149	84	243	2	1
"ME"	2000	493	"CUM"	"FALMOUTH"	1	2161	1778	4146	934	3112	4046	2158	1796	4061	1	1
"ME"	2000	493	"CUM"	"FALMOUTH"	1	1100	1080	2297	545	1693	2238	1284	945	2259	2	1
"ME"	2000	87	"CUM"	"FREEPORT"	1	1766	2346	4471	1306	3066	4372	2729	1531	4390	1	1
"ME"	2000	530	"CUM"	"FRYE ISLAND"	1	41	15	58	8	44	52	18	36	55	1	1
"ME"	2000	494	"CUM"	"GORHAM"	1	587	657	1367	352	964	1316	744	519	1311	0	0
"ME"	2000	494	"CUM"	"GORHAM"	1	1125	1089	2345	593	1662	2255	1311	925	2293	1	1
"ME"	2000	494	"CUM"	"GORHAM"	1	730	766	1590	402	1130	1532	896	613	1553	2	1
"ME"	2000	494	"CUM"	"GORHAM"	1	911	882	1889	499	1328	1827	1072	746	1861	3	1
"ME"	2000	88	"CUM"	"GRAY"	1	1948	1608	3830	864	2881	3745	1971	1698	3784	1	1
"ME"	2000	495	"CUM"	"HARPSWELL"	1	515	621	1243	314	903	1217	706	471	1215	1	1
"ME"	2000	495	"CUM"	"HARPSWELL"	1	591	650	1324	347	955	1302	756	507	1292	2	1
"ME"	2000	495	"CUM"	"HARPSWELL"	1	373	335	779	187	587	774	414	332	765	3	1
"ME"	2000	89	"CUM"	"HARRISON"	1	636	550	1267	266	965	1231	627	555	1228	1	1
"ME"	2000	90	"CUM"	"LONG ISLAND"	1	74	89	176	45	123	168	103	67	173	1	1
"ME"	2000	91	"CUM"	"NAPLES"	1	881	808	1811	445	1327	1772	943	765	1771	1	1
"ME"	2000	92	"CUM"	"NEW GLOUCESTER"	1	1203	1074	2436	647	1808	2455	1282	1098	2456	1	1
"ME"	2000	93	"CUM"	"NORTH YARMOUTH"	1	968	934	2026	492	1495	1987	1130	821	1999	1	1
"ME"	2000	496	"CUM"	"PORTLAND"	1	2028	4988	7920	3148	4368	7516	5477	1844	7593	0	0
"ME"	2000	496	"CUM"	"PORTLAND"	1	404	1429	2085	1098	940	2038	1596	371	2055	1	1
"ME"	2000	496	"CUM"	"PORTLAND"	1	197	612	952	456	460	916	707	173	925	1	2
"ME"	2000	496	"CUM"	"PORTLAND"	1	101	382	530	248	263	511	410	110	528	1	3
"ME"	2000	496	"CUM"	"PORTLAND"	1	19	24	46	8	36	44	26	18	46	1	4
"ME"	2000	496	"CUM"	"PORTLAND"	1	20	39	61	13	45	58	38	22	60	1	5
"ME"	2000	496	"CUM"	"PORTLAND"	1	145	756	1053	581	439	1020	834	144	1025	2	1
"ME"	2000	496	"CUM"	"PORTLAND"	1	106	584	837	454	357	811	679	108	820	2	2
"ME"	2000	496	"CUM"	"PORTLAND"	1	158	538	774	376	375	751	585	153	762	2	3
"ME"	2000	496	"CUM"	"PORTLAND"	1	175	842	1236	662	521	1183	973	162	1197	2	4
"ME"	2000	496	"CUM"	"PORTLAND"	1	146	412	628	269	344	613	444	153	619	3	1
"ME"	2000	496	"CUM"	"PORTLAND"	1	320	818	1222	521	669	1190	918	258	1211	3	2
"ME"	2000	496	"CUM"	"PORTLAND"	1	580	1284	2007	837	1124	1961	1425	506	1987	3	3
"ME"	2000	496	"CUM"	"PORTLAND"	1	512	987	1593	606	959	1565	1135	419	1584	3	4
"ME"	2000	496	"CUM"	"PORTLAND"	1	447	863	1417	556	815	1371	1014	350	1401	4	1
"ME"	2000	496	"CUM"	"PORTLAND"	1	252	657	991	423	533	956	752	196	975	4	2
"ME"	2000	496	"CUM"	"PORTLAND"	1	239	441	725	250	456	706	515	195	722	4	3
"ME"	2000	496	"CUM"	"PORTLAND"	1	402	654	1100	351	721	1072	745	326	1092	4	4
"ME"	2000	496	"CUM"	"PORTLAND"	1	395	891	1368	500	840	1340	979	339	1356	4	5
"ME"	2000	496	"CUM"	"PORTLAND"	1	168	386	596	259	327	586	458	120	590	5	1
"ME"	2000	496	"CUM"	"PORTLAND"	1	304	545	899	352	520	872	638	225	880	5	2
"ME"	2000	496	"CUM"	"PORTLAND"	1	307	514	868	259	590	849	603	236	859	5	3
"ME"	2000	496	"CUM"	"PORTLAND"	1	572	873	1529	520	963	1483	1033	448	1513	5	4
"ME"	2000	496	"CUM"	"PORTLAND"	1	841	987	1904	554	1294	1848	1203	651	1873	5	5
"ME"	2000	94	"CUM"	"POWNAL"	1	380	437	885	259	609	868	520	301	846	1	1
"ME"	2000	95	"CUM"	"RAYMOND"	1	1145	1069	2370	621	1711	2332	1249	1007	2320	1	1
"ME"	2000	96	"CUM"	"SCARBOROUGH"	1	4964	4278	9725	2299	7047	9346	4898	4356	9530	1	1
"ME"	2000	97	"CUM"	"SEBAGO"	1	452	356	874	238	623	861	477	355	864	1	1
"ME"	2000	497	"CUM"	"SOUTH PORTLAND"	1	654	843	1579	499	1034	1533	855	674	1558	0	0
"ME"	2000	497	"CUM"	"SOUTH PORTLAND"	1	679	1401	2228	828	1355	2183	1481	686	2213	1	1
"ME"	2000	497	"CUM"	"SOUTH PORTLAND"	1	817	1515	2493	934	1499	2433	1627	792	2483	2	1
"ME"	2000	497	"CUM"	"SOUTH PORTLAND"	1	768	1145	2037	630	1345	1975	1244	727	2020	3	1
"ME"	2000	497	"CUM"	"SOUTH PORTLAND"	1	882	1380	2383	734	1591	2325	1408	905	2354	4	1
"ME"	2000	497	"CUM"	"SOUTH PORTLAND"	1	590	983	1669	540	1075	1615	1006	593	1650	5	1
"ME"	2000	98	"CUM"	"STANDISH"	1	2186	2017	4464	1088	3261	4349	2405	1835	4363	1	1
"ME"	2000	498	"CUM"	"WESTBROOK"	1	543	791	1411	401	943	1344	862	466	1363	0	0
"ME"	2000	498	"CUM"	"WESTBROOK"	1	541	674	1301	370	922	1292	810	433	1284	1	1
"ME"	2000	498	"CUM"	"WESTBROOK"	1	537	701	1317	424	871	1295	813	444	1294	2	1
"ME"	2000	498	"CUM"	"WESTBROOK"	1	389	558	1015	328	682	1010	643	334	1009	3	1
"ME"	2000	498	"CUM"	"WESTBROOK"	1	406	620	1091	351	722	1073	707	346	1079	4	1
"ME"	2000	498	"CUM"	"WESTBROOK"	1	842	972	1914	522	1378	1900	1195	662	1893	5	1
"ME"	2000	499	"CUM"	"WINDHAM"	1	527	392	966	199	736	935	440	470	930	0	0
"ME"	2000	499	"CUM"	"WINDHAM"	1	2141	1911	4311	1069	3117	4186	2355	1773	4250	1	1
"ME"	2000	499	"CUM"	"WINDHAM"	1	1086	1247	2489	663	1751	2414	1453	924	2446	2	1
"ME"	2000	500	"CUM"	"YARMOUTH"	1	2447	2459	5241	1247	3891	5138	2920	1295	4338	1	1
"ME"	2000	99	"FRA"	"AVON"	2	114	87	226	74	151	225	160	59	219	1	1
"ME"	2000	100	"FRA"	"CARRABASSETT VALLEY"	2	149	182	379	83	291	374	272	97	369	1	1
"ME"	2000	101	"FRA"	"CARTHAGE"	2	82	117	221	67	151	218	169	51	220	1	1
"ME"	2000	102	"FRA"	"CHESTERVILLE"	2	240	270	563	181	368	549	387	156	543	1	1
"ME"	2000	103	"FRA"	"COPLIN PLT."	2	37	35	83	15	66	81	61	21	82	1	1
"ME"	2000	104	"FRA"	"DALLAS PLT."	2	80	76	175	31	140	171	117	51	168	1	1
"ME"	2000	105	"FRA"	"EUSTIS"	2	179	171	392	92	286	378	273	108	381	1	1
"ME"	2000	106	"FRA"	"FARMINGTON"	2	1340	1888	3599	1098	2400	3498	2591	857	3448	1	1
"ME"	2000	119	"FRA"	"FREEMAN TWP."	2	54	23	82	9	73	82	53	30	83	1	1
"ME"	2000	107	"FRA"	"INDUSTRY"	2	204	197	443	150	286	436	320	120	440	1	1
"ME"	2000	108	"FRA"	"JAY"	2	828	1568	2563	1050	1533	2583	2091	497	2588	1	1
"ME"	2000	109	"FRA"	"KINGFIELD"	2	325	291	691	154	431	585	458	213	671	1	1
"ME"	2000	110	"FRA"	"MADRID"	2	41	49	95	25	63	88	59	28	87	1	1
"ME"	2000	111	"FRA"	"NEW SHARON"	2	328	328	743	193	540	733	515	211	726	1	1
"ME"	2000	112	"FRA"	"NEW VINEYARD"	2	206	138	381	100	252	352	235	120	355	1	1
"ME"	2000	120	"FRA"	"PERKINS TWP."	2	4	5	11	5	6	11	9	2	11	1	1
"ME"	2000	113	"FRA"	"PHILLIPS"	2	218	233	490	123	347	470	342	138	480	1	1
"ME"	2000	114	"FRA"	"RANGELEY"	2	395	247	696	101	579	680	421	253	674	1	1
"ME"	2000	115	"FRA"	"RANGELEY PLT."	2	56	37	97	21	71	92	52	40	92	1	1
"ME"	2000	116	"FRA"	"SANDY RIVER PLT."	2	30	29	64	11	50	61	40	21	61	1	1
"ME"	2000	117	"FRA"	"STRONG"	2	315	260	629	141	447	588	400	183	583	1	1
"ME"	2000	118	"FRA"	"TEMPLE"	2	126	164	324	96	215	311	230	84	314	1	1
"ME"	2000	122	"FRA"	"WELD"	2	129	133	273	72	200	272	188	88	276	1	1
"ME"	2000	123	"FRA"	"WILTON"	2	979	1065	2228	615	1539	2154	1571	594	2165	1	1
"ME"	2000	124	"HAN"	"AMHERST"	2	74	60	150	50	95	145	92	56	148	1	1
"ME"	2000	125	"HAN"	"AURORA"	2	43	23	70	15	54	69	37	33	70	1	1
"ME"	2000	126	"HAN"	"BAR HARBOR"	2	909	1549	2881	1030	1779	2809	2303	519	2822	1	1
"ME"	2000	127	"HAN"	"BLUE HILL"	2	583	655	1389	469	896	1365	1126	354	1480	1	1
"ME"	2000	128	"HAN"	"BROOKLIN"	2	207	243	515	202	306	508	378	133	511	1	1
"ME"	2000	129	"HAN"	"BROOKSVILLE"	2	255	302	638	231	396	627	477	153	630	1	1
"ME"	2000	130	"HAN"	"BUCKSPORT"	2	1058	1146	2415	742	1617	2359	1766	637	2403	1	1
"ME"	2000	131	"HAN"	"CASTINE"	2	276	312	647	196	427	623	452	171	623	1	1
"ME"	2000	501	"HAN"	"CRANBERRY ISLES"	2	17	26	48	9	40	49	37	12	49	1	1
"ME"	2000	501	"HAN"	"CRANBERRY ISLES"	2	30	41	82	21	61	82	67	12	79	2	1
"ME"	2000	132	"HAN"	"DEDHAM"	2	444	375	888	245	623	868	574	316	890	1	1
"ME"	2000	133	"HAN"	"DEER ISLE"	2	418	589	1099	424	641	1065	870	208	1078	1	1
"ME"	2000	134	"HAN"	"EASTBROOK"	2	96	77	191	56	118	174	119	68	187	1	1
"ME"	2000	502	"HAN"	"ELLSWORTH"	2	717	606	1429	404	995	1399	1008	408	1416	1	1
"ME"	2000	502	"HAN"	"ELLSWORTH"	2	255	204	502	125	358	483	338	162	500	2	1
"ME"	2000	502	"HAN"	"ELLSWORTH"	2	248	182	465	150	310	460	331	131	462	3	1
"ME"	2000	502	"HAN"	"ELLSWORTH"	2	509	414	1012	276	714	990	667	329	996	4	1
"ME"	2000	135	"HAN"	"FRANKLIN"	2	348	263	668	193	451	644	448	215	663	1	1
"ME"	2000	136	"HAN"	"FRENCHBORO"	2	21	15	39	9	27	36	33	5	38	1	1
"ME"	2000	137	"HAN"	"GOULDSBORO"	2	479	378	942	244	669	913	660	265	925	1	1
"ME"	2000	138	"HAN"	"GREAT POND"	2	17	6	31	7	22	29	21	9	30	1	1
"ME"	2000	139	"HAN"	"HANCOCK"	2	546	418	1048	292	724	1016	685	325	1010	1	1
"ME"	2000	140	"HAN"	"LAMOINE"	2	428	334	837	239	576	815	570	267	837	1	1
"ME"	2000	141	"HAN"	"MARIAVILLE"	2	106	68	184	37	134	171	112	67	179	1	1
"ME"	2000	503	"HAN"	"MOUNT DESERT"	2	521	727	1377	408	947	1355	1053	299	1352	1	1
"ME"	2000	142	"HAN"	"ORLAND"	2	472	573	1154	49	718	767	867	288	1155	1	1
"ME"	2000	143	"HAN"	"OSBORN"	2	27	6	36	6	26	32	19	17	36	1	1
"ME"	2000	144	"HAN"	"OTIS"	2	180	112	311	78	210	288	172	131	303	1	1
"ME"	2000	145	"HAN"	"PENOBSCOT"	2	360	334	800	241	528	769	572	208	780	1	1
"ME"	2000	146	"HAN"	"SEDGWICK"	2	268	264	617	206	393	599	442	164	606	1	1
"ME"	2000	147	"HAN"	"SORRENTO"	2	80	102	203	63	135	198	151	49	200	1	1
"ME"	2000	148	"HAN"	"SOUTHWEST HARBOR"	2	538	564	1224	332	923	1255	920	297	1217	1	1
"ME"	2000	149	"HAN"	"STONINGTON"	2	184	316	547	179	372	551	468	89	557	1	1
"ME"	2000	150	"HAN"	"SULLIVAN"	2	272	244	588	177	385	562	399	163	562	1	1
"ME"	2000	151	"HAN"	"SURRY"	2	367	345	795	268	506	774	540	240	780	1	1
"ME"	2000	152	"HAN"	"SWAN'S ISLAND"	2	144	69	231	55	164	219	145	81	226	1	1
"ME"	2000	528	"HAN"	"T3 ND"	2	2	4	7	3	5	8	7	1	8	1	1
"ME"	2000	153	"HAN"	"TREMONT"	2	383	422	921	276	621	897	690	223	913	1	1
"ME"	2000	154	"HAN"	"TRENTON"	2	349	297	715	197	504	701	540	173	713	1	1
"ME"	2000	526	"HAN"	"UN. TWP. DTT9 & T10"	2	4	2	6	1	4	5	5	1	6	1	1
"ME"	2000	155	"HAN"	"UN. TWP. NO. 8, S.D."	2	21	17	39	11	25	36	23	15	38	1	1
"ME"	2000	156	"HAN"	"VERONA"	2	164	131	314	102	205	307	232	78	310	1	1
"ME"	2000	157	"HAN"	"WALTHAM"	2	107	47	162	28	134	162	88	71	159	1	1
"ME"	2000	158	"HAN"	"WINTER HARBOR"	2	205	121	357	80	258	338	227	118	345	1	1
"ME"	2000	159	"KEN"	"ALBION"	2	494	390	941	275	641	916	667	251	918	1	1
"ME"	2000	504	"KEN"	"AUGUSTA"	1	635	1016	1772	574	1169	1743	1067	597	1721	0	0
"ME"	2000	504	"KEN"	"AUGUSTA"	1	604	915	1611	576	1016	1592	1058	489	1585	1	1
"ME"	2000	504	"KEN"	"AUGUSTA"	1	671	1055	1857	652	1188	1840	1192	558	1805	2	1
"ME"	2000	504	"KEN"	"AUGUSTA"	1	667	997	1731	637	1086	1723	1094	571	1705	3	1
"ME"	2000	504	"KEN"	"AUGUSTA"	1	767	1133	2015	686	1312	1998	1292	645	1990	4	1
"ME"	2000	160	"KEN"	"BELGRADE"	1	774	751	1634	431	1167	1598	909	616	1573	1	1
"ME"	2000	161	"KEN"	"BENTON"	1	587	617	1270	464	787	1251	799	375	1221	1	1
"ME"	2000	162	"KEN"	"CHELSEA"	1	465	642	1174	371	762	1133	732	367	1130	1	1
"ME"	2000	163	"KEN"	"CHINA"	2	955	965	2057	608	1409	2017	1427	583	2010	1	1
"ME"	2000	164	"KEN"	"CLINTON"	1	693	719	1491	592	861	1453	893	484		1	1
"ME"	2000	165	"KEN"	"FARMINGDALE"	1	670	788	1540	462	1027	1489	906	544	1494	1	1
"ME"	2000	166	"KEN"	"FAYETTE"	1	234	308	590	207	367	574	341	214	572	1	1
"ME"	2000	505	"KEN"	"GARDINER"	1	147	225	396	129	260	389	247	119	385	1	1
"ME"	2000	505	"KEN"	"GARDINER"	1	167	161	354	95	255	350	201	133	345	2	1
"ME"	2000	505	"KEN"	"GARDINER"	1	120	208	357	145	209	354	241	99	350	3	1
"ME"	2000	505	"KEN"	"GARDINER"	1	196	298	513	157	346	503	330	167	504	4	1
"ME"	2000	505	"KEN"	"GARDINER"	1	157	227	424	128	284	412	255	137	408	5	1
"ME"	2000	505	"KEN"	"GARDINER"	1	195	224	446	121	320	441	256	169	425	6	1
"ME"	2000	505	"KEN"	"GARDINER"	1	177	244	452	137	307	444	276	152	444	7	1
"ME"	2000	506	"KEN"	"HALLOWELL"	1	94	172	286	114	162	276	194	77	280	1	1
"ME"	2000	506	"KEN"	"HALLOWELL"	1	77	189	294	133	155	288	208	69	291	2	1
"ME"	2000	506	"KEN"	"HALLOWELL"	1	76	150	244	119	126	245	170	58	234	3	1
"ME"	2000	506	"KEN"	"HALLOWELL"	1	75	161	257	111	140	251	162	73	246	4	1
"ME"	2000	506	"KEN"	"HALLOWELL"	1	173	217	421	145	266	411	242	157	410	5	1
"ME"	2000	167	"KEN"	"LITCHFIELD"	1	684	702	1489	438	1009	1447	824	590	1455	1	1
"ME"	2000	168	"KEN"	"MANCHESTER"	1	692	720	1495	407	1071	1478	843	592	1460	1	1
"ME"	2000	507	"KEN"	"MONMOUTH"	2	734	701	1537	412	1118	1530	1043	457	1500	1	1
"ME"	2000	507	"KEN"	"MONMOUTH"	2	187	236	448	125	317	442	331	106	437	2	1
"ME"	2000	169	"KEN"	"MOUNT VERNON"	1	308	422	821	276	531	807	498	272	807	1	1
"ME"	2000	170	"KEN"	"OAKLAND"	1	1196	1414	2763	901	1810	2711	1707	859	2657	1	1
"ME"	2000	171	"KEN"	"PITTSTON"	1	645	676	1440	387	1039	1426	820	532	1400	1	1
"ME"	2000	172	"KEN"	"RANDOLPH"	1	380	602	1033	354	660	1014	682	305	1017	1	1
"ME"	2000	173	"KEN"	"READFIELD"	1	603	725	1405	423	962	1385	811	519	1368	1	1
"ME"	2000	174	"KEN"	"ROME"	1	270	248	554	169	365	534	317	191	531	1	1
"ME"	2000	175	"KEN"	"SIDNEY"	1	890	902	1895	560	1293	1853	1063	724	1849	1	1
"ME"	2000	176	"KEN"	"VASSALBORO"	1	831	1066	2047	668	1325	1993	1256	665	1996	1	1
"ME"	2000	177	"KEN"	"VIENNA"	1	103	155	293	102	181	283	189	72	271	1	1
"ME"	2000	508	"KEN"	"WATERVILLE"	1	332	550	940	379	551	930	623	258	908	1	1
"ME"	2000	508	"KEN"	"WATERVILLE"	1	268	572	904	406	497	903	642	210	889	2	1
"ME"	2000	508	"KEN"	"WATERVILLE"	1	274	753	1140	496	523	1019	724	226	993	3	1
"ME"	2000	508	"KEN"	"WATERVILLE"	1	369	684	1134	490	631	1121	798	259	1097	4	1
"ME"	2000	508	"KEN"	"WATERVILLE"	1	442	823	1344	552	790	1342	932	338	1295	5	1
"ME"	2000	508	"KEN"	"WATERVILLE"	1	187	350	590	275	307	582	405	139	574	6	1
"ME"	2000	508	"KEN"	"WATERVILLE"	1	243	547	841	344	488	832	593	172	794	7	1
"ME"	2000	178	"KEN"	"WAYNE"	2	303	365	721	206	504	710	500	194	694	1	1
"ME"	2000	179	"KEN"	"WEST GARDINER"	1	704	771	1579	469	1101	1570	994	520	1560	1	1
"ME"	2000	180	"KEN"	"WINDSOR"	1	518	518	1079	279	751	1030	606	399	1042	1	1
"ME"	2000	181	"KEN"	"WINSLOW"	1	1466	2280	3971	1501	2438	3939	2625	1106	3877	1	1
"ME"	2000	182	"KEN"	"WINTHROP"	1	1468	1644	3317	922	2361	3283	1907	1285	3287	1	1
"ME"	2000	183	"KNO"	"APPLETON"	1	292	315	697	201	469	670	396	228	653	1	1
"ME"	2000	184	"KNO"	"CAMDEN"	1	1125	1664	3139	963	2067	3030	1848	1032	2963	1	1
"ME"	2000	185	"KNO"	"CUSHING"	1	330	288	672	164	475	639	351	265	635	1	1
"ME"	2000	186	"KNO"	"FRIENDSHIP"	1	444	253	746	148	568	716	335	330	689	1	1
"ME"	2000	187	"KNO"	"HOPE"	1	372	312	754	188	523	711	378	308	715	1	1
"ME"	2000	188	"KNO"	"ISLE AU HAUT"	1	19	26	56	21	32	53	34	15	53	1	1
"ME"	2000	189	"KNO"	"MATINICUS ISLE PLT."	1	21	27	51	8	43	51	25	19	46	1	1
"ME"	2000	190	"KNO"	"NORTH HAVEN"	1	97	122	242	95	142	237	155	68	229	1	1
"ME"	2000	191	"KNO"	"OWL'S HEAD"	1	451	418	956	216	691	907	499	371	904	1	1
"ME"	2000	192	"KNO"	"ROCKLAND"	1	1430	1549	3320	887	2328	3215	1895	1171	3190	1	1
"ME"	2000	193	"KNO"	"ROCKPORT"	1	816	886	1872	479	1346	1825	1021	720	1791	1	1
"ME"	2000	194	"KNO"	"SOUTH THOMASTON"	1	347	354	793	170	582	752	475	260	754	1	1
"ME"	2000	195	"KNO"	"ST. GEORGE"	1	618	744	1529	399	1041	1440	887	524	1461	1	1
"ME"	2000	196	"KNO"	"THOMASTON"	1	618	656	1387	354	988	1342	781	522	1342	1	1
"ME"	2000	197	"KNO"	"UNION"	1	602	496	1240	284	920	1204	636	482	1176	1	1
"ME"	2000	198	"KNO"	"VINALHAVEN"	1	227	362	666	218	429	647	444	163	635	1	1
"ME"	2000	199	"KNO"	"WARREN"	1	823	643	1626	367	1187	1554	837	636	1537	1	1
"ME"	2000	200	"KNO"	"WASHINGTON"	1	336	338	755	223	498	721	415	265	713	1	1
"ME"	2000	201	"LIN"	"ALNA"	1	196	188	439	129	291	420	236	167	425	1	1
"ME"	2000	202	"LIN"	"BOOTHBAY"	1	925	772	1834	350	1444	1794	953	790	1801	1	1
"ME"	2000	203	"LIN"	"BOOTHBAY HARBOR"	1	720	659	1475	315	1111	1426	776	612	1423	1	1
"ME"	2000	204	"LIN"	"BREMEN"	1	233	211	505	138	351	489	270	209	493	1	1
"ME"	2000	205	"LIN"	"BRISTOL"	1	872	729	1730	427	1258	1685	919	706	1672	1	1
"ME"	2000	206	"LIN"	"DAMARISCOTTA"	1	599	539	1226	283	897	1180	650	504	1184	1	1
"ME"	2000	207	"LIN"	"DRESDEN"	1	399	386	865	238	611	849	478	343	849	1	1
"ME"	2000	208	"LIN"	"EDGECOMB"	1	342	327	739	193	533	726	411	297	725	1	1
"ME"	2000	209	"LIN"	"JEFFERSON"	1	708	554	1334	344	943	1287	684	550	1276	1	1
"ME"	2000	210	"LIN"	"MONHEGAN PLT."	1	21	31	71	28	42	70	42	20	68	1	1
"ME"	2000	211	"LIN"	"NEWCASTLE"	1	459	529	1094	306	775	1081	600	455	1081	1	1
"ME"	2000	212	"LIN"	"NOBLEBORO"	1	443	459	967	221	724	945	532	393	945	1	1
"ME"	2000	213	"LIN"	"SOMERVILLE"	1	124	112	258	68	180	248	136	100	247	1	1
"ME"	2000	214	"LIN"	"SOUTH BRISTOL"	1	285	285	614	169	432	601	342	244	600	1	1
"ME"	2000	215	"LIN"	"SOUTHPORT"	1	292	179	488	76	407	483	216	253	479	1	1
"ME"	2000	216	"LIN"	"WALDOBORO"	1	1146	1054	2421	613	1706	2319	1294	947	2359	1	1
"ME"	2000	217	"LIN"	"WESTPORT"	1	246	190	470	133	342	475	247	214	473	1	1
"ME"	2000	218	"LIN"	"WHITEFIELD"	1	503	547	1149	393	706	1099	669	389	1116	1	1
"ME"	2000	219	"LIN"	"WISCASSET"	1	944	883	1992	552	1397	1949	1047	816	1863	1	1
"ME"	2000	251	"OXF"	"ALBANY TWP."	2	95	126	244	60	179	239	172	62	234	1	1
"ME"	2000	220	"OXF"	"ANDOVER"	2	215	210	468	112	348	460	310	152	462	1	1
"ME"	2000	221	"OXF"	"BETHEL"	2	662	698	1480	356	1091	1447	978	465	1443	1	1
"ME"	2000	222	"OXF"	"BROWNFIELD"	2	281	323	649	162	476	638	436	200	636	1	1
"ME"	2000	223	"OXF"	"BUCKFIELD"	2	407	380	844	218	610	828	561	271	832	1	1
"ME"	2000	224	"OXF"	"BYRON"	2	28	34	71	14	54	68	53	16	69	1	1
"ME"	2000	225	"OXF"	"CANTON"	2	231	257	518	160	345	505	359	145	504	1	1
"ME"	2000	226	"OXF"	"DENMARK"	2	273	252	570	117	439	556	354	207	561	1	1
"ME"	2000	227	"OXF"	"DIXFIELD"	2	439	685	1253	375	822	1197	932	274	1206	1	1
"ME"	2000	228	"OXF"	"FRYEBURG"	2	713	706	1505	291	1170	1461	973	468	1441	1	1
"ME"	2000	229	"OXF"	"GILEAD"	2	44	39	96	20	71	91	55	36	91	1	1
"ME"	2000	230	"OXF"	"GREENWOOD"	2	170	199	399	99	286	385	266	124	390	1	1
"ME"	2000	231	"OXF"	"HANOVER"	2	67	73	152	40	109	149	101	50	151	1	1
"ME"	2000	232	"OXF"	"HARTFORD"	2	205	181	424	108	293	401	267	147	414	1	1
"ME"	2000	233	"OXF"	"HEBRON"	2	277	222	548	126	406	532	350	182	532	1	1
"ME"	2000	509	"OXF"	"HIRAM"	2	170	155	348	72	257	329	219	112	331	1	1
"ME"	2000	509	"OXF"	"HIRAM"	2	163	169	367	94	262	356	247	107	354	2	1
"ME"	2000	234	"OXF"	"LINCOLN PLT."	2	24	11	35	1	34	35	19	16	35	1	1
"ME"	2000	235	"OXF"	"LOVELL"	2	331	236	616	131	459	590	364	226	590	1	1
"ME"	2000	236	"OXF"	"MAGALLOWAY PLT."	2	12	3	15	3	12	15	4	11	15	1	1
"ME"	2000	237	"OXF"	"MEXICO"	2	357	917	1372	513	870	1383	1190	194	1384	1	1
"ME"	2000	253	"OXF"	"MILTON TWP."	2	31	22	56	13	41	54	34	20	54	1	1
"ME"	2000	238	"OXF"	"NEWRY"	2	85	108	213	48	165	213	145	65	210	1	1
"ME"	2000	239	"OXF"	"NORWAY"	2	963	1103	2230	582	1590	2172	1548	632	2180	1	1
"ME"	2000	240	"OXF"	"OTISFIELD"	2	390	384	839	199	625	824	533	285	818	1	1
"ME"	2000	241	"OXF"	"OXFORD"	2	797	782	1686	458	1198	1656	1071	580	1651	1	1
"ME"	2000	242	"OXF"	"PARIS"	2	1047	1106	2308	567	1705	2272	1599	657	2256	1	1
"ME"	2000	243	"OXF"	"PERU"	2	325	439	813	238	562	800	620	190	810	1	1
"ME"	2000	244	"OXF"	"PORTER"	2	355	293	714	152	538	690	439	243	682	1	1
"ME"	2000	245	"OXF"	"ROXBURY"	2	89	134	241	83	153	236	190	44	234	1	1
"ME"	2000	246	"OXF"	"RUMFORD"	2	1023	1945	3172	1307	1931	3238	2675	502	3177	1	1
"ME"	2000	247	"OXF"	"STONEHAM"	2	79	67	158	32	119	151	101	50	151	1	1
"ME"	2000	248	"OXF"	"STOW"	2	62	73	142	40	99	139	99	33	132	1	1
"ME"	2000	249	"OXF"	"SUMNER"	2	228	181	434	116	307	423	256	162	418	1	1
"ME"	2000	250	"OXF"	"SWEDEN"	2	78	79	175	37	130	167	107	59	166	1	1
"ME"	2000	254	"OXF"	"UPTON"	2	21	27	48	8	38	46	33	12	45	1	1
"ME"	2000	255	"OXF"	"WATERFORD"	2	385	373	818	179	601	780	550	237	787	1	1
"ME"	2000	256	"OXF"	"WEST PARIS"	2	336	378	763	192	561	753	529	214	743	1	1
"ME"	2000	257	"OXF"	"WOODSTOCK"	2	377	279	709	155	530	685	445	247	692	1	1
"ME"	2000	258	"PEN"	"ALTON"	2	229	193	452	131	304	435	316	127	443	1	1
"ME"	2000	510	"PEN"	"BANGOR"	2	1182	1419	2770	819	1880	2699	2108	650	2758	0	0
"ME"	2000	510	"PEN"	"BANGOR"	2	682	921	1709	570	1106	1676	1324	375	1699	1	1
"ME"	2000	510	"PEN"	"BANGOR"	2	632	631	1334	399	916	1315	989	348	1337	1	2
"ME"	2000	510	"PEN"	"BANGOR"	2	602	852	1556	570	941	1511	1215	333	1548	2	1
"ME"	2000	510	"PEN"	"BANGOR"	2	689	795	1567	524	1012	1536	1209	356	1565	2	2
"ME"	2000	510	"PEN"	"BANGOR"	2	651	682	1396	435	915	1350	1019	361	1380	3	1
"ME"	2000	510	"PEN"	"BANGOR"	2	613	595	1281	396	861	1257	916	352	1268	3	2
"ME"	2000	510	"PEN"	"BANGOR"	2	585	770	1454	515	918	1433	1121	337	1458	4	1
"ME"	2000	510	"PEN"	"BANGOR"	2	495	646	1253	458	764	1222	949	288	1237	4	2
"ME"	2000	259	"PEN"	"BRADFORD"	2	311	209	557	173	354	527	355	192	547	1	1
"ME"	2000	260	"PEN"	"BRADLEY"	2	241	411	688	244	427	671	547	145	692	1	1
"ME"	2000	511	"PEN"	"BREWER"	2	586	409	1016	248	749	997	620	389	1009	1	1
"ME"	2000	511	"PEN"	"BREWER"	2	502	397	930	264	635	899	640	288	928	2	1
"ME"	2000	511	"PEN"	"BREWER"	2	474	344	866	214	628	842	567	290	857	3	1
"ME"	2000	511	"PEN"	"BREWER"	2	301	309	662	188	459	647	481	177	658	4	1
"ME"	2000	511	"PEN"	"BREWER"	2	313	380	747	258	480	738	540	204	744	5	1
"ME"	2000	511	"PEN"	"BREWER"	2	427	362	808	203	589	792	569	236	805	5	2
"ME"	2000	261	"PEN"	"BURLINGTON"	2	114	69	194	56	132	188	133	59	192	1	1
"ME"	2000	262	"PEN"	"CARMEL"	2	783	376	1235	333	871	1204	813	409	1222	1	1
"ME"	2000	263	"PEN"	"CARROLL PLT."	2	48	21	76	19	55	74	48	28	76	1	1
"ME"	2000	264	"PEN"	"CHARLESTON"	2	445	166	651	154	466	620	365	281	646	1	1
"ME"	2000	265	"PEN"	"CHESTER"	2	186	69	267	68	192	260	168	97	265	1	1
"ME"	2000	266	"PEN"	"CLIFTON"	2	198	162	380	104	269	373	245	137	382	1	1
"ME"	2000	267	"PEN"	"CORINNA"	2	538	371	990	251	711	962	697	285	982	1	1
"ME"	2000	268	"PEN"	"CORINTH"	2	742	413	1239	312	877	1189	824	404	1228	1	1
"ME"	2000	269	"PEN"	"DEXTER"	2	950	765	1853	527	1308	1835	1386	461	1847	1	1
"ME"	2000	270	"PEN"	"DIXMONT"	2	296	232	573	169	375	544	406	162	568	1	1
"ME"	2000	271	"PEN"	"DREW PLT."	2	21	6	29	8	19	27	17	7	24	1	1
"ME"	2000	272	"PEN"	"EAST MILLINOCKET"	2	486	552	1084	353	732	1085	879	222	1101	1	1
"ME"	2000	273	"PEN"	"EDDINGTON"	2	557	484	1115	303	798	1101	758	376	1134	1	1
"ME"	2000	274	"PEN"	"EDINBURG"	2	43	47	95	36	57	93	68	27	95	1	1
"ME"	2000	275	"PEN"	"ENFIELD"	2	429	360	844	222	581	803	603	222	825	1	1
"ME"	2000	276	"PEN"	"ETNA"	2	245	214	493	160	331	491	372	121	493	1	1
"ME"	2000	277	"PEN"	"EXETER"	2	301	194	526	146	383	529	385	144	529	1	1
"ME"	2000	278	"PEN"	"GARLAND"	2	268	164	495	135	342	477	332	154	486	1	1
"ME"	2000	279	"PEN"	"GLENBURN"	2	1056	852	2000	551	1426	1977	1449	576	2025	1	1
"ME"	2000	280	"PEN"	"GREENBUSH"	2	360	219	614	174	417	591	388	226	614	1	1
"ME"	2000	512	"PEN"	"HAMPDEN"	2	959	815	1871	513	1286	1799	1300	562	1862	1	1
"ME"	2000	512	"PEN"	"HAMPDEN"	2	1003	693	1810	474	1307	1781	1184	627	1811	2	1
"ME"	2000	281	"PEN"	"HERMON"	2	1257	982	2344	557	1704	2261	1637	690	2327	1	1
"ME"	2000	282	"PEN"	"HOLDEN"	2	952	710	1765	456	1358	1814	1064	704	1768	1	1
"ME"	2000	283	"PEN"	"HOWLAND"	2	330	357	724	246	461	707	568	162	730	1	1
"ME"	2000	284	"PEN"	"HUDSON"	2	379	203	615	163	425	588	406	180	586	1	1
"ME"	2000	309	"PEN"	"INDIAN PURCHASE TWP."	2	75	46	130	35	93	128	90	39	129	1	1
"ME"	2000	285	"PEN"	"KENDUSKEAG"	2	293	262	588	151	422	573	451	137	588	1	1
"ME"	2000	310	"PEN"	"KINGMAN TWP."	2	58	33	96	22	84	106	57	56	113	1	1
"ME"	2000	286	"PEN"	"LAGRANGE"	2	150	142	316	97	206	303	206	108	314	1	1
"ME"	2000	287	"PEN"	"LAKEVILLE"	2	28	23	59	16	42	58	38	19	57	1	1
"ME"	2000	288	"PEN"	"LEE"	2	288	161	468	108	342	450	318	141	459	1	1
"ME"	2000	289	"PEN"	"LEVANT"	2	597	379	1009	237	731	968	674	342	1016	1	1
"ME"	2000	290	"PEN"	"LINCOLN"	2	1410	916	2477	685	1740	2425	1814	649	2463	1	1
"ME"	2000	291	"PEN"	"LOWELL"	2	101	66	170	42	124	166	112	55	167	1	1
"ME"	2000	292	"PEN"	"MATTAWAMKEAG"	2	206	182	432	144	273	417	328	97	425	1	1
"ME"	2000	293	"PEN"	"MAXFIELD"	2	32	15	48	11	37	48	32	14	46	1	1
"ME"	2000	294	"PEN"	"MEDWAY"	2	486	282	801	247	537	784	545	256	801	1	1
"ME"	2000	295	"PEN"	"MILFORD"	2	570	785	1459	536	910	1446	1106	345	1451	1	1
"ME"	2000	296	"PEN"	"MILLINOCKET"	2	1320	1495	2976	1058	1876	2934	2358	643	3001	1	1
"ME"	2000	297	"PEN"	"MOUNT CHASE"	2	78	26	112	21	91	112	64	49	113	1	1
"ME"	2000	298	"PEN"	"NEWBURGH"	2	400	326	786	218	554	772	569	217	786	1	1
"ME"	2000	299	"PEN"	"NEWPORT"	2	835	572	1483	396	1033	1429	1056	405	1461	1	1
"ME"	2000	513	"PEN"	"OLD TOWN"	2	463	845	1411	530	826	1356	1140	265	1405	1	1
"ME"	2000	513	"PEN"	"OLD TOWN"	2	598	623	1316	413	859	1272	974	321	1295	2	2
"ME"	2000	513	"PEN"	"OLD TOWN"	2	375	566	1035	370	634	1004	825	205	1030	3	1
"ME"	2000	513	"PEN"	"OLD TOWN"	2	68	179	262	110	147	257	211	46	257	4	1
"ME"	2000	514	"PEN"	"ORONO"	2	527	1071	1799	748	992	1740	1472	278	1750	1	1
"ME"	2000	514	"PEN"	"ORONO"	2	476	822	1610	482	1057	1539	1234	290	1524	1	2
"ME"	2000	514	"PEN"	"ORONO"	2	503	808	1446	522	864	1386	1157	265	1422	2	1
"ME"	2000	300	"PEN"	"ORRINGTON"	2	1085	851	2043	560	1418	1978	1240	764	2004	1	1
"ME"	2000	301	"PEN"	"PASSADUMKEAG"	2	124	81	216	58	152	210	145	68	213	1	1
"ME"	2000	302	"PEN"	"PATTEN"	2	386	186	591	111	467	578	384	194	578	1	1
"ME"	2000	303	"PEN"	"PENOBSCOT NATION VOTING DISTRICT"	2	21	173	208	112	93	205	136	56	192	1	1
"ME"	2000	304	"PEN"	"PLYMOUTH"	2	316	195	545	144	391	535	383	163	546	1	1
"ME"	2000	311	"PEN"	"PRENTISS TWP."	2	43	18	66	9	52	61	34	32	66	1	1
"ME"	2000	305	"PEN"	"SEBOEIS PLT."	2	19	9	31	6	27	33	16	17	33	1	1
"ME"	2000	306	"PEN"	"SPRINGFIELD"	2	83	74	171	55	110	165	125	44	169	1	1
"ME"	2000	307	"PEN"	"STACYVILLE"	2	138	82	231	66	162	228	147	83	230	1	1
"ME"	2000	308	"PEN"	"STETSON"	2	320	176	539	134	379	513	382	141	523	1	1
"ME"	2000	312	"PEN"	"VEAZIE"	2	505	448	1013	295	679	974	722	276	998	1	1
"ME"	2000	313	"PEN"	"WEBSTER PLT."	2	9	10	25	6	19	25	22	4	26	1	1
"ME"	2000	314	"PEN"	"WINN"	2	117	74	206	60	129	189	142	69	211	1	1
"ME"	2000	315	"PEN"	"WOODVILLE"	2	56	45	104	47	55	102	79	26	105	1	1
"ME"	2000	316	"PIS"	"ABBOT"	2	216	148	401	94	282	376	274	125	399	1	1
"ME"	2000	317	"PIS"	"ATKINSON"	2	105	64	188	48	135	183	130	56	186	1	1
"ME"	2000	318	"PIS"	"BEAVER COVE"	2	60	28	92	23	66	89	49	42	91	1	1
"ME"	2000	319	"PIS"	"BOWERBANK"	2	51	28	87	18	70	88	46	40	86	1	1
"ME"	2000	320	"PIS"	"BROWNVILLE"	2	362	325	757	241	489	730	569	188	757	1	1
"ME"	2000	321	"PIS"	"DOVER-FOXCROFT"	2	1126	831	2105	527	1526	2053	1454	629	2083	1	1
"ME"	2000	322	"PIS"	"GREENVILLE"	2	515	424	992	276	694	970	714	275	989	1	1
"ME"	2000	529	"PIS"	"GREENVILLE TWPS."	2	70	22	101	20	77	97	61	38	99	1	1
"ME"	2000	323	"PIS"	"GUILFORD"	2	419	306	784	191	564	755	543	222	765	1	1
"ME"	2000	324	"PIS"	"KINGSBURY PLT."	2	8	2	11	1	11	12	8	4	12	1	1
"ME"	2000	325	"PIS"	"LAKE VIEW PLT."	2	37	25	63	15	45	60	41	20	61	1	1
"ME"	2000	326	"PIS"	"MEDFORD"	2	65	37	112	31	77	108	71	40	111	1	1
"ME"	2000	327	"PIS"	"MILO"	2	549	511	1130	358	718	1076	861	260	1121	1	1
"ME"	2000	328	"PIS"	"MONSON"	2	229	232	502	116	367	483	366	102	468	1	1
"ME"	2000	338	"PIS"	"ORNEVILLE TWP."	2	28	42	74	33	39	72	56	19	75	1	1
"ME"	2000	329	"PIS"	"PARKMAN"	2	208	144	390	113	267	380	275	117	392	1	1
"ME"	2000	330	"PIS"	"SANGERVILLE"	2	357	293	697	178	491	669	506	190	696	1	1
"ME"	2000	331	"PIS"	"SEBEC"	2	200	109	325	84	225	309	204	117	321	1	1
"ME"	2000	332	"PIS"	"SHIRLEY"	2	73	32	121	32	85	117	72	37	109	1	1
"ME"	2000	335	"PIS"	"UN. TWP. OF T1 R9"	2	52	25	81	18	63	81	56	26	82	1	1
"ME"	2000	340	"PIS"	"WELLINGTON"	2	45	100	149	70	77	147	126	21	147	1	1
"ME"	2000	341	"PIS"	"WILLIMANTIC"	2	70	17	94	23	60	83	39	48	87	1	1
"ME"	2000	342	"SAG"	"ARROWSIC"	1	86	190	310	119	183	302	213	94	310	1	1
"ME"	2000	515	"SAG"	"BATH"	1	270	327	652	176	457	633	377	262	661	0	0
"ME"	2000	515	"SAG"	"BATH"	1	228	308	591	189	389	578	358	208	579	1	1
"ME"	2000	515	"SAG"	"BATH"	1	214	286	556	165	370	535	343	168	533	2	1
"ME"	2000	515	"SAG"	"BATH"	1	171	209	430	132	291	423	248	160	420	3	1
"ME"	2000	515	"SAG"	"BATH"	1	190	283	506	125	371	496	312	163	489	4	1
"ME"	2000	515	"SAG"	"BATH"	1	265	305	614	178	409	587	346	233	602	5	1
"ME"	2000	515	"SAG"	"BATH"	1	186	293	526	183	332	515	339	162	518	6	1
"ME"	2000	515	"SAG"	"BATH"	1	279	319	637	154	462	616	369	227	617	7	1
"ME"	2000	343	"SAG"	"BOWDOIN"	1	654	526	1269	334	911	1245	655	549	1238	1	1
"ME"	2000	344	"SAG"	"BOWDOINHAM"	1	609	717	1492	459	994	1453	918	493	1470	1	1
"ME"	2000	345	"SAG"	"GEORGETOWN"	1	282	320	656	193	430	623	376	246	636	1	1
"ME"	2000	346	"SAG"	"PHIPPSBURG"	1	631	571	1316	326	944	1270	777	514	1343	1	1
"ME"	2000	347	"SAG"	"RICHMOND"	1	720	742	1591	441	1101	1542	901	598	1545	1	1
"ME"	2000	516	"SAG"	"TOPSHAM"	1	2042	2240	4588	1188	3239	4427	2627	1689	4463	1	1
"ME"	2000	348	"SAG"	"WEST BATH"	1	454	505	1046	261	764	1025	573	436	1033	1	1
"ME"	2000	349	"SAG"	"WOOLWICH"	1	771	703	1626	431	1138	1569	870	640	1572	1	1
"ME"	2000	350	"SOM"	"ANSON"	2	499	526	1119	361	721	1082	846	258	1104	1	1
"ME"	2000	351	"SOM"	"ATHENS"	2	178	177	387	125	244	369	266	121	387	1	1
"ME"	2000	352	"SOM"	"BINGHAM"	2	278	265	574	149	401	550	419	147	566	1	1
"ME"	2000	353	"SOM"	"BRIGHTON PLT."	2	12	22	41	14	26	40	33	7	40	1	1
"ME"	2000	354	"SOM"	"CAMBRIDGE"	2	149	75	246	42	198	240	157	83	240	1	1
"ME"	2000	355	"SOM"	"CANAAN"	2	356	483	919	376	520	896	706	211	917	1	1
"ME"	2000	356	"SOM"	"CARATUNK"	2	38	22	65	14	47	61	42	25	67	1	1
"ME"	2000	357	"SOM"	"CORNVILLE"	2	302	237	589	174	405	579	403	175	578	1	1
"ME"	2000	358	"SOM"	"DENNISTOWN PLT."	2	13	6	22	2	20	22	15	7	22	1	1
"ME"	2000	359	"SOM"	"DETROIT"	2	150	191	370	135	231	366	279	91	370	1	1
"ME"	2000	360	"SOM"	"EMBDEN"	2	166	134	330	189	227	416	265	84	349	1	1
"ME"	2000	361	"SOM"	"FAIRFIELD"	2	1122	1646	2997	1141	1812	2953	2376	598	2974	1	1
"ME"	2000	362	"SOM"	"HARMONY"	2	199	207	436	136	279	415	311	114	425	1	1
"ME"	2000	363	"SOM"	"HARTLAND"	2	463	324	847	263	554	817	578	262	840	1	1
"ME"	2000	364	"SOM"	"HIGHLAND PLT."	2	69	44	130	24	92	116	70	45	115	1	1
"ME"	2000	365	"SOM"	"JACKMAN"	2	244	208	485	112	354	466	345	128	473	1	1
"ME"	2000	366	"SOM"	"MADISON"	2	821	1151	2132	771	1327	2098	1698	430	2128	1	1
"ME"	2000	367	"SOM"	"MERCER"	2	157	169	345	112	223	335	241	101	342	1	1
"ME"	2000	368	"SOM"	"MOOSE RIVER"	2	73	34	110	14	93	107	75	37	112	1	1
"ME"	2000	369	"SOM"	"MOSCOW"	2	83	150	252	95	156	251	186	47	233	1	1
"ME"	2000	370	"SOM"	"NEW PORTLAND"	2	217	202	454	104	319	423	311	126	437	1	1
"ME"	2000	371	"SOM"	"NORRIDGEWOCK"	2	657	722	1487	432	1031	1463	1107	370	1477	1	1
"ME"	2000	372	"SOM"	"PALMYRA"	2	566	368	1000	297	646	943	704	267	971	1	1
"ME"	2000	373	"SOM"	"PITTSFIELD"	2	963	896	1983	619	1276	1895	1413	521	1934	1	1
"ME"	2000	374	"SOM"	"PLEASANT RIDGE PLT."	2	33	22	62	12	47	59	47	10	57	1	1
"ME"	2000	375	"SOM"	"RIPLEY"	2	154	88	257	67	178	245	167	87	254	1	1
"ME"	2000	382	"SOM"	"ROCKWOOD TWP."	2	153	65	223	47	158	205	135	84	219	1	1
"ME"	2000	376	"SOM"	"SKOWHEGAN"	2	1513	2158	3883	1316	2552	3868	3094	778	3872	1	1
"ME"	2000	377	"SOM"	"SMITHFIELD"	2	213	250	508	159	338	497	382	118	500	1	1
"ME"	2000	378	"SOM"	"SOLON"	2	181	244	471	156	300	456	350	121	471	1	1
"ME"	2000	379	"SOM"	"ST. ALBANS"	2	499	306	866	237	581	818	593	265	858	1	1
"ME"	2000	380	"SOM"	"STARKS"	2	113	119	278	95	168	263	199	76	275	1	1
"ME"	2000	381	"SOM"	"THE FORKS PLT."	2	21	9	36	8	26	34	24	9	33	1	1
"ME"	2000	383	"SOM"	"WEST FORKS PLT."	2	29	18	47	13	31	44	28	15	43	1	1
"ME"	2000	517	"WAL"	"BELFAST"	2	472	654	1269	426	815	1241	999	258	1257	1	1
"ME"	2000	517	"WAL"	"BELFAST"	2	525	575	1234	403	790	1193	926	283	1209	2	1
"ME"	2000	517	"WAL"	"BELFAST"	2	393	368	844	254	556	810	609	218	827	3	1
"ME"	2000	384	"WAL"	"BELMONT"	2	193	182	401	117	270	387	283	111	394	1	1
"ME"	2000	385	"WAL"	"BROOKS"	2	250	190	486	127	331	458	343	133	476	1	1
"ME"	2000	386	"WAL"	"BURNHAM"	2	254	259	561	171	354	525	407	133	540	1	1
"ME"	2000	387	"WAL"	"FRANKFORT"	2	252	216	505	169	318	487	365	137	502	1	1
"ME"	2000	388	"WAL"	"FREEDOM"	2	144	169	350	126	201	327	259	80	339	1	1
"ME"	2000	389	"WAL"	"ISLESBORO"	2	114	181	346	106	219	325	260	80	340	1	1
"ME"	2000	390	"WAL"	"JACKSON"	2	127	101	255	86	171	257	187	71	258	1	1
"ME"	2000	391	"WAL"	"KNOX"	2	208	133	377	98	259	357	267	98	365	1	1
"ME"	2000	392	"WAL"	"LIBERTY"	2	227	243	504	175	303	478	334	150	484	1	1
"ME"	2000	393	"WAL"	"LINCOLNVILLE"	2	529	573	1238	360	817	1177	891	303	1194	1	1
"ME"	2000	394	"WAL"	"MONROE"	2	109	232	393	192	292	484	370	119	489	1	1
"ME"	2000	395	"WAL"	"MONTVILLE"	2	186	245	510	206	277	483	374	111	485	1	1
"ME"	2000	396	"WAL"	"MORRILL"	2	238	141	411	94	291	385	254	146	400	1	1
"ME"	2000	397	"WAL"	"NORTHPORT"	2	397	345	831	226	587	813	592	220	812	1	1
"ME"	2000	398	"WAL"	"PALERMO"	2	342	287	683	171	476	647	429	224	653	1	1
"ME"	2000	399	"WAL"	"PROSPECT"	2	152	141	329	93	223	316	229	98	327	1	1
"ME"	2000	400	"WAL"	"SEARSMONT"	2	314	267	645	209	403	612	428	190	618	1	1
"ME"	2000	401	"WAL"	"SEARSPORT"	2	637	577	1331	391	905	1296	948	367	1315	1	1
"ME"	2000	402	"WAL"	"STOCKTON SPRINGS"	2	414	405	889	280	576	856	614	271	885	1	1
"ME"	2000	403	"WAL"	"SWANVILLE"	2	294	283	650	190	424	614	476	158	634	1	1
"ME"	2000	404	"WAL"	"THORNDIKE"	2	176	146	366	115	236	351	248	109	357	1	1
"ME"	2000	405	"WAL"	"TROY"	2	240	195	487	130	329	459	358	108	466	1	1
"ME"	2000	406	"WAL"	"UNITY"	2	408	412	1011	307	636	943	699	252	951	1	1
"ME"	2000	407	"WAL"	"WALDO"	2	176	125	350	105	229	334	258	80	338	1	1
"ME"	2000	408	"WAL"	"WINTERPORT"	2	918	832	1882	515	1292	1807	1345	532	1877	1	1
"ME"	2000	409	"WAS"	"ADDISON"	2	335	212	588	137	436	573	387	192	579	1	1
"ME"	2000	410	"WAS"	"ALEXANDER"	2	135	89	241	58	184	242	157	82	239	1	1
"ME"	2000	411	"WAS"	"BAILEYVILLE"	2	363	381	773	252	500	752	613	152	765	1	1
"ME"	2000	412	"WAS"	"BARING"	2	50	49	108	41	63	104	77	27	104	1	1
"ME"	2000	413	"WAS"	"BEALS"	2	132	127	264	79	175	254	197	59	256	1	1
"ME"	2000	414	"WAS"	"BEDDINGTON"	2	9	11	20	8	11	19	15	5	20	1	1
"ME"	2000	452	"WAS"	"BROOKTON TWP."	2	69	24	95	13	75	88	50	47	97	1	1
"ME"	2000	518	"WAS"	"CALAIS"	2	337	255	621	159	449	608	477	147	624	1	1
"ME"	2000	518	"WAS"	"CALAIS"	2	483	390	907	212	652	864	684	198	882	2	1
"ME"	2000	518	"WAS"	"CALAIS"	2	55	45	111	29	76	105	73	32	105	3	1
"ME"	2000	415	"WAS"	"CENTERVILLE"	2	13	8	21	3	17	20	17	4	21	1	1
"ME"	2000	416	"WAS"	"CHARLOTTE"	2	110	49	168	26	141	167	115	54	169	1	1
"ME"	2000	417	"WAS"	"CHERRYFIELD"	2	335	232	624	148	450	598	431	193	624	1	1
"ME"	2000	418	"WAS"	"CODYVILLE PLT."	2	5	4	9	3	5	8	7	1	8	1	1
"ME"	2000	419	"WAS"	"COLUMBIA"	2	108	60	195	51	134	185	115	71	186	1	1
"ME"	2000	420	"WAS"	"COLUMBIA FALLS"	2	169	99	282	72	215	287	197	87	284	1	1
"ME"	2000	421	"WAS"	"COOPER"	2	38	48	96	27	66	93	69	28	97	1	1
"ME"	2000	422	"WAS"	"CRAWFORD"	2	28	10	44	10	31	41	27	14	41	1	1
"ME"	2000	423	"WAS"	"CUTLER"	2	133	66	218	39	169	208	144	72	216	1	1
"ME"	2000	424	"WAS"	"DANFORTH"	2	186	94	295	55	230	285	206	91	297	1	1
"ME"	2000	425	"WAS"	"DEBLOIS"	2	13	5	19	6	12	18	13	7	20	1	1
"ME"	2000	426	"WAS"	"DENNYSVILLE"	2	63	63	136	38	97	135	104	30	134	1	1
"ME"	2000	427	"WAS"	"EAST MACHIAS"	2	376	207	629	120	488	608	404	217	621	1	1
"ME"	2000	428	"WAS"	"EASTPORT"	2	319	448	862	216	644	860	730	123	853	1	1
"ME"	2000	453	"WAS"	"EDMUNDS TWP."	2	85	65	157	41	112	153	109	44	153	1	1
"ME"	2000	429	"WAS"	"GRAND LAKE STREAM PLT."	2	59	32	96	22	74	96	73	23	96	1	1
"ME"	2000	430	"WAS"	"HARRINGTON"	2	235	167	438	125	308	433	326	110	436	1	1
"ME"	2000	431	"WAS"	"INDIAN TOWNSHIP"	2	24	173	203	109	91	200	189	14	203	1	1
"ME"	2000	432	"WAS"	"JONESBORO"	2	167	108	305	67	218	285	207	88	295	1	1
"ME"	2000	433	"WAS"	"JONESPORT"	2	291	273	606	174	407	581	430	173	603	1	1
"ME"	2000	434	"WAS"	"LUBEC"	2	323	429	816	267	540	807	640	174	814	1	1
"ME"	2000	435	"WAS"	"MACHIAS"	2	474	429	968	260	698	958	725	234	959	1	1
"ME"	2000	436	"WAS"	"MACHIASPORT"	2	246	203	473	116	337	453	348	125	473	1	1
"ME"	2000	437	"WAS"	"MARSHFIELD"	2	158	94	264	43	172	215	184	79	263	1	1
"ME"	2000	438	"WAS"	"MEDDYBEMPS"	2	48	26	78	18	57	75	53	23	76	1	1
"ME"	2000	439	"WAS"	"MILBRIDGE"	2	342	256	640	151	473	624	489	159	648	1	1
"ME"	2000	450	"WAS"	"NO. 21 TWP."	2	30	17	48	12	33	45	32	14	46	1	1
"ME"	2000	451	"WAS"	"NO. 27 TWP."	2	16	6	24	4	20	24	14	10	24	1	1
"ME"	2000	440	"WAS"	"NORTHFIELD"	2	38	33	72	19	48	67	47	24	71	1	1
"ME"	2000	441	"WAS"	"PEMBROKE"	2	212	203	450	125	309	434	332	104	436	1	1
"ME"	2000	442	"WAS"	"PERRY"	2	178	169	375	69	290	359	262	94	356	1	1
"ME"	2000	443	"WAS"	"PLEASANT POINT VOTING DISTRICT"	2	16	199	225	115	103	218	215	11	226	1	1
"ME"	2000	444	"WAS"	"PRINCETON"	2	253	160	423	117	289	406	303	111	414	1	1
"ME"	2000	445	"WAS"	"ROBBINSTON"	2	127	103	244	50	177	227	157	78	235	1	1
"ME"	2000	446	"WAS"	"ROQUE BLUFFS"	2	79	66	158	44	105	149	110	42	152	1	1
"ME"	2000	447	"WAS"	"STEUBEN"	2	280	195	528	133	369	502	353	158	511	1	1
"ME"	2000	448	"WAS"	"TALMADGE"	2	27	8	38	9	26	35	16	21	37	1	1
"ME"	2000	449	"WAS"	"TOPSFIELD"	2	65	34	111	24	79	103	70	41	111	1	1
"ME"	2000	527	"WAS"	"TWP. 14 (COOPER)"	2	9	5	14	1	11	12	7	7	14	1	1
"ME"	2000	455	"WAS"	"UN. TWP. OF TRESCOTT"	2	18	28	51	24	27	51	31	18	49	1	1
"ME"	2000	456	"WAS"	"VANCEBORO"	2	41	63	108	32	74	106	85	20	105	1	1
"ME"	2000	457	"WAS"	"WAITE"	2	32	22	57	20	35	55	41	17	58	1	1
"ME"	2000	458	"WAS"	"WESLEY"	2	38	26	68	20	46	66	43	24	67	1	1
"ME"	2000	459	"WAS"	"WHITING"	2	123	83	227	68	144	212	139	85	224	1	1
"ME"	2000	460	"WAS"	"WHITNEYVILLE"	2	60	50	117	29	81	110	78	37	115	1	1
"ME"	2000	461	"YOR"	"ACTON"	1	535	500	1104	297	781	1078	540	472	1064	1	1
"ME"	2000	462	"YOR"	"ALFRED"	1	725	644	1469	413	1009	1422	800	559	1425	1	1
"ME"	2000	463	"YOR"	"ARUNDEL"	1	821	865	1784	523	1234	1757	1044	599	1751	1	1
"ME"	2000	464	"YOR"	"BERWICK"	1	1387	1264	2774	954	1664	2618	1343	1147	2630	1	1
"ME"	2000	519	"YOR"	"BIDDEFORD"	1	602	708	1393	451	911	1362	776	417	1367	1	1
"ME"	2000	519	"YOR"	"BIDDEFORD"	1	293	618	961	379	571	950	654	164	954	2	1
"ME"	2000	519	"YOR"	"BIDDEFORD"	1	675	1006	1782	656	1105	1761	1111	420	1760	3	1
"ME"	2000	519	"YOR"	"BIDDEFORD"	1	287	805	1155	533	612	1145	822	178	1147	4	1
"ME"	2000	519	"YOR"	"BIDDEFORD"	1	296	627	998	394	586	980	647	200	978	5	1
"ME"	2000	519	"YOR"	"BIDDEFORD"	1	523	876	1494	533	956	1489	975	349	1484	6	1
"ME"	2000	519	"YOR"	"BIDDEFORD"	1	450	743	1262	450	810	1260	832	257	1320	7	1
"ME"	2000	465	"YOR"	"BUXTON"	1	1833	1780	3847	931	2801	3732	2090	1546	3768	1	1
"ME"	2000	466	"YOR"	"CORNISH"	1	314	336	708	186	504	690	403	243	678	1	1
"ME"	2000	467	"YOR"	"DAYTON"	1	503	386	957	216	718	934	497	356	931	1	1
"ME"	2000	468	"YOR"	"ELIOT"	1	1592	1662	3423	1523	1785	3308	1701	1424	3232	1	1
"ME"	2000	469	"YOR"	"HOLLIS"	1	1006	940	2084	568	1440	2008	1138	823	2038	1	1
"ME"	2000	470	"YOR"	"KENNEBUNK"	1	3258	2749	6405	1665	4519	6184	3461	2533	6234	1	1
"ME"	2000	471	"YOR"	"KENNEBUNKPORT"	1	1291	935	2364	564	1719	2283	1172	1052	2311	1	1
"ME"	2000	472	"YOR"	"KITTERY"	1	1787	2591	4678	2472	2058	4530	2602	1625	4393	1	1
"ME"	2000	473	"YOR"	"LEBANON"	1	1121	916	2163	601	1474	2075	1019	933	2086	1	1
"ME"	2000	474	"YOR"	"LIMERICK"	1	529	522	1134	312	791	1103	606	448	1111	1	1
"ME"	2000	475	"YOR"	"LIMINGTON"	1	706	648	1441	356	1034	1390	740	586	1391	1	1
"ME"	2000	476	"YOR"	"LYMAN"	1	940	897	1955	562	1350	1912	1040	747	1924	1	1
"ME"	2000	477	"YOR"	"NEWFIELD"	1	348	254	637	153	456	609	303	291	616	1	1
"ME"	2000	478	"YOR"	"NORTH BERWICK"	1	1093	906	2134	636	1442	2078	1002	943	2051	1	1
"ME"	2000	479	"YOR"	"OGUNQUIT"	1	413	507	975	405	519	924	531	349	915	1	1
"ME"	2000	480	"YOR"	"OLD ORCHARD BEACH"	1	1855	2708	4890	1560	3152	4712	3019	1488	4792	1	1
"ME"	2000	520	"YOR"	"PARSONSFIELD"	1	195	146	376	90	281	371	195	162	368	1	1
"ME"	2000	520	"YOR"	"PARSONSFIELD"	1	191	201	437	109	309	418	218	180	415	2	1
"ME"	2000	521	"YOR"	"SACO"	1	622	785	1475	431	995	1426	886	457	1433	1	1
"ME"	2000	521	"YOR"	"SACO"	1	664	732	1465	386	1038	1424	871	512	1447	2	1
"ME"	2000	521	"YOR"	"SACO"	1	410	668	1145	374	723	1097	732	307	1123	3	1
"ME"	2000	521	"YOR"	"SACO"	1	617	727	1409	430	948	1378	856	480	1393	4	1
"ME"	2000	521	"YOR"	"SACO"	1	431	668	1169	369	776	1145	782	290	1165	5	1
"ME"	2000	521	"YOR"	"SACO"	1	323	607	1000	328	654	982	691	213	980	6	1
"ME"	2000	521	"YOR"	"SACO"	1	335	596	990	364	596	960	649	247	966	7	1
"ME"	2000	522	"YOR"	"SANFORD"	1	655	730	1476	444	992	1436	811	537	1421	1	1
"ME"	2000	522	"YOR"	"SANFORD"	1	433	652	1157	388	737	1125	716	335	1112	2	1
"ME"	2000	522	"YOR"	"SANFORD"	1	549	673	1287	386	868	1254	774	423	1242	3	1
"ME"	2000	522	"YOR"	"SANFORD"	1	643	746	1470	394	1037	1431	855	510	1429	4	1
"ME"	2000	522	"YOR"	"SANFORD"	1	698	661	1463	425	989	1414	745	577	1406	5	1
"ME"	2000	522	"YOR"	"SANFORD"	1	439	576	1080	351	694	1045	645	341	1047	6	1
"ME"	2000	522	"YOR"	"SANFORD"	1	454	615	1120	355	723	1078	708	322	1080	7	1
"ME"	2000	481	"YOR"	"SHAPLEIGH"	1	578	566	1236	323	866	1189	652	473	1186	1	1
"ME"	2000	482	"YOR"	"SOUTH BERWICK"	1	1552	1532	3254	1512	1676	3188	1597	1412	3137	1	1
"ME"	2000	483	"YOR"	"WATERBORO"	1	1330	1259	2737	705	1970	2675	1478	1073	2685	1	1
"ME"	2000	484	"YOR"	"WELLS"	1	2540	2377	5207	1384	3648	5032	2794	2016	5036	1	1
"ME"	2000	485	"YOR"	"YORK"	1	3462	3708	7626	3099	4304	7403	3856	3196	7252	1	1
