state	year	county	town	cd	g2006_GOV_dv	g2006_GOV_rv	g2006_GOV_tv	g2006_USH_dv	g2006_USH_rv	g2006_USH_tv	g2006_USS_rv	g2006_USS_tv	ward	precinct
"ME"	2006	"AND"	"AUBURN"	2	624	630	1856	1191	589	1780	1455	1856	1	1
"ME"	2006	"AND"	"AUBURN"	2	657	591	1913	1244	595	1839	1430	1905	2	1
"ME"	2006	"AND"	"AUBURN"	2	597	585	1789	1166	567	1733	1423	1770	3	1
"ME"	2006	"AND"	"AUBURN"	2	566	529	1711	1088	555	1643	1332	1700	4	1
"ME"	2006	"AND"	"AUBURN"	2	581	505	1739	1189	493	1682	1335	1729	5	1
"ME"	2006	"AND"	"DURHAM"	2	482	620	1772	1053	683	1736	1349	1750	1	1
"ME"	2006	"AND"	"GREENE"	2	482	662	1806	1128	619	1747	1420	1794	1	1
"ME"	2006	"AND"	"LEEDS"	2	277	314	898	583	282	865	669	890	1	1
"ME"	2006	"AND"	"LEWISTON"	2	1096	476	1914	1431	439	1870	1401	1894	0	0
"ME"	2006	"AND"	"LEWISTON"	2	547	313	1281	951	302	1253	878	1261	1	1
"ME"	2006	"AND"	"LEWISTON"	2	775	664	2106	1458	603	2061	1684	2073	2	1
"ME"	2006	"AND"	"LEWISTON"	2	560	185	1037	793	193	986	572	1013	3	1
"ME"	2006	"AND"	"LEWISTON"	2	654	454	1722	1239	434	1673	1347	1688	4	1
"ME"	2006	"AND"	"LEWISTON"	2	346	176	832	637	156	793	592	809	5	1
"ME"	2006	"AND"	"LEWISTON"	2	572	592	1788	1195	550	1745	1414	1763	6	1
"ME"	2006	"AND"	"LEWISTON"	2	571	432	1492	1076	378	1454	1139	1459	7	1
"ME"	2006	"AND"	"LISBON"	2	504	594	1740	916	778	1694	1380	1722	1	1
"ME"	2006	"AND"	"LISBON"	2	583	591	1905	1023	836	1859	1528	1886	2	1
"ME"	2006	"AND"	"LIVERMORE"	2	339	409	1027	679	305	984	763	1012	1	1
"ME"	2006	"AND"	"LIVERMORE FALLS"	2	446	421	1208	837	310	1147	889	1179	1	1
"ME"	2006	"AND"	"MECHANIC FALLS"	2	295	453	1160	705	420	1125	937	1139	1	1
"ME"	2006	"AND"	"MINOT"	2	241	438	1070	619	413	1032	868	1062	1	1
"ME"	2006	"AND"	"POLAND"	2	662	859	2332	1434	819	2253	1805	2303	1	1
"ME"	2006	"AND"	"SABATTUS"	2	475	678	1890	1173	671	1844	1487	1877	1	1
"ME"	2006	"AND"	"TURNER"	2	563	924	2283	1303	913	2216	1843	2256	1	1
"ME"	2006	"AND"	"WALES"	2	136	267	645	374	244	618	525	635	1	1
"ME"	2006	"ARO"	"ALLAGASH"	2	37	32	92	62	24	86	59	89	1	1
"ME"	2006	"ARO"	"AMITY"	2	23	29	79	47	27	74	58	78	1	1
"ME"	2006	"ARO"	"ASHLAND"	2	210	109	427	335	84	419	331	424	1	1
"ME"	2006	"ARO"	"ASHLAND"	2	0	1	1	1	0	1	1	1	1	2
"ME"	2006	"ARO"	"BANCROFT"	2	7	11	22	14	8	22	17	22	1	1
"ME"	2006	"ARO"	"BLAINE"	2	71	138	279	163	105	268	237	275	1	1
"ME"	2006	"ARO"	"BLAINE"	2	7	4	20	15	4	19	19	20	1	2
"ME"	2006	"ARO"	"BRIDGEWATER"	2	76	85	219	142	73	215	177	220	1	1
"ME"	2006	"ARO"	"BRIDGEWATER"	2	2	0	2	2	0	2	0	2	1	2
"ME"	2006	"ARO"	"CARIBOU"	2	1294	732	2732	2042	653	2695	2255	2743	1	1
"ME"	2006	"ARO"	"CARY PLT."	2	20	24	76	49	23	72	57	74	1	1
"ME"	2006	"ARO"	"CASTLE HILL"	2	56	42	154	101	47	148	136	156	1	1
"ME"	2006	"ARO"	"CASTLE HILL"	2	6	3	12	10	2	12	10	12	1	2
"ME"	2006	"ARO"	"CASWELL"	2	83	15	128	105	17	122	106	126	1	1
"ME"	2006	"ARO"	"CHAPMAN"	2	59	56	171	123	45	168	132	162	1	1
"ME"	2006	"ARO"	"CONNOR TWP."	2	62	15	107	97	13	110	76	110	1	1
"ME"	2006	"ARO"	"CRYSTAL"	2	44	41	111	77	33	110	93	107	1	1
"ME"	2006	"ARO"	"CYR PLT."	2	29	5	39	34	4	38	29	38	1	1
"ME"	2006	"ARO"	"DYER BROOK"	2	26	38	96	71	24	95	80	96	1	1
"ME"	2006	"ARO"	"EAGLE LAKE"	2	236	83	392	308	73	381	255	381	1	1
"ME"	2006	"ARO"	"EASTON"	2	174	181	520	354	147	501	423	516	1	1
"ME"	2006	"ARO"	"FORT FAIRFIELD"	2	671	313	1338	992	289	1281	1064	1335	1	1
"ME"	2006	"ARO"	"FORT KENT"	2	952	287	1516	1302	205	1507	973	1478	1	1
"ME"	2006	"ARO"	"FRENCHVILLE"	2	335	71	467	394	45	439	268	449	1	1
"ME"	2006	"ARO"	"GARFIELD PLT."	2	8	16	42	31	9	40	34	41	1	1
"ME"	2006	"ARO"	"GLENWOOD PLT."	2	0	0	2	0	2	2	2	2	1	1
"ME"	2006	"ARO"	"GRAND ISLE"	2	173	15	217	206	6	212	103	212	1	1
"ME"	2006	"ARO"	"HAMLIN"	2	62	18	109	85	18	103	77	105	1	1
"ME"	2006	"ARO"	"HAMMOND"	2	15	12	37	30	7	37	27	37	1	1
"ME"	2006	"ARO"	"HAYNESVILLE"	2	12	19	44	30	13	43	33	44	1	1
"ME"	2006	"ARO"	"HERSEY"	2	4	15	23	11	11	22	17	23	1	1
"ME"	2006	"ARO"	"HODGDON"	2	162	223	498	303	174	477	397	484	1	1
"ME"	2006	"ARO"	"HOULTON"	2	916	624	2097	1495	549	2044	1696	2082	1	1
"ME"	2006	"ARO"	"ISLAND FALLS"	2	109	125	309	214	86	300	250	302	1	1
"ME"	2006	"ARO"	"LIMESTONE"	2	339	173	697	529	150	679	564	695	1	1
"ME"	2006	"ARO"	"LINNEUS"	2	60	119	259	156	90	246	207	256	1	1
"ME"	2006	"ARO"	"LITTLETON"	2	114	121	319	199	112	311	252	317	1	1
"ME"	2006	"ARO"	"LUDLOW"	2	45	50	144	109	29	138	113	144	1	1
"ME"	2006	"ARO"	"MACWAHOC PLT."	2	22	17	51	43	6	49	31	48	1	1
"ME"	2006	"ARO"	"MADAWASKA"	2	1410	204	1828	1519	229	1748	964	1783	1	1
"ME"	2006	"ARO"	"MADAWASKA LAKE TWP."	2	41	22	87	58	25	83	59	87	1	1
"ME"	2006	"ARO"	"MAPLETON"	2	292	248	754	478	225	703	630	747	1	1
"ME"	2006	"ARO"	"MARS HILL"	2	208	285	634	356	252	608	529	624	1	1
"ME"	2006	"ARO"	"MASARDIS"	2	38	26	102	74	21	95	79	98	1	1
"ME"	2006	"ARO"	"MERRILL"	2	31	30	83	57	22	79	60	78	1	1
"ME"	2006	"ARO"	"MONTICELLO"	2	111	82	284	187	91	278	226	280	1	1
"ME"	2006	"ARO"	"MORO PLT."	2	2	17	22	7	15	22	18	20	1	1
"ME"	2006	"ARO"	"NASHVILLE PLT."	2	2	5	13	10	3	13	13	13	1	1
"ME"	2006	"ARO"	"NEW CANADA"	2	80	46	182	135	32	167	119	180	1	1
"ME"	2006	"ARO"	"NEW LIMERICK"	2	74	90	235	158	72	230	183	235	1	1
"ME"	2006	"ARO"	"NEW SWEDEN"	2	122	68	275	198	66	264	216	268	1	1
"ME"	2006	"ARO"	"OAKFIELD"	2	118	81	252	178	61	239	185	251	1	1
"ME"	2006	"ARO"	"ORIENT"	2	18	20	55	37	17	54	41	54	1	1
"ME"	2006	"ARO"	"OXBOW PLT."	2	14	16	36	26	7	33	27	35	1	1
"ME"	2006	"ARO"	"PERHAM"	2	49	55	140	90	43	133	113	135	1	1
"ME"	2006	"ARO"	"PORTAGE LAKE"	2	84	40	195	160	28	188	155	191	1	1
"ME"	2006	"ARO"	"PORTAGE LAKE"	2	0	0	0	0	0	0	0	0	1	2
"ME"	2006	"ARO"	"PRESQUE ISLE"	2	1379	934	3171	2208	897	3105	2567	3161	1	1
"ME"	2006	"ARO"	"REED PLT."	2	8	21	41	24	17	41	29	37	1	1
"ME"	2006	"ARO"	"SAINT AGATHA"	2	297	74	446	384	43	427	270	440	1	1
"ME"	2006	"ARO"	"SHERMAN"	2	148	190	407	282	129	411	329	419	1	1
"ME"	2006	"ARO"	"SMYRNA"	2	43	39	113	80	29	109	79	108	1	1
"ME"	2006	"ARO"	"ST. FRANCIS"	2	122	25	176	146	18	164	98	165	1	1
"ME"	2006	"ARO"	"ST. JOHN PLT."	2	66	22	108	99	8	107	74	101	1	1
"ME"	2006	"ARO"	"STOCKHOLM"	2	65	31	130	96	31	127	88	125	1	1
"ME"	2006	"ARO"	"VAN BUREN"	2	649	100	909	778	76	854	642	885	1	1
"ME"	2006	"ARO"	"WADE"	2	28	28	95	60	33	93	70	90	1	1
"ME"	2006	"ARO"	"WALLAGRASS"	2	122	24	197	171	24	195	122	193	1	1
"ME"	2006	"ARO"	"WASHBURN"	2	248	199	618	408	180	588	515	604	1	1
"ME"	2006	"ARO"	"WESTFIELD"	2	65	92	220	138	69	207	167	207	1	1
"ME"	2006	"ARO"	"WESTMANLAND"	2	14	14	37	25	11	36	25	34	1	1
"ME"	2006	"ARO"	"WESTON"	2	32	42	89	57	30	87	69	88	1	1
"ME"	2006	"ARO"	"WINTERVILLE PLT."	2	50	14	88	69	14	83	48	84	1	1
"ME"	2006	"ARO"	"WINTERVILLE PLT."	2	2	0	3	3	0	3	3	3	1	2
"ME"	2006	"ARO"	"WOODLAND"	2	199	142	458	315	114	429	374	454	1	1
"ME"	2006	"CUM"	"BALDWIN"	1	142	264	618	296	265	598	477	601	1	1
"ME"	2006	"CUM"	"BRIDGTON"	1	651	781	2207	1197	782	2151	1743	2182	1	1
"ME"	2006	"CUM"	"BRUNSWICK"	1	842	359	1468	947	386	1466	985	1476	0	0
"ME"	2006	"CUM"	"BRUNSWICK"	1	339	268	1009	557	314	988	782	997	1	1
"ME"	2006	"CUM"	"BRUNSWICK"	1	476	229	1018	646	253	997	668	1009	2	1
"ME"	2006	"CUM"	"BRUNSWICK"	1	536	354	1369	787	389	1356	951	1358	3	1
"ME"	2006	"CUM"	"BRUNSWICK"	1	434	308	1184	703	331	1171	861	1176	4	1
"ME"	2006	"CUM"	"BRUNSWICK"	1	391	208	923	546	223	906	638	908	5	1
"ME"	2006	"CUM"	"BRUNSWICK"	1	399	121	776	500	122	758	429	765	6	1
"ME"	2006	"CUM"	"BRUNSWICK"	1	600	128	982	703	144	959	537	958	7	1
"ME"	2006	"CUM"	"CAPE ELIZABETH"	1	2312	1378	5378	3185	1710	5269	3742	5358	1	1
"ME"	2006	"CUM"	"CASCO"	1	468	550	1612	883	593	1603	1246	1595	1	1
"ME"	2006	"CUM"	"CUMBERLAND"	1	1323	1233	3923	2164	1447	3872	3080	3914	1	1
"ME"	2006	"CUM"	"CUMBERLAND"	1	147	51	266	183	62	259	192	261	2	1
"ME"	2006	"CUM"	"FALMOUTH"	1	2100	1670	5649	3276	1924	5563	4219	5590	1	1
"ME"	2006	"CUM"	"FREEPORT"	1	1532	922	3943	2442	1021	3873	2712	3923	1	1
"ME"	2006	"CUM"	"FRYE ISLAND"	1	14	26	49	22	26	48	40	48	1	1
"ME"	2006	"CUM"	"GORHAM"	1	404	323	962	566	337	945	718	960	0	0
"ME"	2006	"CUM"	"GORHAM"	1	686	617	1987	1094	720	1939	1561	1978	1	1
"ME"	2006	"CUM"	"GORHAM"	1	570	578	1806	1013	663	1777	1381	1793	2	1
"ME"	2006	"CUM"	"GORHAM"	1	447	444	1415	794	521	1388	1076	1402	3	1
"ME"	2006	"CUM"	"GRAY"	1	986	1042	3205	1732	1187	3148	2536	3175	1	1
"ME"	2006	"CUM"	"HARPSWELL"	1	395	280	1079	565	262	1057	759	1069	1	1
"ME"	2006	"CUM"	"HARPSWELL"	1	430	335	1151	613	332	1137	842	1143	2	1
"ME"	2006	"CUM"	"HARPSWELL"	1	224	151	607	311	172	601	448	604	3	1
"ME"	2006	"CUM"	"HARRISON"	1	338	439	1176	593	474	1152	933	1150	1	1
"ME"	2006	"CUM"	"LONG ISLAND"	1	67	27	177	118	39	173	117	177	1	1
"ME"	2006	"CUM"	"NAPLES"	1	475	610	1668	805	634	1550	1316	1664	1	1
"ME"	2006	"CUM"	"NEW GLOUCESTER"	1	670	787	2287	1229	842	2268	1810	2287	1	1
"ME"	2006	"CUM"	"NORTH YARMOUTH"	1	591	602	1916	1063	656	1893	68	1798	1	1
"ME"	2006	"CUM"	"PORTLAND"	1	2853	736	4572	3417	763	4547	2487	4526	0	0
"ME"	2006	"CUM"	"PORTLAND"	1	1012	226	2001	1497	234	1973	897	1977	1	1
"ME"	2006	"CUM"	"PORTLAND"	1	378	109	789	578	96	774	387	781	1	2
"ME"	2006	"CUM"	"PORTLAND"	1	225	71	531	376	75	519	225	523	1	3
"ME"	2006	"CUM"	"PORTLAND"	1	15	7	37	24	7	37	26	38	1	4
"ME"	2006	"CUM"	"PORTLAND"	1	16	17	45	22	19	45	30	45	1	5
"ME"	2006	"CUM"	"PORTLAND"	1	728	117	1385	1100	123	1363	598	1366	2	1
"ME"	2006	"CUM"	"PORTLAND"	1	680	105	1186	952	112	1166	517	1169	2	2
"ME"	2006	"CUM"	"PORTLAND"	1	633	141	1283	968	137	1262	578	1272	2	3
"ME"	2006	"CUM"	"PORTLAND"	1	350	175	779	521	192	768	554	774	3	1
"ME"	2006	"CUM"	"PORTLAND"	1	759	219	1504	1141	210	1493	774	1494	3	2
"ME"	2006	"CUM"	"PORTLAND"	1	1143	417	2383	1716	465	2351	1381	2369	3	3
"ME"	2006	"CUM"	"PORTLAND"	1	800	296	1647	1176	318	1636	964	1639	4	1
"ME"	2006	"CUM"	"PORTLAND"	1	716	320	1545	1082	342	1527	1040	1529	4	2
"ME"	2006	"CUM"	"PORTLAND"	1	573	235	1202	835	259	1184	793	1194	4	3
"ME"	2006	"CUM"	"PORTLAND"	1	550	169	1068	808	163	1059	627	1061	5	1
"ME"	2006	"CUM"	"PORTLAND"	1	598	322	1424	990	326	1415	1012	1420	5	2
"ME"	2006	"CUM"	"PORTLAND"	1	936	554	2330	1542	630	2295	1726	2313	5	3
"ME"	2006	"CUM"	"POWNAL"	1	291	236	862	506	256	839	630	852	1	1
"ME"	2006	"CUM"	"RAYMOND"	1	635	683	2068	1145	732	2034	1607	2050	1	1
"ME"	2006	"CUM"	"SCARBOROUGH"	1	3205	2886	8827	4096	4322	8752	5937	8038	1	1
"ME"	2006	"CUM"	"SEBAGO"	1	244	301	817	459	291	804	614	805	1	1
"ME"	2006	"CUM"	"SOUTH PORTLAND"	1	1621	602	2828	1952	666	2807	1871	2811	0	0
"ME"	2006	"CUM"	"SOUTH PORTLAND"	1	736	272	1575	1074	318	1551	952	1570	1	1
"ME"	2006	"CUM"	"SOUTH PORTLAND"	1	649	267	1508	1025	317	1491	956	1508	2	1
"ME"	2006	"CUM"	"SOUTH PORTLAND"	1	1197	714	3003	1963	790	2961	2130	2972	3	1
"ME"	2006	"CUM"	"SOUTH PORTLAND"	1	647	327	1562	1049	384	1547	1123	1548	5	1
"ME"	2006	"CUM"	"STANDISH"	1	1018	1198	3625	1927	1353	3574	2811	3587	1	1
"ME"	2006	"CUM"	"WESTBROOK"	1	614	336	1234	820	340	1222	890	1227	0	0
"ME"	2006	"CUM"	"WESTBROOK"	1	388	231	978	641	265	967	726	971	1	1
"ME"	2006	"CUM"	"WESTBROOK"	1	381	284	1041	653	300	1029	762	1034	2	1
"ME"	2006	"CUM"	"WESTBROOK"	1	328	216	862	539	259	858	657	857	3	1
"ME"	2006	"CUM"	"WESTBROOK"	1	293	155	718	471	177	711	498	711	4	1
"ME"	2006	"CUM"	"WESTBROOK"	1	534	416	1524	935	501	1513	1191	1508	5	1
"ME"	2006	"CUM"	"WINDHAM"	1	568	507	1420	817	509	1402	1158	1416	0	0
"ME"	2006	"CUM"	"WINDHAM"	1	909	993	3020	1649	1121	2953	2406	2993	1	1
"ME"	2006	"CUM"	"WINDHAM"	1	649	695	2222	1244	772	2177	1746	2209	2	1
"ME"	2006	"CUM"	"YARMOUTH"	1	1588	1195	4432	2549	1319	4390	3342	4407	1	1
"ME"	2006	"FRA"	"AVON"	2	48	94	192	134	47	181	151	186	1	1
"ME"	2006	"FRA"	"CARRABASSETT VALLEY"	2	111	91	337	229	100	329	267	333	1	1
"ME"	2006	"FRA"	"CARTHAGE"	2	54	69	174	122	46	168	132	174	1	1
"ME"	2006	"FRA"	"CHESTERVILLE"	2	174	251	592	412	162	574	435	579	1	1
"ME"	2006	"FRA"	"COPLIN PLT."	2	18	23	77	53	21	74	63	77	1	1
"ME"	2006	"FRA"	"COPLIN PLT."	2	0	0	0	0	0	0	0	0	1	2
"ME"	2006	"FRA"	"DALLAS PLT."	2	66	70	194	132	51	183	150	189	1	1
"ME"	2006	"FRA"	"EUSTIS"	2	80	132	302	190	102	292	246	302	1	1
"ME"	2006	"FRA"	"FARMINGTON"	2	1189	1526	3600	2458	956	3414	2580	3492	1	1
"ME"	2006	"FRA"	"FREEMAN TWP."	2	39	90	171	107	52	159	132	167	1	1
"ME"	2006	"FRA"	"INDUSTRY"	2	111	219	430	282	128	410	330	423	1	1
"ME"	2006	"FRA"	"JAY"	2	935	772	2279	1721	512	2233	1644	2245	1	1
"ME"	2006	"FRA"	"KINGFIELD"	2	169	174	507	344	145	489	419	506	1	1
"ME"	2006	"FRA"	"MADRID TWP."	2	27	23	74	57	16	73	56	74	1	1
"ME"	2006	"FRA"	"NEW SHARON"	2	183	356	756	508	216	724	587	747	1	1
"ME"	2006	"FRA"	"NEW VINEYARD"	2	86	186	362	203	123	326	252	326	1	1
"ME"	2006	"FRA"	"PERKINS TWP."	2	7	10	18	11	7	18	16	18	1	1
"ME"	2006	"FRA"	"PHILLIPS"	2	137	160	425	295	103	398	308	415	1	1
"ME"	2006	"FRA"	"RANGELEY"	2	183	237	582	347	190	537	473	572	1	1
"ME"	2006	"FRA"	"RANGELEY PLT."	2	36	48	111	64	45	109	87	109	1	1
"ME"	2006	"FRA"	"SANDY RIVER PLT."	2	22	30	80	45	32	77	59	78	1	1
"ME"	2006	"FRA"	"STRONG"	2	119	282	564	373	165	538	466	555	1	1
"ME"	2006	"FRA"	"TEMPLE"	2	89	149	400	213	67	280	223	356	1	1
"ME"	2006	"FRA"	"WELD"	2	72	90	222	156	62	218	174	218	1	1
"ME"	2006	"FRA"	"WILTON"	2	658	838	1972	1324	555	1879	1527	1941	1	1
"ME"	2006	"HAN"	"AMHERST"	2	34	37	103	61	35	96	73	102	1	1
"ME"	2006	"HAN"	"AURORA"	2	10	31	59	32	24	56	45	59	1	1
"ME"	2006	"HAN"	"BAR HARBOR"	2	1225	453	2336	1796	467	2263	1379	2329	1	1
"ME"	2006	"HAN"	"BLUE HILL"	2	568	323	1312	945	326	1271	762	1306	1	1
"ME"	2006	"HAN"	"BROOKLIN"	2	255	135	521	375	127	502	283	516	1	1
"ME"	2006	"HAN"	"BROOKSVILLE"	2	252	141	567	425	122	547	332	559	1	1
"ME"	2006	"HAN"	"BUCKSPORT"	2	787	589	2052	1466	542	2008	1489	2041	1	1
"ME"	2006	"HAN"	"CASTINE"	2	204	157	525	348	155	503	333	519	1	1
"ME"	2006	"HAN"	"CRANBERRY ISLES"	2	25	9	43	25	16	41	31	43	1	1
"ME"	2006	"HAN"	"CRANBERRY ISLES"	2	37	13	80	64	15	79	51	79	2	1
"ME"	2006	"HAN"	"DEDHAM"	2	271	243	809	545	247	792	602	803	1	1
"ME"	2006	"HAN"	"DEER ISLE"	2	437	227	930	658	217	875	569	909	1	1
"ME"	2006	"HAN"	"DTT9 & T10 TWP."	2	3	5	11	6	4	10	9	11	1	1
"ME"	2006	"HAN"	"EASTBROOK"	2	49	58	170	112	51	163	124	166	1	1
"ME"	2006	"HAN"	"ELLSWORTH"	2	458	434	1222	754	427	1181	876	1207	1	1
"ME"	2006	"HAN"	"ELLSWORTH"	2	141	172	464	273	174	447	334	463	2	1
"ME"	2006	"HAN"	"ELLSWORTH"	2	174	178	485	302	177	479	346	481	3	1
"ME"	2006	"HAN"	"ELLSWORTH"	2	320	305	934	590	321	911	671	927	4	1
"ME"	2006	"HAN"	"FRANKLIN"	2	187	199	544	335	183	518	388	522	1	1
"ME"	2006	"HAN"	"FRENCHBORO"	2	19	6	36	29	3	32	24	35	1	1
"ME"	2006	"HAN"	"GOULDSBORO"	2	314	225	811	546	242	788	559	807	1	1
"ME"	2006	"HAN"	"GREAT POND"	2	6	13	26	10	14	24	18	25	1	1
"ME"	2006	"HAN"	"HANCOCK"	2	342	317	956	616	314	930	670	939	1	1
"ME"	2006	"HAN"	"LAMOINE"	2	315	273	867	568	267	835	617	862	1	1
"ME"	2006	"HAN"	"MARIAVILLE"	2	56	73	194	109	76	185	139	190	1	1
"ME"	2006	"HAN"	"MOUNT DESERT"	2	560	249	1149	820	269	1089	737	1134	1	1
"ME"	2006	"HAN"	"NO. 8, S.D. TWP."	2	7	15	40	26	13	39	26	39	1	1
"ME"	2006	"HAN"	"NO. 8, S.D. TWP."	2	2	2	7	5	2	7	3	7	1	2
"ME"	2006	"HAN"	"ORLAND"	2	372	305	1051	765	266	1031	719	1039	1	1
"ME"	2006	"HAN"	"OSBORN"	2	10	18	39	18	21	39	34	39	1	1
"ME"	2006	"HAN"	"OTIS"	2	84	129	300	164	127	291	236	293	1	1
"ME"	2006	"HAN"	"PENOBSCOT"	2	274	183	667	486	155	641	409	642	1	1
"ME"	2006	"HAN"	"SEDGWICK"	2	249	164	597	421	158	579	353	590	1	1
"ME"	2006	"HAN"	"SORRENTO"	2	77	52	182	136	45	181	117	182	1	1
"ME"	2006	"HAN"	"SOUTHWEST HARBOR"	2	425	238	938	668	229	897	636	927	1	1
"ME"	2006	"HAN"	"STONINGTON"	2	257	122	526	389	108	497	338	504	1	1
"ME"	2006	"HAN"	"SULLIVAN"	2	182	152	519	345	146	491	335	504	1	1
"ME"	2006	"HAN"	"SURRY"	2	281	222	774	526	222	748	493	770	1	1
"ME"	2006	"HAN"	"SWAN'S ISLAND"	2	83	89	206	107	90	197	157	203	1	1
"ME"	2006	"HAN"	"T3 ND TWP."	2	2	4	6	4	2	6	4	6	1	1
"ME"	2006	"HAN"	"TREMONT"	2	353	226	797	504	218	722	532	768	1	1
"ME"	2006	"HAN"	"TRENTON"	2	208	181	626	413	194	607	441	611	1	1
"ME"	2006	"HAN"	"VERONA ISLAND"	2	88	102	269	179	83	262	186	266	1	1
"ME"	2006	"HAN"	"WALTHAM"	2	38	85	150	93	51	144	134	148	1	1
"ME"	2006	"HAN"	"WINTER HARBOR"	2	97	77	255	167	72	239	178	250	1	1
"ME"	2006	"KEN"	"ALBION"	1	238	347	825	426	298	785	668	808	1	1
"ME"	2006	"KEN"	"AUGUSTA"	1	1077	486	1919	1300	491	1878	1464	1890	0	0
"ME"	2006	"KEN"	"AUGUSTA"	1	528	344	1258	789	356	1240	943	1249	1	1
"ME"	2006	"KEN"	"AUGUSTA"	1	577	398	1441	898	397	1415	1129	1422	2	1
"ME"	2006	"KEN"	"AUGUSTA"	1	538	391	1419	870	412	1390	1095	1404	3	1
"ME"	2006	"KEN"	"AUGUSTA"	1	607	478	1616	1029	454	1592	1300	1601	4	1
"ME"	2006	"KEN"	"BELGRADE"	1	485	549	1526	837	557	1477	1242	1507	1	1
"ME"	2006	"KEN"	"BENTON"	2	369	418	1184	808	325	1133	896	1164	1	1
"ME"	2006	"KEN"	"CHELSEA"	1	335	360	1050	622	309	1013	845	1036	1	1
"ME"	2006	"KEN"	"CHINA"	1	559	686	1890	991	694	1845	1471	1876	1	1
"ME"	2006	"KEN"	"CLINTON"	2	375	424	1247	792	393	1185	945	1230	1	1
"ME"	2006	"KEN"	"FARMINGDALE"	1	480	418	1308	769	387	1260	1060	1295	1	1
"ME"	2006	"KEN"	"FAYETTE"	2	220	215	609	406	171	577	464	604	1	1
"ME"	2006	"KEN"	"GARDINER"	1	845	729	2414	1367	702	2324	1891	2398	1	1
"ME"	2006	"KEN"	"HALLOWELL"	1	685	316	1426	940	348	1400	981	1411	1	1
"ME"	2006	"KEN"	"LITCHFIELD"	2	359	574	1515	931	524	1455	1211	1493	1	1
"ME"	2006	"KEN"	"MANCHESTER"	1	485	484	1331	791	441	1303	1085	1336	1	1
"ME"	2006	"KEN"	"MONMOUTH"	1	543	584	1706	948	550	1658	1337	1692	1	1
"ME"	2006	"KEN"	"MOUNT VERNON"	1	265	277	824	452	249	790	588	808	1	1
"ME"	2006	"KEN"	"OAKLAND"	2	837	829	2539	1715	731	2446	2006	2526	1	1
"ME"	2006	"KEN"	"PITTSTON"	1	372	443	1239	716	376	1197	1013	1228	1	1
"ME"	2006	"KEN"	"RANDOLPH"	1	301	236	819	520	218	797	643	815	1	1
"ME"	2006	"KEN"	"READFIELD"	1	481	407	1298	754	416	1269	996	1281	1	1
"ME"	2006	"KEN"	"ROME"	1	146	155	483	262	156	459	371	478	1	1
"ME"	2006	"KEN"	"SIDNEY"	1	550	647	1863	1057	638	1809	1481	1835	1	1
"ME"	2006	"KEN"	"VASSALBORO"	1	554	590	1754	1012	591	1706	1366	1733	1	1
"ME"	2006	"KEN"	"VIENNA"	1	139	96	337	193	70	301	225	324	1	1
"ME"	2006	"KEN"	"WATERVILLE"	2	2550	1118	5147	4011	1025	5036	3482	5095	1	1
"ME"	2006	"KEN"	"WAYNE"	2	229	214	644	409	214	623	480	634	1	1
"ME"	2006	"KEN"	"WEST GARDINER"	1	439	563	1495	854	481	1468	1225	1475	1	1
"ME"	2006	"KEN"	"WINDSOR"	1	297	360	965	547	324	951	798	964	1	1
"ME"	2006	"KEN"	"WINSLOW"	2	1295	1065	3431	2511	855	3366	2653	3402	1	1
"ME"	2006	"KEN"	"WINTHROP"	1	1005	977	2902	1627	1004	2850	2333	2876	1	1
"ME"	2006	"KNO"	"APPLETON"	1	134	178	642	345	207	621	421	627	1	1
"ME"	2006	"KNO"	"CAMDEN"	1	1257	581	2807	1800	744	2736	1780	2771	1	1
"ME"	2006	"KNO"	"CUSHING"	1	193	231	658	343	235	629	483	640	1	1
"ME"	2006	"KNO"	"FRIENDSHIP"	1	173	234	597	276	257	570	463	583	1	1
"ME"	2006	"KNO"	"HOPE"	1	217	229	758	421	257	737	550	749	1	1
"ME"	2006	"KNO"	"ISLE AU HAUT"	1	26	10	50	35	10	48	29	49	1	1
"ME"	2006	"KNO"	"MATINICUS ISLE PLT."	1	21	9	47	29	10	45	41	49	1	1
"ME"	2006	"KNO"	"NORTH HAVEN"	1	90	37	216	154	43	213	155	217	1	1
"ME"	2006	"KNO"	"OWL'S HEAD"	1	297	280	823	423	305	771	619	812	1	1
"ME"	2006	"KNO"	"ROCKLAND"	1	1090	746	2771	1660	775	2697	1943	2754	1	1
"ME"	2006	"KNO"	"ROCKPORT"	1	643	487	1741	1047	552	1698	1229	1726	1	1
"ME"	2006	"KNO"	"SOUTH THOMASTON"	1	260	181	776	476	215	746	576	776	1	1
"ME"	2006	"KNO"	"ST. GEORGE"	1	522	301	1382	850	360	1338	923	1393	1	1
"ME"	2006	"KNO"	"THOMASTON"	1	454	372	1350	764	419	1296	959	1331	1	1
"ME"	2006	"KNO"	"UNION"	1	312	329	1144	574	430	1115	845	1133	1	1
"ME"	2006	"KNO"	"VINALHAVEN"	1	263	84	555	396	105	533	357	552	1	1
"ME"	2006	"KNO"	"WARREN"	1	386	499	1535	753	596	1485	1209	1523	1	1
"ME"	2006	"KNO"	"WASHINGTON"	1	168	231	677	349	231	654	488	670	1	1
"ME"	2006	"LIN"	"ALNA"	1	132	120	384	214	122	371	273	380	1	1
"ME"	2006	"LIN"	"BOOTHBAY"	1	502	558	1654	976	581	1690	1341	1724	1	1
"ME"	2006	"LIN"	"BOOTHBAY HARBOR"	1	476	345	1229	736	385	1200	928	1220	1	1
"ME"	2006	"LIN"	"BREMEN"	1	171	106	438	244	131	422	313	436	1	1
"ME"	2006	"LIN"	"BRISTOL"	1	530	452	1562	889	509	1509	1113	1514	1	1
"ME"	2006	"LIN"	"DAMARISCOTTA"	1	404	309	1107	663	334	1056	847	1102	1	1
"ME"	2006	"LIN"	"DRESDEN"	1	245	264	789	424	254	769	576	781	1	1
"ME"	2006	"LIN"	"EDGECOMB"	1	200	198	652	372	201	634	493	648	1	1
"ME"	2006	"LIN"	"JEFFERSON"	1	352	429	1211	622	442	1185	958	1202	1	1
"ME"	2006	"LIN"	"MONHEGAN PLT."	1	32	4	65	48	7	64	36	65	1	1
"ME"	2006	"LIN"	"NEWCASTLE"	1	404	252	993	609	276	972	669	990	1	1
"ME"	2006	"LIN"	"NOBLEBORO"	1	291	258	877	507	284	859	661	872	1	1
"ME"	2006	"LIN"	"SOMERVILLE"	1	66	91	238	120	85	224	181	231	1	1
"ME"	2006	"LIN"	"SOUTH BRISTOL"	1	184	141	560	319	162	534	412	549	1	1
"ME"	2006	"LIN"	"SOUTHPORT"	1	149	130	417	208	173	405	328	408	1	1
"ME"	2006	"LIN"	"WALDOBORO"	1	656	749	2194	1187	756	2128	1623	2172	1	1
"ME"	2006	"LIN"	"WESTPORT ISLAND"	1	165	134	475	237	166	464	349	466	1	1
"ME"	2006	"LIN"	"WHITEFIELD"	1	325	371	1099	607	316	1065	815	1074	1	1
"ME"	2006	"LIN"	"WISCASSET"	1	541	583	1687	902	579	1647	1358	1667	1	1
"ME"	2006	"OXF"	"ALBANY TWP."	2	74	64	211	157	44	201	139	208	1	1
"ME"	2006	"OXF"	"ANDOVER"	2	136	171	455	307	126	433	377	448	1	1
"ME"	2006	"OXF"	"BETHEL"	2	493	354	1276	877	361	1238	990	1257	1	1
"ME"	2006	"OXF"	"BROWNFIELD"	2	265	211	694	460	197	657	509	683	1	1
"ME"	2006	"OXF"	"BUCKFIELD"	2	220	331	845	507	308	815	650	828	1	1
"ME"	2006	"OXF"	"BYRON"	2	13	23	64	46	18	64	49	63	1	1
"ME"	2006	"OXF"	"CANTON"	2	150	154	454	301	140	441	353	446	1	1
"ME"	2006	"OXF"	"DENMARK"	2	145	209	562	354	185	539	458	558	1	1
"ME"	2006	"OXF"	"DIXFIELD"	2	374	340	1039	768	237	1005	836	1028	1	1
"ME"	2006	"OXF"	"FRYEBURG"	2	390	370	1213	767	362	1129	986	1202	1	1
"ME"	2006	"OXF"	"GILEAD"	2	26	21	81	51	26	77	56	79	1	1
"ME"	2006	"OXF"	"GREENWOOD"	2	119	86	301	209	88	297	228	301	1	1
"ME"	2006	"OXF"	"HANOVER"	2	62	53	153	104	43	147	126	148	1	1
"ME"	2006	"OXF"	"HARTFORD"	2	131	172	492	305	159	464	364	485	1	1
"ME"	2006	"OXF"	"HEBRON"	2	137	163	473	330	148	478	387	484	1	1
"ME"	2006	"OXF"	"HIRAM"	2	107	101	324	217	95	312	234	313	1	1
"ME"	2006	"OXF"	"HIRAM"	2	113	107	320	201	99	300	247	317	2	1
"ME"	2006	"OXF"	"LINCOLN PLT."	2	7	10	23	11	11	22	19	23	1	1
"ME"	2006	"OXF"	"LOVELL"	2	152	185	511	303	193	496	398	503	1	1
"ME"	2006	"OXF"	"MAGALLOWAY PLT."	2	2	7	14	5	9	14	14	14	1	1
"ME"	2006	"OXF"	"MEXICO"	2	591	247	1162	960	172	1132	910	1149	1	1
"ME"	2006	"OXF"	"MILTON TWP."	2	15	16	54	38	14	52	48	55	1	1
"ME"	2006	"OXF"	"NEWRY"	2	62	41	178	127	49	176	145	177	1	1
"ME"	2006	"OXF"	"NORWAY"	2	672	657	2038	1395	578	1973	1609	2021	1	1
"ME"	2006	"OXF"	"OTISFIELD"	2	235	259	781	497	255	752	635	776	1	1
"ME"	2006	"OXF"	"OXFORD"	2	363	627	1510	932	528	1460	1191	1473	1	1
"ME"	2006	"OXF"	"PARIS"	2	672	705	2081	1329	650	1979	1692	2054	1	1
"ME"	2006	"OXF"	"PERU"	2	253	204	710	522	159	681	550	699	1	1
"ME"	2006	"OXF"	"PORTER"	2	171	197	575	364	182	546	450	570	1	1
"ME"	2006	"OXF"	"ROXBURY"	2	95	49	205	157	40	197	155	201	1	1
"ME"	2006	"OXF"	"RUMFORD"	2	1177	618	2576	2077	463	2540	1968	2561	1	1
"ME"	2006	"OXF"	"STONEHAM"	2	43	40	134	102	28	130	103	134	1	1
"ME"	2006	"OXF"	"STOW"	2	41	37	134	92	34	126	100	134	1	1
"ME"	2006	"OXF"	"SUMNER"	2	98	148	410	249	136	385	296	395	1	1
"ME"	2006	"OXF"	"SWEDEN"	2	41	58	162	95	62	157	131	158	1	1
"ME"	2006	"OXF"	"UPTON"	2	11	22	45	25	19	44	32	44	1	1
"ME"	2006	"OXF"	"WATERFORD"	2	234	254	769	499	220	719	595	767	1	1
"ME"	2006	"OXF"	"WEST PARIS"	2	235	231	703	474	190	664	540	685	1	1
"ME"	2006	"OXF"	"WOODSTOCK"	2	156	229	600	380	201	581	485	595	1	1
"ME"	2006	"PEN"	"ALTON"	2	101	147	367	250	100	350	290	362	1	1
"ME"	2006	"PEN"	"BANGOR"	2	1530	778	3054	2142	849	2991	2187	3018	1	1
"ME"	2006	"PEN"	"BANGOR"	2	1106	634	2300	1614	642	2256	1585	2264	2	1
"ME"	2006	"PEN"	"BANGOR"	2	1665	942	3315	2274	944	3218	2418	3273	3	1
"ME"	2006	"PEN"	"BANGOR"	2	1247	688	2500	1755	694	2449	1788	2460	4	1
"ME"	2006	"PEN"	"BRADFORD"	2	147	200	472	289	170	459	349	470	1	1
"ME"	2006	"PEN"	"BRADLEY"	2	302	119	567	454	102	556	410	554	1	1
"ME"	2006	"PEN"	"BREWER"	2	1586	1286	3903	2542	1260	3802	3077	3881	1	1
"ME"	2006	"PEN"	"BURLINGTON"	2	64	63	163	101	57	158	132	159	1	1
"ME"	2006	"PEN"	"CARMEL"	2	337	409	1074	628	408	1036	855	1060	1	1
"ME"	2006	"PEN"	"CARROLL PLT."	2	21	21	59	38	17	55	51	58	1	1
"ME"	2006	"PEN"	"CHARLESTON"	2	107	252	480	255	209	464	384	470	1	1
"ME"	2006	"PEN"	"CHESTER"	2	71	77	188	128	56	184	152	182	1	1
"ME"	2006	"PEN"	"CHESTER"	2	4	12	19	10	8	18	15	18	1	2
"ME"	2006	"PEN"	"CLIFTON"	2	91	101	304	183	106	289	232	303	1	1
"ME"	2006	"PEN"	"CORINNA"	2	279	357	864	500	310	810	695	863	1	1
"ME"	2006	"PEN"	"CORINTH"	2	322	511	1042	605	397	1002	831	1010	1	1
"ME"	2006	"PEN"	"DEXTER"	2	525	486	1393	934	410	1344	1071	1363	1	1
"ME"	2006	"PEN"	"DIXMONT"	2	160	182	523	351	152	503	333	513	1	1
"ME"	2006	"PEN"	"DREW PLT."	2	4	12	24	14	8	22	21	23	1	1
"ME"	2006	"PEN"	"EAST MILLINOCKET"	2	434	216	852	718	114	832	631	825	1	1
"ME"	2006	"PEN"	"EDDINGTON"	2	322	320	953	615	307	922	717	939	1	1
"ME"	2006	"PEN"	"EDINBURG"	2	34	13	59	48	11	59	46	58	1	1
"ME"	2006	"PEN"	"EDINBURG"	2	22	13	56	39	15	54	45	56	1	2
"ME"	2006	"PEN"	"ENFIELD"	2	257	205	626	453	156	609	503	618	1	1
"ME"	2006	"PEN"	"ETNA"	2	138	165	429	284	126	410	304	418	1	1
"ME"	2006	"PEN"	"EXETER"	2	133	172	436	250	164	414	335	431	1	1
"ME"	2006	"PEN"	"GARLAND"	2	129	200	449	274	163	437	329	441	1	1
"ME"	2006	"PEN"	"GLENBURN"	2	628	647	1724	1108	579	1687	43	1708	1	1
"ME"	2006	"PEN"	"GREENBUSH"	2	156	188	479	297	158	455	355	461	1	1
"ME"	2006	"PEN"	"HAMPDEN"	2	1251	1107	3322	2080	1167	3247	2489	3296	1	1
"ME"	2006	"PEN"	"HERMON"	2	658	846	2055	1200	794	1994	1687	2049	1	1
"ME"	2006	"PEN"	"HOLDEN"	2	517	597	1520	921	565	1486	1139	1464	1	1
"ME"	2006	"PEN"	"HOWLAND"	2	247	157	559	442	96	538	434	557	1	1
"ME"	2006	"PEN"	"HUDSON"	2	152	241	537	317	196	513	414	529	1	1
"ME"	2006	"PEN"	"INDIAN PURCHASE TWP."	2	48	31	125	109	15	124	91	124	1	1
"ME"	2006	"PEN"	"KENDUSKEAG"	2	159	158	463	351	135	486	359	461	1	1
"ME"	2006	"PEN"	"KINGMAN TWP."	2	16	24	58	41	15	56	3	56	1	1
"ME"	2006	"PEN"	"LAGRANGE"	2	70	82	220	137	73	210	158	212	1	1
"ME"	2006	"PEN"	"LAKEVILLE"	2	29	17	60	47	12	59	43	60	1	1
"ME"	2006	"PEN"	"LEE"	2	139	168	389	263	113	376	325	380	1	1
"ME"	2006	"PEN"	"LEVANT"	2	293	413	958	592	349	941	774	972	1	1
"ME"	2006	"PEN"	"LINCOLN"	2	883	630	1868	1323	500	1823	1498	1832	1	1
"ME"	2006	"PEN"	"LOWELL"	2	55	81	180	122	52	174	136	172	1	1
"ME"	2006	"PEN"	"MATTAWAMKEAG"	2	127	59	293	230	56	286	193	266	1	1
"ME"	2006	"PEN"	"MAXFIELD"	2	13	22	53	38	13	51	41	53	1	1
"ME"	2006	"PEN"	"MEDWAY"	2	191	220	561	429	136	565	442	554	1	1
"ME"	2006	"PEN"	"MILFORD"	2	542	289	1155	890	243	1133	880	1135	1	1
"ME"	2006	"PEN"	"MILFORD"	2	28	22	62	39	23	62	45	60	1	2
"ME"	2006	"PEN"	"MILLINOCKET"	2	1102	525	2202	1852	309	2161	1694	2171	1	1
"ME"	2006	"PEN"	"MOUNT CHASE"	2	27	48	95	69	25	94	74	93	1	1
"ME"	2006	"PEN"	"NEWBURGH"	2	216	225	681	434	228	662	502	680	1	1
"ME"	2006	"PEN"	"NEWPORT"	2	398	514	1264	767	453	1220	1017	1253	1	1
"ME"	2006	"PEN"	"OLD TOWN"	2	562	229	1061	833	206	1039	759	1049	1	1
"ME"	2006	"PEN"	"OLD TOWN"	2	406	299	995	706	264	970	751	987	2	1
"ME"	2006	"PEN"	"OLD TOWN"	2	394	179	813	640	159	799	577	808	3	1
"ME"	2006	"PEN"	"OLD TOWN"	2	92	29	158	129	25	154	101	154	4	1
"ME"	2006	"PEN"	"ORONO"	2	732	239	1336	1054	244	1298	788	1311	1	1
"ME"	2006	"PEN"	"ORONO"	2	358	128	758	581	136	717	481	747	1	2
"ME"	2006	"PEN"	"ORONO"	2	586	167	991	786	193	979	604	978	1	3
"ME"	2006	"PEN"	"ORONO"	2	100	96	280	173	102	275	204	274	2	1
"ME"	2006	"PEN"	"ORRINGTON"	2	581	674	1754	1068	659	1727	1358	1744	1	1
"ME"	2006	"PEN"	"PASSADUMKEAG"	2	56	63	172	111	56	167	136	172	1	1
"ME"	2006	"PEN"	"PATTEN"	2	168	142	386	247	116	363	304	383	1	1
"ME"	2006	"PEN"	"PENOB. NAT. VOTING DIS."	2	31	18	145	126	16	142	76	145	1	1
"ME"	2006	"PEN"	"PLYMOUTH"	2	151	233	497	292	176	468	411	499	1	1
"ME"	2006	"PEN"	"PRENTISS TWP."	2	15	27	55	30	23	53	39	52	1	1
"ME"	2006	"PEN"	"SEBOEIS PLT."	2	9	3	25	19	6	25	21	25	1	1
"ME"	2006	"PEN"	"SPRINGFIELD"	2	65	63	169	120	38	158	139	165	1	1
"ME"	2006	"PEN"	"STACYVILLE"	2	57	67	161	103	49	152	106	154	1	1
"ME"	2006	"PEN"	"STETSON"	2	134	195	522	346	166	512	393	511	1	1
"ME"	2006	"PEN"	"VEAZIE"	2	337	260	862	577	268	845	651	849	1	1
"ME"	2006	"PEN"	"WEBSTER PLT."	2	7	4	18	15	4	19	13	20	1	1
"ME"	2006	"PEN"	"WINN"	2	45	67	148	94	45	139	109	140	1	1
"ME"	2006	"PEN"	"WOODVILLE"	2	46	26	95	72	22	94	57	93	1	1
"ME"	2006	"PIS"	"ABBOT"	2	87	124	338	223	95	318	257	331	1	1
"ME"	2006	"PIS"	"ATKINSON"	2	50	55	149	95	45	140	109	141	1	1
"ME"	2006	"PIS"	"BEAVER COVE"	2	18	34	92	60	30	90	74	92	1	1
"ME"	2006	"PIS"	"BOWERBANK"	2	11	37	78	41	36	77	75	78	1	1
"ME"	2006	"PIS"	"BROWNVILLE"	2	214	190	576	413	146	559	449	574	1	1
"ME"	2006	"PIS"	"DOVER-FOXCROFT"	2	641	723	1840	1234	566	1800	1461	1813	1	1
"ME"	2006	"PIS"	"GREENVILLE"	2	311	361	925	647	246	893	756	918	1	1
"ME"	2006	"PIS"	"GREENVILLE TWPS."	2	5	10	15	7	9	16	10	14	1	1
"ME"	2006	"PIS"	"GUILFORD"	2	199	246	609	379	196	575	480	596	1	1
"ME"	2006	"PIS"	"KINGSBURY PLT."	2	5	4	11	6	4	10	8	8	1	1
"ME"	2006	"PIS"	"LAKE VIEW PLT."	2	27	14	55	45	9	54	48	54	1	1
"ME"	2006	"PIS"	"MEDFORD"	2	20	38	84	57	27	84	59	83	1	1
"ME"	2006	"PIS"	"MILO"	2	383	250	864	624	214	838	647	859	1	1
"ME"	2006	"PIS"	"MONSON"	2	125	132	362	225	121	346	12	353	1	1
"ME"	2006	"PIS"	"MONSON"	2	5	2	10	8	1	9	8	10	1	2
"ME"	2006	"PIS"	"PARKMAN"	2	91	130	307	199	95	294	208	294	1	1
"ME"	2006	"PIS"	"SANGERVILLE"	2	203	202	536	359	155	514	423	524	1	1
"ME"	2006	"PIS"	"SEBEC"	2	87	142	289	176	106	282	218	284	1	1
"ME"	2006	"PIS"	"SHIRLEY"	2	22	55	116	65	46	111	96	114	1	1
"ME"	2006	"PIS"	"T1 R9 TWP."	2	15	15	48	40	7	47	37	47	1	1
"ME"	2006	"PIS"	"WELLINGTON"	2	52	17	112	91	18	109	67	109	1	1
"ME"	2006	"PIS"	"WILLIMANTIC"	2	20	48	86	42	39	81	62	80	1	1
"ME"	2006	"SAG"	"ARROWSIC"	1	130	54	301	202	58	295	180	298	1	1
"ME"	2006	"SAG"	"BATH"	1	1585	934	3773	2382	969	3724	2756	3738	1	1
"ME"	2006	"SAG"	"BOWDOIN"	1	267	474	1247	573	481	1212	990	1226	1	1
"ME"	2006	"SAG"	"BOWDOINHAM"	1	503	413	1505	854	408	1468	1102	1491	1	1
"ME"	2006	"SAG"	"GEORGETOWN"	1	267	171	646	357	184	630	459	637	1	1
"ME"	2006	"SAG"	"PHIPPSBURG"	1	386	316	1151	618	375	1114	874	1145	1	1
"ME"	2006	"SAG"	"RICHMOND"	1	447	483	1517	830	468	1475	1168	1500	1	1
"ME"	2006	"SAG"	"TOPSHAM"	1	1553	1198	4295	2394	1329	4218	3234	4248	1	1
"ME"	2006	"SAG"	"WEST BATH"	1	338	294	985	539	295	965	766	982	1	1
"ME"	2006	"SAG"	"WOOLWICH"	1	486	492	1548	773	536	1509	1175	1537	1	1
"ME"	2006	"SOM"	"ANSON"	2	297	275	857	604	217	821	653	849	1	1
"ME"	2006	"SOM"	"ATHENS"	2	75	161	345	207	111	318	223	326	1	1
"ME"	2006	"SOM"	"BINGHAM"	2	171	140	417	281	116	397	317	408	1	1
"ME"	2006	"SOM"	"BRIGHTON PLT."	2	8	13	29	21	9	30	22	31	1	1
"ME"	2006	"SOM"	"CAMBRIDGE"	2	56	117	212	121	67	188	169	206	1	1
"ME"	2006	"SOM"	"CANAAN"	2	262	261	748	520	199	719	519	737	1	1
"ME"	2006	"SOM"	"CARATUNK"	2	7	29	51	33	17	50	44	51	1	1
"ME"	2006	"SOM"	"CORNVILLE"	2	143	237	543	327	191	518	412	540	1	1
"ME"	2006	"SOM"	"DENNISTOWN PLT."	2	5	6	12	8	5	13	10	14	1	1
"ME"	2006	"SOM"	"DETROIT"	2	88	82	291	200	82	282	183	253	1	1
"ME"	2006	"SOM"	"EMBDEN"	2	91	164	401	246	137	383	322	396	1	1
"ME"	2006	"SOM"	"FAIRFIELD"	2	851	761	2495	1781	664	2445	1893	2477	1	1
"ME"	2006	"SOM"	"HARMONY"	2	92	155	355	239	107	346	245	352	1	1
"ME"	2006	"SOM"	"HARTLAND"	2	175	301	706	411	271	682	534	691	1	1
"ME"	2006	"SOM"	"HIGHLAND PLT."	2	22	57	116	71	45	116	96	117	1	1
"ME"	2006	"SOM"	"JACKMAN"	2	128	143	372	255	99	354	295	364	1	1
"ME"	2006	"SOM"	"MADISON"	2	670	581	1809	1280	460	1740	1339	1803	1	1
"ME"	2006	"SOM"	"MERCER"	2	72	145	317	215	89	304	232	314	1	1
"ME"	2006	"SOM"	"MOOSE RIVER"	2	15	35	75	53	24	77	65	77	1	1
"ME"	2006	"SOM"	"MOSCOW"	2	57	60	180	131	41	172	127	174	1	1
"ME"	2006	"SOM"	"NEW PORTLAND"	2	112	237	467	237	106	343	257	335	1	1
"ME"	2006	"SOM"	"NORRIDGEWOCK"	2	420	506	1309	883	383	1266	1001	1283	1	1
"ME"	2006	"SOM"	"PALMYRA"	2	225	358	841	527	298	825	653	1007	1	1
"ME"	2006	"SOM"	"PITTSFIELD"	2	583	564	1563	960	544	1504	1179	1542	1	1
"ME"	2006	"SOM"	"PLEASANT RIDGE PLT."	2	12	18	44	34	10	44	40	44	1	1
"ME"	2006	"SOM"	"RIPLEY"	2	63	89	211	130	73	203	169	207	1	1
"ME"	2006	"SOM"	"ROCKWOOD TWP."	2	56	79	176	111	63	174	144	173	1	1
"ME"	2006	"SOM"	"SKOWHEGAN"	2	1192	1029	3180	2310	769	3079	2407	3142	1	1
"ME"	2006	"SOM"	"SMITHFIELD"	2	124	204	483	317	155	472	368	477	1	1
"ME"	2006	"SOM"	"SOLON"	2	138	152	456	314	129	443	311	455	1	1
"ME"	2006	"SOM"	"SOLON"	2	0	3	3	3	0	3	3	3	1	2
"ME"	2006	"SOM"	"ST. ALBANS"	2	195	323	763	476	260	736	578	752	1	1
"ME"	2006	"SOM"	"STARKS"	2	74	88	246	167	68	235	184	246	1	1
"ME"	2006	"SOM"	"THE FORKS PLT."	2	11	10	36	22	14	36	32	37	1	1
"ME"	2006	"SOM"	"WEST FORKS PLT."	2	10	10	32	26	6	32	27	33	1	1
"ME"	2006	"WAL"	"BELFAST"	2	543	244	1238	908	276	1184	735	1222	1	1
"ME"	2006	"WAL"	"BELFAST"	2	462	338	1184	873	272	1145	766	1175	2	1
"ME"	2006	"WAL"	"BELFAST"	2	188	217	590	353	196	549	440	579	3	1
"ME"	2006	"WAL"	"BELMONT"	2	131	122	381	260	111	371	291	382	1	1
"ME"	2006	"WAL"	"BROOKS"	2	114	166	438	257	164	421	324	437	1	1
"ME"	2006	"WAL"	"BURNHAM"	2	131	153	420	278	131	409	308	412	1	1
"ME"	2006	"WAL"	"FRANKFORT"	2	103	144	402	255	127	382	279	388	1	1
"ME"	2006	"WAL"	"FREEDOM"	2	104	87	308	228	66	294	195	304	1	1
"ME"	2006	"WAL"	"ISLESBORO"	2	148	73	373	276	89	365	243	368	1	1
"ME"	2006	"WAL"	"JACKSON"	2	73	77	239	163	69	232	162	237	1	1
"ME"	2006	"WAL"	"KNOX"	2	92	112	300	185	104	289	217	294	1	1
"ME"	2006	"WAL"	"LIBERTY"	2	118	155	423	250	155	405	281	414	1	1
"ME"	2006	"WAL"	"LINCOLNVILLE"	2	379	318	1137	795	308	1103	725	1130	1	1
"ME"	2006	"WAL"	"MONROE"	2	147	131	426	279	116	395	288	423	1	1
"ME"	2006	"WAL"	"MONTVILLE"	2	156	111	442	326	97	423	255	433	1	1
"ME"	2006	"WAL"	"MORRILL"	2	86	162	391	213	153	366	295	381	1	1
"ME"	2006	"WAL"	"NORTHPORT"	2	269	252	775	488	253	741	545	766	1	1
"ME"	2006	"WAL"	"PALERMO"	2	195	240	659	388	243	631	500	646	1	1
"ME"	2006	"WAL"	"PROSPECT"	2	84	82	291	194	74	268	204	282	1	1
"ME"	2006	"WAL"	"SEARSMONT"	2	178	173	600	402	175	577	381	587	1	1
"ME"	2006	"WAL"	"SEARSPORT"	2	383	346	1111	721	343	1064	807	1107	1	1
"ME"	2006	"WAL"	"STOCKTON SPRINGS"	2	294	230	815	554	226	780	547	793	1	1
"ME"	2006	"WAL"	"SWANVILLE"	2	160	185	534	363	163	526	371	532	1	1
"ME"	2006	"WAL"	"THORNDIKE"	2	94	96	304	212	77	289	215	299	1	1
"ME"	2006	"WAL"	"TROY"	2	124	133	431	293	132	425	299	429	1	1
"ME"	2006	"WAL"	"UNITY"	2	251	259	730	467	232	699	514	715	1	1
"ME"	2006	"WAL"	"WALDO"	2	94	114	313	206	97	303	220	311	1	1
"ME"	2006	"WAL"	"WINTERPORT"	2	577	609	1683	1065	578	1643	1219	1658	1	1
"ME"	2006	"WAS"	"ADDISON"	2	122	244	512	314	176	490	386	504	1	1
"ME"	2006	"WAS"	"ALEXANDER"	2	52	94	219	136	71	207	159	214	1	1
"ME"	2006	"WAS"	"BAILEYVILLE"	2	188	180	573	458	98	556	450	569	1	1
"ME"	2006	"WAS"	"BARING PLT."	2	21	35	92	67	20	87	66	91	1	1
"ME"	2006	"WAS"	"BEALS"	2	62	83	186	116	43	159	140	182	1	1
"ME"	2006	"WAS"	"BEDDINGTON"	2	9	15	32	20	11	31	22	32	1	1
"ME"	2006	"WAS"	"BROOKTON TWP."	2	27	42	87	48	35	83	67	85	1	1
"ME"	2006	"WAS"	"CALAIS"	2	362	429	1194	835	306	1141	918	1177	1	1
"ME"	2006	"WAS"	"CENTERVILLE TWP."	2	3	7	15	5	9	14	13	15	1	1
"ME"	2006	"WAS"	"CENTERVILLE TWP."	2	0	2	2	2	0	2	2	2	1	2
"ME"	2006	"WAS"	"CHARLOTTE"	2	34	57	137	80	51	131	112	147	1	1
"ME"	2006	"WAS"	"CHERRYFIELD"	2	130	184	476	286	159	445	327	453	1	1
"ME"	2006	"WAS"	"CODYVILLE PLT."	2	5	0	6	5	0	5	4	6	1	1
"ME"	2006	"WAS"	"COLUMBIA"	2	30	80	156	78	68	146	119	156	1	1
"ME"	2006	"WAS"	"COLUMBIA FALLS"	2	53	115	258	160	83	243	196	247	1	1
"ME"	2006	"WAS"	"COOPER"	2	35	46	112	66	41	107	78	113	1	1
"ME"	2006	"WAS"	"CRAWFORD"	2	13	25	49	37	8	45	45	48	1	1
"ME"	2006	"WAS"	"CUTLER"	2	57	89	229	143	74	217	186	223	1	1
"ME"	2006	"WAS"	"DANFORTH"	2	80	70	181	116	58	174	149	179	1	1
"ME"	2006	"WAS"	"DEBLOIS"	2	3	11	26	14	11	25	19	26	1	1
"ME"	2006	"WAS"	"DENNYSVILLE"	2	52	52	161	104	33	137	114	149	1	1
"ME"	2006	"WAS"	"EAST MACHIAS"	2	189	250	592	396	162	558	435	585	1	1
"ME"	2006	"WAS"	"EASTPORT"	2	243	203	715	527	134	661	508	706	1	1
"ME"	2006	"WAS"	"EDMUNDS TWP."	2	42	55	164	116	31	147	117	163	1	1
"ME"	2006	"WAS"	"GRAND LAKE STREAM PLT."	2	23	34	83	53	28	81	73	84	1	1
"ME"	2006	"WAS"	"HARRINGTON"	2	89	156	351	221	103	324	256	348	1	1
"ME"	2006	"WAS"	"INDIAN TOWNSHIP"	2	9	74	155	123	22	145	114	152	1	1
"ME"	2006	"WAS"	"JONESBORO"	2	87	101	271	180	79	259	202	266	1	1
"ME"	2006	"WAS"	"JONESPORT"	2	186	161	502	338	125	463	361	489	1	1
"ME"	2006	"WAS"	"LUBEC"	2	284	256	839	609	181	790	535	819	1	1
"ME"	2006	"WAS"	"MACHIAS"	2	287	244	737	512	188	700	547	725	1	1
"ME"	2006	"WAS"	"MACHIASPORT"	2	170	162	448	310	113	423	352	444	1	1
"ME"	2006	"WAS"	"MARSHFIELD"	2	76	111	245	146	85	231	199	241	1	1
"ME"	2006	"WAS"	"MEDDYBEMPS"	2	19	29	77	48	24	72	55	77	1	1
"ME"	2006	"WAS"	"MILBRIDGE"	2	142	166	515	337	150	487	363	508	1	1
"ME"	2006	"WAS"	"NO. 21 TWP."	2	15	24	51	34	16	50	33	50	1	1
"ME"	2006	"WAS"	"NO. 27 TWP."	2	3	13	21	15	6	21	14	21	1	1
"ME"	2006	"WAS"	"NORTHFIELD"	2	28	32	85	65	14	79	60	84	1	1
"ME"	2006	"WAS"	"PEMBROKE"	2	111	133	389	274	76	350	272	385	1	1
"ME"	2006	"WAS"	"PERRY"	2	70	180	405	263	130	393	310	399	1	1
"ME"	2006	"WAS"	"PLEASANT PT. VOTING DIS."	2	8	72	147	120	15	135	116	144	1	1
"ME"	2006	"WAS"	"PRINCETON"	2	89	127	309	221	80	301	238	307	1	1
"ME"	2006	"WAS"	"ROBBINSTON"	2	37	101	232	159	64	223	159	228	1	1
"ME"	2006	"WAS"	"ROQUE BLUFFS"	2	53	43	147	101	27	128	95	138	1	1
"ME"	2006	"WAS"	"STEUBEN"	2	120	170	400	216	159	375	250	391	1	1
"ME"	2006	"WAS"	"TALMADGE"	2	4	13	29	20	8	28	20	28	1	1
"ME"	2006	"WAS"	"TOPSFIELD"	2	20	43	83	54	26	80	64	85	1	1
"ME"	2006	"WAS"	"VANCEBORO"	2	30	24	80	58	18	76	43	79	1	1
"ME"	2006	"WAS"	"WAITE"	2	14	23	52	33	17	50	37	52	1	1
"ME"	2006	"WAS"	"WESLEY"	2	19	23	59	42	13	55	45	59	1	1
"ME"	2006	"WAS"	"WHITING"	2	72	129	295	197	81	278	182	290	1	1
"ME"	2006	"WAS"	"WHITNEYVILLE"	2	20	45	98	57	43	100	64	83	1	1
"ME"	2006	"YOR"	"ACTON"	1	353	312	931	497	324	893	712	914	1	1
"ME"	2006	"YOR"	"ALFRED"	1	459	404	1324	759	429	1270	1040	1303	1	1
"ME"	2006	"YOR"	"ARUNDEL"	1	517	412	1465	856	491	1445	1124	1448	1	1
"ME"	2006	"YOR"	"BERWICK"	1	1057	787	2282	1274	804	2213	1751	2263	1	1
"ME"	2006	"YOR"	"BIDDEFORD"	1	390	289	996	614	297	973	757	985	1	1
"ME"	2006	"YOR"	"BIDDEFORD"	1	415	194	880	612	197	873	655	878	2	1
"ME"	2006	"YOR"	"BIDDEFORD"	1	554	300	1323	921	299	1306	1012	1313	3	1
"ME"	2006	"YOR"	"BIDDEFORD"	1	519	146	965	729	158	949	690	959	4	1
"ME"	2006	"YOR"	"BIDDEFORD"	1	466	154	898	636	180	880	638	892	5	1
"ME"	2006	"YOR"	"BIDDEFORD"	1	404	250	1011	650	275	989	783	996	6	1
"ME"	2006	"YOR"	"BIDDEFORD"	1	408	178	845	584	181	821	651	840	7	1
"ME"	2006	"YOR"	"BUXTON"	1	996	1021	3226	1753	1211	3157	2474	3175	1	1
"ME"	2006	"YOR"	"CORNISH"	1	208	195	645	369	216	623	494	635	1	1
"ME"	2006	"YOR"	"DAYTON"	1	217	299	797	399	332	786	658	796	1	1
"ME"	2006	"YOR"	"ELIOT"	1	1346	771	2694	1677	796	2609	1929	2662	1	1
"ME"	2006	"YOR"	"HOLLIS"	1	589	547	1797	1017	625	1769	1342	1774	1	1
"ME"	2006	"YOR"	"KENNEBUNK"	1	2111	1539	5282	3098	1810	5195	3935	5227	1	1
"ME"	2006	"YOR"	"KENNEBUNKPORT"	1	833	583	2068	1161	756	2032	1551	2061	1	1
"ME"	2006	"YOR"	"KITTERY"	1	2212	800	3628	2438	911	3500	2427	3596	1	1
"ME"	2006	"YOR"	"LEBANON"	1	693	598	1659	860	646	1623	1288	1645	1	1
"ME"	2006	"YOR"	"LIMERICK"	1	338	369	1092	617	386	1079	812	1078	1	1
"ME"	2006	"YOR"	"LIMINGTON"	1	366	486	1331	676	532	1309	1067	1336	1	1
"ME"	2006	"YOR"	"LYMAN"	1	587	561	1863	1087	616	1833	1468	1842	1	1
"ME"	2006	"YOR"	"NEWFIELD"	1	183	225	590	303	226	571	472	585	1	1
"ME"	2006	"YOR"	"NORTH BERWICK"	1	683	606	1778	1002	623	1746	1371	1759	1	1
"ME"	2006	"YOR"	"OGUNQUIT"	1	416	191	778	505	217	753	536	775	1	1
"ME"	2006	"YOR"	"OLD ORCHARD BEACH"	1	1708	900	3861	2497	1060	3795	2906	3831	1	1
"ME"	2006	"YOR"	"PARSONSFIELD"	1	120	135	368	210	130	358	288	363	1	1
"ME"	2006	"YOR"	"PARSONSFIELD"	1	143	103	352	192	116	337	237	344	2	1
"ME"	2006	"YOR"	"SACO"	1	440	331	1160	724	361	1144	894	1143	1	1
"ME"	2006	"YOR"	"SACO"	1	367	339	1136	662	399	1121	897	1126	2	1
"ME"	2006	"YOR"	"SACO"	1	391	195	886	589	242	877	651	879	3	1
"ME"	2006	"YOR"	"SACO"	1	568	300	1234	792	362	1216	935	1227	4	1
"ME"	2006	"YOR"	"SACO"	1	440	231	1037	703	255	1024	796	1031	5	1
"ME"	2006	"YOR"	"SACO"	1	460	156	931	649	185	903	674	916	6	1
"ME"	2006	"YOR"	"SACO"	1	372	162	797	565	172	781	551	793	7	1
"ME"	2006	"YOR"	"SANFORD"	1	435	291	1013	611	302	973	768	1004	1	1
"ME"	2006	"YOR"	"SANFORD"	1	400	189	825	558	184	797	612	808	2	1
"ME"	2006	"YOR"	"SANFORD"	1	441	312	1060	619	352	1041	791	1049	3	1
"ME"	2006	"YOR"	"SANFORD"	1	484	355	1189	702	396	1159	949	1179	4	1
"ME"	2006	"YOR"	"SANFORD"	1	377	307	948	541	320	920	739	945	5	1
"ME"	2006	"YOR"	"SANFORD"	1	376	226	812	524	223	796	606	806	6	1
"ME"	2006	"YOR"	"SANFORD"	1	449	228	913	605	223	886	691	894	7	1
"ME"	2006	"YOR"	"SHAPLEIGH"	1	328	346	1017	577	341	984	820	1011	1	1
"ME"	2006	"YOR"	"SOUTH BERWICK"	1	1353	812	2785	1683	886	2723	2012	2764	1	1
"ME"	2006	"YOR"	"WATERBORO"	1	668	803	2341	1277	852	2314	1881	2326	1	1
"ME"	2006	"YOR"	"WELLS"	1	1719	1273	4187	2433	1429	4080	3189	4174	1	1
"ME"	2006	"YOR"	"YORK"	1	2965	1679	5896	3678	1851	5783	4281	5860	1	1
