state	year	county	town	cd	g2002_GOV_dv	g2002_GOV_rv	g2002_GOV_tv	g2002_USS_dv	g2002_USS_rv	g2002_USS_tv	g2002_USH_dv	g2002_USH_rv	g2002_USH_tv	ward	precinct
"ME"	2002	"AND"	"AUBURN"	2	896	918	2101	897	897	1794	1071	963	2034	1	1
"ME"	2002	"AND"	"AUBURN"	2	735	664	1638	729	902	1631	896	690	1586	2	1
"ME"	2002	"AND"	"AUBURN"	2	761	685	1635	692	942	1634	868	722	1590	3	1
"ME"	2002	"AND"	"AUBURN"	2	704	633	1545	647	890	1537	822	689	1511	4	1
"ME"	2002	"AND"	"AUBURN"	2	828	601	1661	842	799	1641	999	622	1621	5	1
"ME"	2002	"AND"	"DURHAM"	2	551	765	1537	567	954	1521	714	776	1490	1	1
"ME"	2002	"AND"	"GREENE"	2	579	701	1489	571	915	1486	741	710	1451	1	1
"ME"	2002	"AND"	"LEEDS"	2	320	284	690	304	385	689	366	303	669	1	1
"ME"	2002	"AND"	"LEWISTON"	2	904	462	1565	825	759	1584	980	566	1546	0	0
"ME"	2002	"AND"	"LEWISTON"	2	159	70	269	154	114	268	202	68	270	1	1
"ME"	2002	"AND"	"LEWISTON"	2	539	407	1060	530	539	1069	668	370	1038	1	2
"ME"	2002	"AND"	"LEWISTON"	2	804	629	1586	737	848	1585	992	560	1552	2	1
"ME"	2002	"AND"	"LEWISTON"	2	377	277	719	355	363	718	476	232	708	2	2
"ME"	2002	"AND"	"LEWISTON"	2	203	61	301	175	130	305	214	84	298	3	1
"ME"	2002	"AND"	"LEWISTON"	2	263	121	511	335	175	510	364	131	495	3	2
"ME"	2002	"AND"	"LEWISTON"	2	425	333	813	364	451	815	506	291	797	4	1
"ME"	2002	"AND"	"LEWISTON"	2	597	353	1052	537	513	1050	712	329	1041	4	2
"ME"	2002	"AND"	"LEWISTON"	2	206	98	361	199	158	357	256	93	349	5	1
"ME"	2002	"AND"	"LEWISTON"	2	333	203	605	348	268	616	429	169	598	5	2
"ME"	2002	"AND"	"LEWISTON"	2	170	54	263	151	112	263	202	60	262	6	1
"ME"	2002	"AND"	"LEWISTON"	2	420	321	819	410	407	817	518	282	800	6	2
"ME"	2002	"AND"	"LEWISTON"	2	408	208	685	366	326	692	481	199	680	7	1
"ME"	2002	"AND"	"LEWISTON"	2	585	443	1161	560	606	1166	770	380	1150	7	2
"ME"	2002	"AND"	"LISBON"	2	659	581	1435	598	829	1427	770	617	1387	1	1
"ME"	2002	"AND"	"LISBON"	2	710	820	1733	643	1092	1735	816	881	1697	2	1
"ME"	2002	"AND"	"LIVERMORE"	2	398	314	795	362	427	789	462	317	779	1	1
"ME"	2002	"AND"	"LIVERMORE FALLS"	2	532	301	936	498	448	946	579	339	918	1	1
"ME"	2002	"AND"	"MECHANIC FALLS"	2	386	450	970	363	592	955	468	455	923	1	1
"ME"	2002	"AND"	"MINOT"	2	322	561	1003	322	678	1000	466	534	1000	1	1
"ME"	2002	"AND"	"POLAND"	2	734	970	1966	730	1237	1967	914	969	1883	1	1
"ME"	2002	"AND"	"SABATTUS"	2	685	578	1469	679	786	1465	827	612	1439	1	1
"ME"	2002	"AND"	"TURNER"	2	678	960	1871	640	1238	1878	878	961	1839	1	1
"ME"	2002	"AND"	"WALES"	2	193	243	491	182	315	497	241	244	485	1	1
"ME"	2002	"ARO"	"ALLAGASH"	2	57	51	131	49	78	127	53	54	107	1	1
"ME"	2002	"ARO"	"AMITY"	2	36	23	68	22	44	66	33	36	69	1	1
"ME"	2002	"ARO"	"ASHLAND"	2	283	152	461	122	342	464	264	192	456	1	1
"ME"	2002	"ARO"	"ASHLAND"	2	0	2	2	0	2	2	0	2	2	1	2
"ME"	2002	"ARO"	"BANCROFT"	2	14	12	26	9	17	26	14	11	25	1	1
"ME"	2002	"ARO"	"BENEDICTA TWP."	2	53	21	75	28	46	74	56	17	73	1	1
"ME"	2002	"ARO"	"BLAINE"	2	117	138	269	57	221	278	83	201	284	1	1
"ME"	2002	"ARO"	"BLAINE"	2	1	11	13	0	12	12	2	10	12	1	2
"ME"	2002	"ARO"	"BRIDGEWATER"	2	109	102	225	55	173	228	86	136	222	1	1
"ME"	2002	"ARO"	"CARIBOU"	2	1533	923	2663	690	1988	2678	1175	1429	2604	1	1
"ME"	2002	"ARO"	"CARY PLT."	2	33	34	75	23	48	71	38	37	75	1	1
"ME"	2002	"ARO"	"CASTLE HILL"	2	90	50	150	36	117	153	63	90	153	1	1
"ME"	2002	"ARO"	"CASWELL"	2	84	18	109	34	73	107	61	42	103	1	1
"ME"	2002	"ARO"	"CHAPMAN"	2	85	69	162	50	114	164	68	93	161	1	1
"ME"	2002	"ARO"	"CONNOR TWP."	2	89	33	137	59	77	136	82	53	135	1	1
"ME"	2002	"ARO"	"CRYSTAL"	2	56	41	104	20	86	106	59	50	109	1	1
"ME"	2002	"ARO"	"CYR PLT."	2	22	15	38	10	29	39	23	17	40	1	1
"ME"	2002	"ARO"	"DYER BROOK"	2	50	47	101	25	75	100	54	49	103	1	1
"ME"	2002	"ARO"	"EAGLE LAKE"	2	265	83	376	151	233	384	274	109	383	1	1
"ME"	2002	"ARO"	"EASTON"	2	273	188	507	113	399	512	217	279	496	1	1
"ME"	2002	"ARO"	"FORT FAIRFIELD"	2	906	350	1346	411	946	1357	665	659	1324	1	1
"ME"	2002	"ARO"	"FORT KENT"	2	1179	320	1648	666	1024	1690	1204	451	1655	1	1
"ME"	2002	"ARO"	"FRENCHVILLE"	2	377	78	489	274	226	500	401	93	494	1	1
"ME"	2002	"ARO"	"GARFIELD PLT."	2	22	20	48	13	35	48	18	29	47	1	1
"ME"	2002	"ARO"	"GLENWOOD PLT."	2	2	0	2	0	2	2	2	0	2	1	1
"ME"	2002	"ARO"	"GRAND ISLE"	2	181	14	212	141	74	215	178	37	215	1	1
"ME"	2002	"ARO"	"HAMLIN"	2	64	21	90	35	57	92	67	24	91	1	1
"ME"	2002	"ARO"	"HAMMOND"	2	24	7	35	10	26	36	26	10	36	1	1
"ME"	2002	"ARO"	"HAYNESVILLE"	2	24	8	33	9	24	33	26	7	33	1	1
"ME"	2002	"ARO"	"HERSEY"	2	5	19	28	7	18	25	16	12	28	1	1
"ME"	2002	"ARO"	"HODGDON"	2	194	221	442	82	358	440	208	222	430	1	1
"ME"	2002	"ARO"	"HOULTON"	2	1130	765	1990	504	1493	1997	1065	869	1934	1	1
"ME"	2002	"ARO"	"ISLAND FALLS"	2	189	128	332	75	252	327	198	141	339	1	1
"ME"	2002	"ARO"	"LIMESTONE"	2	387	189	620	203	424	627	309	302	611	1	1
"ME"	2002	"ARO"	"LINNEUS"	2	100	119	239	58	186	244	96	143	239	1	1
"ME"	2002	"ARO"	"LITTLETON"	2	164	140	323	60	265	325	139	184	323	1	1
"ME"	2002	"ARO"	"LUDLOW"	2	59	46	121	30	91	121	61	57	118	1	1
"ME"	2002	"ARO"	"MACWAHOC PLT."	2	33	20	53	23	30	53	40	13	53	1	1
"ME"	2002	"ARO"	"MADAWASKA"	2	1469	204	1779	1036	752	1788	1503	280	1783	1	1
"ME"	2002	"ARO"	"MADAWASKA LAKE TWP."	2	50	29	85	14	70	84	36	48	84	1	1
"ME"	2002	"ARO"	"MAPLETON"	2	368	303	725	161	538	699	261	414	675	1	1
"ME"	2002	"ARO"	"MARS HILL"	2	265	307	625	104	526	630	201	422	623	1	1
"ME"	2002	"ARO"	"MASARDIS"	2	64	35	101	24	76	100	56	44	100	1	1
"ME"	2002	"ARO"	"MERRILL"	2	51	26	81	26	50	76	52	27	79	1	1
"ME"	2002	"ARO"	"MONTICELLO"	2	173	121	318	85	228	313	181	120	301	1	1
"ME"	2002	"ARO"	"MORO PLT."	2	5	20	26	0	26	26	12	14	26	1	1
"ME"	2002	"ARO"	"NASHVILLE PLT."	2	7	8	16	1	15	16	9	7	16	1	1
"ME"	2002	"ARO"	"NEW CANADA"	2	62	27	104	32	73	105	69	36	105	1	1
"ME"	2002	"ARO"	"NEW LIMERICK"	2	79	125	212	41	172	213	105	104	209	1	1
"ME"	2002	"ARO"	"NEW SWEDEN"	2	150	95	279	81	197	278	116	149	265	1	1
"ME"	2002	"ARO"	"OAKFIELD"	2	151	62	224	58	163	221	142	82	224	1	1
"ME"	2002	"ARO"	"ORIENT"	2	27	26	56	18	37	55	25	27	52	1	1
"ME"	2002	"ARO"	"OXBOW PLT."	2	14	20	37	7	30	37	15	23	38	1	1
"ME"	2002	"ARO"	"PERHAM"	2	70	83	171	35	135	170	56	111	167	1	1
"ME"	2002	"ARO"	"PORTAGE LAKE"	2	102	58	173	43	135	178	81	92	173	1	1
"ME"	2002	"ARO"	"PRESQUE ISLE"	2	1692	1151	3060	862	2175	3037	1300	1661	2961	1	1
"ME"	2002	"ARO"	"REED PLT."	2	20	23	48	11	37	48	20	27	47	1	1
"ME"	2002	"ARO"	"SAINT AGATHA"	2	302	58	383	197	183	380	294	83	377	1	1
"ME"	2002	"ARO"	"SHERMAN"	2	180	176	371	82	288	370	215	155	370	1	1
"ME"	2002	"ARO"	"SINCLAIR TWP."	2	78	15	103	49	59	108	61	22	83	1	1
"ME"	2002	"ARO"	"SMYRNA"	2	61	30	97	21	76	97	65	33	98	1	1
"ME"	2002	"ARO"	"ST. FRANCIS"	2	203	46	284	139	150	289	198	66	264	1	1
"ME"	2002	"ARO"	"ST. JOHN PLT."	2	86	33	125	39	86	125	78	40	118	1	1
"ME"	2002	"ARO"	"STOCKHOLM"	2	90	39	139	58	83	141	81	50	131	1	1
"ME"	2002	"ARO"	"UN. TWP. OF T17 R5"	2	60	22	97	36	62	98	48	45	93	1	1
"ME"	2002	"ARO"	"VAN BUREN"	2	689	131	881	391	473	864	656	194	850	1	1
"ME"	2002	"ARO"	"VAN BUREN"	2	0	0	0	0	0	0	0	0	0	1	2
"ME"	2002	"ARO"	"WADE"	2	30	44	86	21	64	85	24	58	82	1	1
"ME"	2002	"ARO"	"WALLAGRASS"	2	137	36	196	83	111	194	132	63	195	1	1
"ME"	2002	"ARO"	"WASHBURN"	2	317	230	595	141	463	604	227	354	581	1	1
"ME"	2002	"ARO"	"WESTFIELD"	2	89	92	192	54	140	194	82	107	189	1	1
"ME"	2002	"ARO"	"WESTMANLAND"	2	16	12	40	8	29	37	17	23	40	1	1
"ME"	2002	"ARO"	"WESTON"	2	33	47	83	14	70	84	37	43	80	1	1
"ME"	2002	"ARO"	"WINTERVILLE PLT."	2	75	14	98	48	49	97	67	29	96	1	1
"ME"	2002	"ARO"	"WINTERVILLE PLT."	2	5	4	10	2	7	9	5	4	9	1	2
"ME"	2002	"ARO"	"WOODLAND"	2	225	171	446	111	336	447	178	259	437	1	1
"ME"	2002	"CUM"	"BALDWIN"	1	184	222	501	163	343	506	260	227	487	1	1
"ME"	2002	"CUM"	"BRIDGTON"	1	731	893	1908	790	1110	1900	1093	779	1872	1	1
"ME"	2002	"CUM"	"BRUNSWICK"	1	431	359	886	425	467	892	556	315	871	0	0
"ME"	2002	"CUM"	"BRUNSWICK"	1	436	423	997	432	569	1001	621	370	991	1	1
"ME"	2002	"CUM"	"BRUNSWICK"	1	531	449	1113	560	556	1116	743	345	1088	2	1
"ME"	2002	"CUM"	"BRUNSWICK"	1	579	530	1281	637	640	1277	842	422	1264	3	1
"ME"	2002	"CUM"	"BRUNSWICK"	1	468	433	1029	483	554	1037	685	337	1022	4	1
"ME"	2002	"CUM"	"BRUNSWICK"	1	424	322	887	418	473	891	600	284	884	5	1
"ME"	2002	"CUM"	"BRUNSWICK"	1	462	214	827	494	326	820	627	183	810	6	1
"ME"	2002	"CUM"	"BRUNSWICK"	1	540	281	957	592	373	965	726	218	944	7	1
"ME"	2002	"CUM"	"CAPE ELIZABETH"	1	2046	2478	5083	2099	2971	5070	3294	1739	5033	1	1
"ME"	2002	"CUM"	"CASCO"	1	512	618	1334	539	791	1330	774	537	1311	1	1
"ME"	2002	"CUM"	"CUMBERLAND"	1	1234	2102	3671	1213	2451	3664	2037	1573	3610	1	1
"ME"	2002	"CUM"	"CUMBERLAND"	1	79	94	196	100	98	198	136	57	193	2	1
"ME"	2002	"CUM"	"FALMOUTH"	1	1311	2104	3719	1174	2546	3720	2049	1599	3648	1	1
"ME"	2002	"CUM"	"FALMOUTH"	1	793	991	1965	791	1181	1972	1237	687	1924	2	1
"ME"	2002	"CUM"	"FREEPORT"	1	1591	1633	3810	1775	2035	3810	2467	1281	3748	1	1
"ME"	2002	"CUM"	"FRYE ISLAND"	1	18	27	48	16	31	47	24	23	47	1	1
"ME"	2002	"CUM"	"GORHAM"	1	233	293	585	203	387	590	319	256	575	0	0
"ME"	2002	"CUM"	"GORHAM"	1	809	1025	2039	734	1291	2025	1199	800	1999	1	1
"ME"	2002	"CUM"	"GORHAM"	1	564	599	1320	478	831	1309	792	516	1308	2	1
"ME"	2002	"CUM"	"GORHAM"	1	638	782	1593	583	1007	1590	961	613	1574	3	1
"ME"	2002	"CUM"	"GRAY"	1	1009	1612	2903	919	2040	2959	1593	1326	2919	1	1
"ME"	2002	"CUM"	"HARPSWELL"	1	414	459	1031	451	583	1034	620	376	996	1	1
"ME"	2002	"CUM"	"HARPSWELL"	1	428	473	1062	490	577	1067	656	388	1044	2	1
"ME"	2002	"CUM"	"HARPSWELL"	1	258	307	649	253	395	648	379	253	632	3	1
"ME"	2002	"CUM"	"HARRISON"	1	336	492	966	344	620	964	510	432	942	1	1
"ME"	2002	"CUM"	"LONG ISLAND"	1	58	72	162	75	86	161	103	58	161	1	1
"ME"	2002	"CUM"	"NAPLES"	1	506	686	1373	473	900	1373	756	598	1354	1	1
"ME"	2002	"CUM"	"NEW GLOUCESTER"	1	696	1065	2036	688	1344	2032	1096	925	2021	1	1
"ME"	2002	"CUM"	"NORTH YARMOUTH"	1	627	906	1727	633	1082	1715	1024	612	1636	1	1
"ME"	2002	"CUM"	"PORTLAND"	1	1440	702	2472	1456	1010	2466	1882	576	2458	0	0
"ME"	2002	"CUM"	"PORTLAND"	1	1120	391	1917	1355	558	1913	1584	299	1883	1	1
"ME"	2002	"CUM"	"PORTLAND"	1	495	220	948	627	311	938	755	178	933	1	2
"ME"	2002	"CUM"	"PORTLAND"	1	311	118	555	416	137	553	465	85	550	1	3
"ME"	2002	"CUM"	"PORTLAND"	1	11	17	44	24	20	44	29	12	41	1	4
"ME"	2002	"CUM"	"PORTLAND"	1	16	33	58	21	36	57	29	26	55	1	5
"ME"	2002	"CUM"	"PORTLAND"	1	536	160	998	772	222	994	881	109	990	2	1
"ME"	2002	"CUM"	"PORTLAND"	1	822	225	1369	1025	348	1373	1193	161	1354	2	2
"ME"	2002	"CUM"	"PORTLAND"	1	645	234	1278	907	363	1270	1075	183	1258	2	3
"ME"	2002	"CUM"	"PORTLAND"	1	284	156	544	350	194	544	427	116	543	3	1
"ME"	2002	"CUM"	"PORTLAND"	1	623	327	1147	725	418	1143	903	228	1131	3	2
"ME"	2002	"CUM"	"PORTLAND"	1	1738	1045	3281	1822	1466	3288	2493	772	3265	3	3
"ME"	2002	"CUM"	"PORTLAND"	1	812	493	1493	798	693	1491	1109	367	1476	4	1
"ME"	2002	"CUM"	"PORTLAND"	1	497	247	902	577	328	905	728	171	899	4	2
"ME"	2002	"CUM"	"PORTLAND"	1	719	482	1346	657	692	1349	979	355	1334	4	3
"ME"	2002	"CUM"	"PORTLAND"	1	724	436	1338	704	635	1339	994	335	1329	4	4
"ME"	2002	"CUM"	"PORTLAND"	1	309	156	546	317	225	542	444	94	538	5	1
"ME"	2002	"CUM"	"PORTLAND"	1	469	261	812	378	430	808	614	196	810	5	2
"ME"	2002	"CUM"	"PORTLAND"	1	390	260	735	367	366	733	547	181	728	5	3
"ME"	2002	"CUM"	"PORTLAND"	1	712	576	1419	639	779	1418	1005	405	1410	5	4
"ME"	2002	"CUM"	"PORTLAND"	1	845	756	1753	743	1008	1751	1208	516	1724	5	5
"ME"	2002	"CUM"	"POWNAL"	1	322	330	761	338	422	760	506	246	752	1	1
"ME"	2002	"CUM"	"RAYMOND"	1	716	980	1915	689	1229	1918	1101	790	1891	1	1
"ME"	2002	"CUM"	"SCARBOROUGH"	1	2954	4389	7996	2689	5276	7965	4478	3371	7849	1	1
"ME"	2002	"CUM"	"SEBAGO"	1	261	340	682	264	420	684	388	280	668	1	1
"ME"	2002	"CUM"	"SOUTH PORTLAND"	1	560	553	1203	540	669	1209	793	400	1193	0	0
"ME"	2002	"CUM"	"SOUTH PORTLAND"	1	956	653	1836	1020	820	1840	1411	402	1813	1	1
"ME"	2002	"CUM"	"SOUTH PORTLAND"	1	1006	789	2054	1073	971	2044	1490	528	2018	2	1
"ME"	2002	"CUM"	"SOUTH PORTLAND"	1	717	702	1622	720	904	1624	1156	445	1601	3	1
"ME"	2002	"CUM"	"SOUTH PORTLAND"	1	939	824	1976	896	1071	1967	1390	555	1945	4	1
"ME"	2002	"CUM"	"SOUTH PORTLAND"	1	570	486	1184	515	663	1178	842	330	1172	5	1
"ME"	2002	"CUM"	"STANDISH"	1	1432	1916	3766	1263	2487	3750	2217	1484	3701	1	1
"ME"	2002	"CUM"	"WESTBROOK"	1	380	307	750	322	441	763	492	251	743	0	0
"ME"	2002	"CUM"	"WESTBROOK"	1	229	200	477	194	286	480	319	155	474	1	1
"ME"	2002	"CUM"	"WESTBROOK"	1	300	258	617	251	365	616	417	191	608	1	2
"ME"	2002	"CUM"	"WESTBROOK"	1	498	468	1089	492	604	1096	749	337	1086	2	1
"ME"	2002	"CUM"	"WESTBROOK"	1	481	362	941	403	544	947	666	266	932	3	1
"ME"	2002	"CUM"	"WESTBROOK"	1	474	325	905	415	491	906	631	268	899	4	1
"ME"	2002	"CUM"	"WESTBROOK"	1	736	792	1674	634	1038	1672	1124	539	1663	5	1
"ME"	2002	"CUM"	"WINDHAM"	1	264	358	677	212	471	683	363	304	667	0	0
"ME"	2002	"CUM"	"WINDHAM"	1	1209	1702	3260	1105	2145	3250	1902	1325	3227	1	1
"ME"	2002	"CUM"	"WINDHAM"	1	796	891	1921	713	1209	1922	1242	644	1886	2	1
"ME"	2002	"CUM"	"YARMOUTH"	1	1636	2231	4349	1642	2700	4342	2631	1645	4276	1	1
"ME"	2002	"FRA"	"AVON"	2	67	76	158	61	98	159	69	86	155	1	1
"ME"	2002	"FRA"	"CARRABASSETT VALLEY"	2	104	183	327	107	220	327	141	182	323	1	1
"ME"	2002	"FRA"	"CARTHAGE"	2	67	49	138	65	67	132	87	47	134	1	1
"ME"	2002	"FRA"	"CHESTERVILLE"	2	181	181	436	205	228	433	226	202	428	1	1
"ME"	2002	"FRA"	"COPLIN PLT."	2	21	30	67	23	44	67	38	31	69	1	1
"ME"	2002	"FRA"	"DALLAS PLT."	2	45	68	141	49	93	142	67	68	135	1	1
"ME"	2002	"FRA"	"EUSTIS"	2	86	129	250	85	168	253	104	141	245	1	1
"ME"	2002	"FRA"	"FARMINGTON"	2	1121	1046	2538	1060	1463	2523	1217	1203	2420	1	1
"ME"	2002	"FRA"	"FREEMAN TWP."	2	20	25	50	15	35	50	17	31	48	1	1
"ME"	2002	"FRA"	"INDUSTRY"	2	159	139	339	141	201	342	165	176	341	1	1
"ME"	2002	"FRA"	"JAY"	2	1176	572	1924	1069	867	1936	1330	563	1893	1	1
"ME"	2002	"FRA"	"KINGFIELD"	2	191	237	504	202	305	507	208	280	488	1	1
"ME"	2002	"FRA"	"MADRID"	2	25	17	50	20	29	49	30	18	48	1	1
"ME"	2002	"FRA"	"NEW SHARON"	2	247	231	579	231	352	583	275	283	558	1	1
"ME"	2002	"FRA"	"NEW VINEYARD"	2	96	121	277	97	159	256	114	137	251	1	1
"ME"	2002	"FRA"	"PERKINS TWP."	2	5	1	12	3	9	12	6	6	12	1	1
"ME"	2002	"FRA"	"PHILLIPS"	2	143	153	352	147	210	357	167	178	345	1	1
"ME"	2002	"FRA"	"RANGELEY"	2	167	284	518	137	381	518	199	306	505	1	1
"ME"	2002	"FRA"	"RANGELEY PLT."	2	31	37	74	24	51	75	31	42	73	1	1
"ME"	2002	"FRA"	"SANDY RIVER PLT."	2	15	27	48	15	33	48	17	31	48	1	1
"ME"	2002	"FRA"	"STRONG"	2	175	212	440	147	293	440	189	258	447	1	1
"ME"	2002	"FRA"	"TEMPLE"	2	121	80	239	115	124	239	130	100	230	1	1
"ME"	2002	"FRA"	"WELD"	2	92	105	216	80	137	217	101	110	211	1	1
"ME"	2002	"FRA"	"WILTON"	2	792	708	1658	675	988	1663	808	803	1611	1	1
"ME"	2002	"HAN"	"AMHERST"	2	56	40	108	39	73	112	44	65	109	1	1
"ME"	2002	"HAN"	"AURORA"	2	24	35	65	18	46	64	17	46	63	1	1
"ME"	2002	"HAN"	"BAR HARBOR"	2	1279	657	2305	1170	1126	2296	1256	965	2221	1	1
"ME"	2002	"HAN"	"BLUE HILL"	2	578	425	1184	581	601	1182	589	550	1139	1	1
"ME"	2002	"HAN"	"BROOKLIN"	2	231	137	453	242	214	456	252	190	442	1	1
"ME"	2002	"HAN"	"BROOKSVILLE"	2	302	147	533	286	251	537	285	232	517	1	1
"ME"	2002	"HAN"	"BUCKSPORT"	2	1131	635	1886	741	1130	1871	1024	821	1845	1	1
"ME"	2002	"HAN"	"CASTINE"	2	273	203	547	265	287	552	303	235	538	1	1
"ME"	2002	"HAN"	"CRANBERRY ISLES"	2	24	16	46	19	27	46	22	23	45	1	1
"ME"	2002	"HAN"	"CRANBERRY ISLES"	2	41	19	77	45	32	77	48	25	73	2	1
"ME"	2002	"HAN"	"DEDHAM"	2	359	314	724	229	492	721	303	413	716	1	1
"ME"	2002	"HAN"	"DEER ISLE"	2	483	264	865	464	403	867	459	376	835	1	1
"ME"	2002	"HAN"	"EASTBROOK"	2	80	68	161	50	112	162	77	80	157	1	1
"ME"	2002	"HAN"	"ELLSWORTH"	2	567	488	1147	379	771	1150	431	690	1121	1	1
"ME"	2002	"HAN"	"ELLSWORTH"	2	190	176	395	134	253	387	157	231	388	2	1
"ME"	2002	"HAN"	"ELLSWORTH"	2	192	201	432	152	283	435	166	227	393	3	1
"ME"	2002	"HAN"	"ELLSWORTH"	2	387	397	858	284	576	860	331	499	830	4	1
"ME"	2002	"HAN"	"FRANKLIN"	2	226	233	513	184	323	507	213	281	494	1	1
"ME"	2002	"HAN"	"FRENCHBORO"	2	20	9	32	15	16	31	13	16	29	1	1
"ME"	2002	"HAN"	"GOULDSBORO"	2	413	297	779	295	488	783	320	433	753	1	1
"ME"	2002	"HAN"	"GREAT POND"	2	4	16	24	7	18	25	9	16	25	1	1
"ME"	2002	"HAN"	"HANCOCK"	2	398	390	881	311	524	835	336	489	825	1	1
"ME"	2002	"HAN"	"LAMOINE"	2	354	340	759	265	509	774	312	429	741	1	1
"ME"	2002	"HAN"	"MARIAVILLE"	2	64	74	153	50	99	149	65	88	153	1	1
"ME"	2002	"HAN"	"MOUNT DESERT"	2	624	369	1113	487	632	1119	528	557	1085	1	1
"ME"	2002	"HAN"	"ORLAND"	2	574	316	969	443	525	968	520	423	943	1	1
"ME"	2002	"HAN"	"OSBORN"	2	20	15	37	11	24	35	13	23	36	1	1
"ME"	2002	"HAN"	"OTIS"	2	105	130	252	78	175	253	102	144	246	1	1
"ME"	2002	"HAN"	"PENOBSCOT"	2	338	213	646	318	327	645	352	277	629	1	1
"ME"	2002	"HAN"	"SEDGWICK"	2	238	191	494	255	238	493	240	242	482	1	1
"ME"	2002	"HAN"	"SORRENTO"	2	101	65	184	84	101	185	91	89	180	1	1
"ME"	2002	"HAN"	"SOUTHWEST HARBOR"	2	512	347	994	400	592	992	463	496	959	1	1
"ME"	2002	"HAN"	"STONINGTON"	2	300	114	477	279	207	486	264	201	465	1	1
"ME"	2002	"HAN"	"SULLIVAN"	2	225	161	437	183	255	438	186	240	426	1	1
"ME"	2002	"HAN"	"SURRY"	2	323	279	687	316	368	684	322	344	666	1	1
"ME"	2002	"HAN"	"SWAN'S ISLAND"	2	91	83	190	64	128	192	70	112	182	1	1
"ME"	2002	"HAN"	"T3 ND"	2	0	1	2	0	2	2	0	2	2	1	1
"ME"	2002	"HAN"	"TREMONT"	2	386	241	709	329	406	735	355	342	697	1	1
"ME"	2002	"HAN"	"TRENTON"	2	300	231	589	203	350	553	220	361	581	1	1
"ME"	2002	"HAN"	"UN. TWP. DTT9 & T10"	2	3	3	6	2	4	6	2	4	6	1	1
"ME"	2002	"HAN"	"UN. TWP. NO. 8, S.D."	2	16	16	35	12	23	35	14	22	36	1	1
"ME"	2002	"HAN"	"UN. TWP. NO. 8, S.D."	2	1	3	5	3	2	5	2	3	5	1	2
"ME"	2002	"HAN"	"VERONA"	2	130	76	224	94	133	227	107	111	218	1	1
"ME"	2002	"HAN"	"WALTHAM"	2	39	73	118	21	97	118	31	86	117	1	1
"ME"	2002	"HAN"	"WINTER HARBOR"	2	130	92	241	78	156	234	82	146	228	1	1
"ME"	2002	"KEN"	"ALBION"	2	303	339	720	270	452	722	328	375	703	1	1
"ME"	2002	"KEN"	"AUGUSTA"	1	801	461	1376	615	760	1375	943	409	1352	0	0
"ME"	2002	"KEN"	"AUGUSTA"	1	744	518	1389	668	727	1395	952	426	1378	1	1
"ME"	2002	"KEN"	"AUGUSTA"	1	715	498	1403	712	701	1413	974	413	1387	2	1
"ME"	2002	"KEN"	"AUGUSTA"	1	722	532	1397	640	758	1398	934	445	1379	3	1
"ME"	2002	"KEN"	"AUGUSTA"	1	804	648	1603	750	858	1608	1096	487	1583	4	1
"ME"	2002	"KEN"	"BELGRADE"	1	540	628	1288	515	771	1286	741	518	1259	1	1
"ME"	2002	"KEN"	"BENTON"	1	501	419	1000	465	534	999	622	347	969	1	1
"ME"	2002	"KEN"	"CHELSEA"	1	405	378	887	398	491	889	548	319	867	1	1
"ME"	2002	"KEN"	"CHINA"	2	665	809	1665	668	987	1655	751	872	1623	1	1
"ME"	2002	"KEN"	"CLINTON"	1	488	489	1078	486	598	1084	648	407	1055	1	1
"ME"	2002	"KEN"	"FARMINGDALE"	1	545	558	1221	536	696	1232	789	418	1207	1	1
"ME"	2002	"KEN"	"FAYETTE"	1	220	166	468	239	227	466	314	150	464	1	1
"ME"	2002	"KEN"	"GARDINER"	1	277	194	551	246	302	548	366	174	540	1	1
"ME"	2002	"KEN"	"GARDINER"	1	261	246	576	264	309	573	383	187	570	2	1
"ME"	2002	"KEN"	"GARDINER"	1	328	224	631	338	294	632	443	181	624	3	1
"ME"	2002	"KEN"	"GARDINER"	1	248	256	574	219	348	567	347	209	556	4	1
"ME"	2002	"KEN"	"HALLOWELL"	1	151	69	253	164	93	257	198	56	254	1	1
"ME"	2002	"KEN"	"HALLOWELL"	1	132	78	256	155	101	256	185	68	253	2	1
"ME"	2002	"KEN"	"HALLOWELL"	1	159	74	267	156	113	269	208	59	267	3	1
"ME"	2002	"KEN"	"HALLOWELL"	1	147	54	243	152	93	245	197	46	243	4	1
"ME"	2002	"KEN"	"HALLOWELL"	1	155	169	357	150	205	355	205	144	349	5	1
"ME"	2002	"KEN"	"LITCHFIELD"	1	499	509	1161	493	670	1163	719	431	1150	1	1
"ME"	2002	"KEN"	"MANCHESTER"	1	500	619	1260	502	758	1260	779	456	1235	1	1
"ME"	2002	"KEN"	"MONMOUTH"	2	493	561	1202	468	733	1201	579	586	1165	1	1
"ME"	2002	"KEN"	"MONMOUTH"	2	180	140	361	148	209	357	191	159	350	2	1
"ME"	2002	"KEN"	"MOUNT VERNON"	1	288	233	652	316	304	620	405	206	611	1	1
"ME"	2002	"KEN"	"OAKLAND"	1	963	927	2082	970	1110	2080	1346	709	2055	1	1
"ME"	2002	"KEN"	"PITTSTON"	1	455	487	1095	476	615	1091	704	364	1068	1	1
"ME"	2002	"KEN"	"RANDOLPH"	1	387	254	728	368	373	741	510	209	719	1	1
"ME"	2002	"KEN"	"READFIELD"	1	535	499	1191	545	655	1200	776	398	1174	1	1
"ME"	2002	"KEN"	"ROME"	1	223	244	540	220	312	532	296	213	509	1	1
"ME"	2002	"KEN"	"SIDNEY"	1	609	706	1484	611	872	1483	893	548	1441	1	1
"ME"	2002	"KEN"	"VASSALBORO"	1	726	721	1627	735	892	1627	979	625	1604	1	1
"ME"	2002	"KEN"	"VIENNA"	1	121	78	254	136	112	248	171	80	251	1	1
"ME"	2002	"KEN"	"WATERVILLE"	1	393	243	687	377	310	687	497	175	672	1	1
"ME"	2002	"KEN"	"WATERVILLE"	1	434	221	736	436	301	737	540	182	722	2	1
"ME"	2002	"KEN"	"WATERVILLE"	1	257	130	478	315	129	444	364	102	466	3	1
"ME"	2002	"KEN"	"WATERVILLE"	1	566	376	1041	587	443	1030	745	285	1030	4	1
"ME"	2002	"KEN"	"WATERVILLE"	1	494	243	801	469	331	800	600	179	779	5	1
"ME"	2002	"KEN"	"WATERVILLE"	1	383	162	624	409	215	624	471	144	615	6	1
"ME"	2002	"KEN"	"WATERVILLE"	1	317	140	522	335	207	542	401	117	518	7	1
"ME"	2002	"KEN"	"WAYNE"	2	256	220	556	241	316	557	286	261	547	1	1
"ME"	2002	"KEN"	"WEST GARDINER"	1	598	584	1369	580	785	1365	920	415	1335	1	1
"ME"	2002	"KEN"	"WINDSOR"	1	343	413	842	332	506	838	502	327	829	1	1
"ME"	2002	"KEN"	"WINSLOW"	1	1651	1307	3217	1714	1529	3243	2196	987	3183	1	1
"ME"	2002	"KEN"	"WINTHROP"	1	1177	1223	2664	1026	1619	2645	1619	1000	2619	1	1
"ME"	2002	"KNO"	"APPLETON"	1	210	219	537	260	277	537	329	189	518	1	1
"ME"	2002	"KNO"	"CAMDEN"	1	1192	1017	2639	1474	1183	2657	1736	854	2590	1	1
"ME"	2002	"KNO"	"CUSHING"	1	176	257	506	222	291	513	278	220	498	1	1
"ME"	2002	"KNO"	"FRIENDSHIP"	1	169	301	521	166	360	526	227	279	506	1	1
"ME"	2002	"KNO"	"HOPE"	1	235	306	629	267	369	636	356	250	606	1	1
"ME"	2002	"KNO"	"ISLE AU HAUT"	1	21	11	40	23	19	42	26	14	40	1	1
"ME"	2002	"KNO"	"MATINICUS ISLE PLT."	1	12	12	29	17	12	29	20	6	26	1	1
"ME"	2002	"KNO"	"NORTH HAVEN"	1	124	67	224	135	92	227	151	68	219	1	1
"ME"	2002	"KNO"	"OWL'S HEAD"	1	281	404	759	318	450	768	424	312	736	1	1
"ME"	2002	"KNO"	"ROCKLAND"	1	1083	1098	2537	1273	1273	2546	1603	866	2469	1	1
"ME"	2002	"KNO"	"ROCKPORT"	1	596	706	1544	743	820	1563	907	593	1500	1	1
"ME"	2002	"KNO"	"SOUTH THOMASTON"	1	254	266	618	291	365	656	397	232	629	1	1
"ME"	2002	"KNO"	"ST. GEORGE"	1	557	503	1269	653	610	1263	796	429	1225	1	1
"ME"	2002	"KNO"	"THOMASTON"	1	425	544	1094	494	602	1096	624	436	1060	1	1
"ME"	2002	"KNO"	"UNION"	1	344	493	1001	401	598	999	562	407	969	1	1
"ME"	2002	"KNO"	"VINALHAVEN"	1	266	154	544	278	270	548	376	163	539	1	1
"ME"	2002	"KNO"	"WARREN"	1	443	664	1282	505	777	1282	653	562	1215	1	1
"ME"	2002	"KNO"	"WASHINGTON"	1	248	244	617	311	323	634	382	232	614	1	1
"ME"	2002	"LIN"	"ALNA"	1	138	153	360	155	203	358	224	121	345	1	1
"ME"	2002	"LIN"	"BOOTHBAY"	1	523	800	1497	529	961	1490	864	604	1468	1	1
"ME"	2002	"LIN"	"BOOTHBAY HARBOR"	1	465	587	1194	411	778	1189	700	474	1174	1	1
"ME"	2002	"LIN"	"BREMEN"	1	171	152	393	193	209	402	237	147	384	1	1
"ME"	2002	"LIN"	"BRISTOL"	1	535	681	1415	576	840	1416	791	612	1403	1	1
"ME"	2002	"LIN"	"DAMARISCOTTA"	1	396	468	1033	431	601	1032	625	377	1002	1	1
"ME"	2002	"LIN"	"DRESDEN"	1	294	274	819	305	368	673	428	233	661	1	1
"ME"	2002	"LIN"	"EDGECOMB"	1	224	281	591	232	370	602	364	231	595	1	1
"ME"	2002	"LIN"	"JEFFERSON"	1	449	523	1114	419	685	1104	626	458	1084	1	1
"ME"	2002	"LIN"	"MONHEGAN PLT."	1	26	15	59	42	18	60	49	11	60	1	1
"ME"	2002	"LIN"	"NEWCASTLE"	1	411	398	983	447	537	984	626	334	960	1	1
"ME"	2002	"LIN"	"NOBLEBORO"	1	295	344	758	317	470	787	415	300	715	1	1
"ME"	2002	"LIN"	"SOMERVILLE"	1	85	81	198	79	117	196	108	86	194	1	1
"ME"	2002	"LIN"	"SOUTH BRISTOL"	1	200	247	536	221	316	537	306	208	514	1	1
"ME"	2002	"LIN"	"SOUTHPORT"	1	132	237	412	119	300	419	233	182	415	1	1
"ME"	2002	"LIN"	"WALDOBORO"	1	752	902	1932	831	1093	1924	1109	770	1879	1	1
"ME"	2002	"LIN"	"WESTPORT"	1	145	207	410	155	244	399	219	184	403	1	1
"ME"	2002	"LIN"	"WHITEFIELD"	1	404	354	929	438	484	922	572	314	886	1	1
"ME"	2002	"LIN"	"WISCASSET"	1	680	808	1700	689	1015	1704	1023	616	1639	1	1
"ME"	2002	"OXF"	"ALBANY TWP."	2	62	69	163	68	94	162	79	73	152	1	1
"ME"	2002	"OXF"	"ANDOVER"	2	143	155	351	146	205	351	183	161	344	1	1
"ME"	2002	"OXF"	"BETHEL"	2	452	525	1124	488	635	1123	566	525	1091	1	1
"ME"	2002	"OXF"	"BROWNFIELD"	2	179	196	456	187	267	454	213	226	439	1	1
"ME"	2002	"OXF"	"BUCKFIELD"	2	279	326	695	292	408	700	368	309	677	1	1
"ME"	2002	"OXF"	"BYRON"	2	25	23	55	20	37	57	39	17	56	1	1
"ME"	2002	"OXF"	"CANTON"	2	183	164	406	172	228	400	208	185	393	1	1
"ME"	2002	"OXF"	"DENMARK"	2	157	206	438	166	270	436	200	224	424	1	1
"ME"	2002	"OXF"	"DIXFIELD"	2	516	346	947	427	517	944	532	386	918	1	1
"ME"	2002	"OXF"	"FRYEBURG"	2	428	509	1056	407	672	1079	462	566	1028	1	1
"ME"	2002	"OXF"	"GILEAD"	2	25	21	70	30	38	68	30	34	64	1	1
"ME"	2002	"OXF"	"GREENWOOD"	2	141	115	301	119	182	301	148	137	285	1	1
"ME"	2002	"OXF"	"HANOVER"	2	46	72	136	41	95	136	54	74	128	1	1
"ME"	2002	"OXF"	"HARTFORD"	2	133	161	353	141	208	349	178	168	346	1	1
"ME"	2002	"OXF"	"HEBRON"	2	143	168	364	97	250	347	157	196	353	1	1
"ME"	2002	"OXF"	"HIRAM"	2	88	126	256	99	164	263	118	147	265	1	1
"ME"	2002	"OXF"	"HIRAM"	2	101	104	249	99	152	251	106	135	241	2	1
"ME"	2002	"OXF"	"LINCOLN PLT."	2	12	12	25	2	25	27	4	20	24	1	1
"ME"	2002	"OXF"	"LOVELL"	2	159	215	433	150	289	439	184	245	429	1	1
"ME"	2002	"OXF"	"MAGALLOWAY PLT."	2	3	13	16	3	13	16	2	14	16	1	1
"ME"	2002	"OXF"	"MEXICO"	2	712	267	1064	610	460	1070	777	289	1066	1	1
"ME"	2002	"OXF"	"MILTON TWP."	2	16	17	38	17	20	37	23	15	38	1	1
"ME"	2002	"OXF"	"NEWRY"	2	69	72	163	63	101	164	81	75	156	1	1
"ME"	2002	"OXF"	"NORWAY"	2	649	805	1671	666	999	1665	789	845	1634	1	1
"ME"	2002	"OXF"	"OTISFIELD"	2	244	315	644	250	400	650	297	349	646	1	1
"ME"	2002	"OXF"	"OXFORD"	2	428	550	1139	400	734	1134	505	617	1122	1	1
"ME"	2002	"OXF"	"PARIS"	2	743	814	1761	698	1055	1753	799	874	1673	1	1
"ME"	2002	"OXF"	"PERU"	2	358	264	687	335	353	688	418	254	672	1	1
"ME"	2002	"OXF"	"PORTER"	2	181	231	481	170	305	475	205	258	463	1	1
"ME"	2002	"OXF"	"ROXBURY"	2	102	54	180	96	90	186	121	60	181	1	1
"ME"	2002	"OXF"	"RUMFORD"	2	1573	719	2490	1426	1072	2498	1728	750	2478	1	1
"ME"	2002	"OXF"	"STONEHAM"	2	39	56	110	40	70	110	51	57	108	1	1
"ME"	2002	"OXF"	"STOW"	2	48	53	114	39	70	109	47	61	108	1	1
"ME"	2002	"OXF"	"SUMNER"	2	122	148	321	131	185	316	174	141	315	1	1
"ME"	2002	"OXF"	"SWEDEN"	2	48	57	123	51	72	123	60	61	121	1	1
"ME"	2002	"OXF"	"UPTON"	2	17	15	37	13	23	36	19	15	34	1	1
"ME"	2002	"OXF"	"WATERFORD"	2	249	321	634	234	401	635	289	325	614	1	1
"ME"	2002	"OXF"	"WEST PARIS"	2	227	260	563	224	337	561	275	273	548	1	1
"ME"	2002	"OXF"	"WOODSTOCK"	2	175	271	501	171	325	496	206	280	486	1	1
"ME"	2002	"PEN"	"ALTON"	2	195	125	347	151	198	349	199	146	345	1	1
"ME"	2002	"PEN"	"BANGOR"	2	1212	623	1962	777	1169	1946	1004	896	1900	0	0
"ME"	2002	"PEN"	"BANGOR"	2	889	426	1399	579	804	1383	728	631	1359	1	1
"ME"	2002	"PEN"	"BANGOR"	2	700	451	1197	363	827	1190	518	653	1171	1	2
"ME"	2002	"PEN"	"BANGOR"	2	783	350	1202	516	676	1192	677	503	1180	2	1
"ME"	2002	"PEN"	"BANGOR"	2	864	398	1322	546	780	1326	683	612	1295	2	2
"ME"	2002	"PEN"	"BANGOR"	2	662	373	1100	383	707	1090	518	556	1074	3	1
"ME"	2002	"PEN"	"BANGOR"	2	539	337	923	330	593	923	442	467	909	3	2
"ME"	2002	"PEN"	"BANGOR"	2	751	387	1204	476	724	1200	659	533	1192	4	1
"ME"	2002	"PEN"	"BANGOR"	2	586	282	940	389	545	934	495	421	916	4	2
"ME"	2002	"PEN"	"BRADFORD"	2	203	168	401	158	241	399	203	187	390	1	1
"ME"	2002	"PEN"	"BRADLEY"	2	393	121	538	258	280	538	348	179	527	1	1
"ME"	2002	"PEN"	"BREWER"	2	2087	1545	3836	1241	2583	3824	1638	2106	3744	1	1
"ME"	2002	"PEN"	"BURLINGTON"	2	60	66	132	55	81	136	70	63	133	1	1
"ME"	2002	"PEN"	"CARMEL"	2	463	440	962	354	603	957	420	513	933	1	1
"ME"	2002	"PEN"	"CARROLL PLT."	2	26	22	50	19	31	50	32	18	50	1	1
"ME"	2002	"PEN"	"CHARLESTON"	2	183	259	469	144	323	467	176	275	451	1	1
"ME"	2002	"PEN"	"CHESTER"	2	83	89	181	45	132	177	107	73	180	1	1
"ME"	2002	"PEN"	"CLIFTON"	2	139	119	275	104	171	275	135	134	269	1	1
"ME"	2002	"PEN"	"CORINNA"	2	361	325	736	225	508	733	311	408	719	1	1
"ME"	2002	"PEN"	"CORINTH"	2	440	435	939	244	680	924	399	502	901	1	1
"ME"	2002	"PEN"	"DEXTER"	2	697	550	1324	467	855	1322	617	668	1285	1	1
"ME"	2002	"PEN"	"DIXMONT"	2	213	177	424	161	257	418	208	210	418	1	1
"ME"	2002	"PEN"	"DREW PLT."	2	5	8	14	1	13	14	6	7	13	1	1
"ME"	2002	"PEN"	"EAST MILLINOCKET"	2	725	249	1003	507	496	1003	878	134	1012	1	1
"ME"	2002	"PEN"	"EDDINGTON"	2	476	360	889	312	574	886	390	480	870	1	1
"ME"	2002	"PEN"	"EDINBURG"	2	50	22	75	35	40	75	51	22	73	1	1
"ME"	2002	"PEN"	"ENFIELD"	2	305	219	562	178	380	558	331	233	564	1	1
"ME"	2002	"PEN"	"ETNA"	2	196	128	345	146	197	343	164	175	339	1	1
"ME"	2002	"PEN"	"EXETER"	2	229	176	438	138	295	433	182	243	425	1	1
"ME"	2002	"PEN"	"GARLAND"	2	171	174	379	131	245	376	170	213	383	1	1
"ME"	2002	"PEN"	"GLENBURN"	2	818	643	1541	493	1051	1544	687	811	1498	1	1
"ME"	2002	"PEN"	"GREENBUSH"	2	232	203	461	158	299	457	225	224	449	1	1
"ME"	2002	"PEN"	"HAMPDEN"	2	828	593	1494	502	984	1486	664	798	1462	1	1
"ME"	2002	"PEN"	"HAMPDEN"	2	728	705	1518	438	1067	1505	576	889	1465	2	1
"ME"	2002	"PEN"	"HERMON"	2	928	835	1839	521	1325	1846	721	1078	1799	1	1
"ME"	2002	"PEN"	"HOLDEN"	2	708	664	1444	429	1016	1445	596	822	1418	1	1
"ME"	2002	"PEN"	"HOWLAND"	2	321	188	539	220	317	537	347	185	532	1	1
"ME"	2002	"PEN"	"HUDSON"	2	188	218	432	137	302	439	175	247	422	1	1
"ME"	2002	"PEN"	"INDIAN PURCHASE TWP."	2	68	41	116	37	80	117	91	26	117	1	1
"ME"	2002	"PEN"	"KENDUSKEAG"	2	230	152	412	132	283	415	219	195	414	1	1
"ME"	2002	"PEN"	"KINGMAN TWP."	2	34	25	59	23	32	55	31	23	54	1	1
"ME"	2002	"PEN"	"LAGRANGE"	2	113	87	223	89	138	227	129	92	221	1	1
"ME"	2002	"PEN"	"LAKEVILLE"	2	30	20	53	18	35	53	28	25	53	1	1
"ME"	2002	"PEN"	"LEE"	2	181	152	355	91	260	351	185	166	351	1	1
"ME"	2002	"PEN"	"LEVANT"	2	427	361	829	214	611	825	343	456	799	1	1
"ME"	2002	"PEN"	"LINCOLN"	2	1033	732	1855	583	1250	1833	1008	828	1836	1	1
"ME"	2002	"PEN"	"LOWELL"	2	62	64	135	29	105	134	71	60	131	1	1
"ME"	2002	"PEN"	"MATTAWAMKEAG"	2	208	82	309	132	176	308	234	78	312	1	1
"ME"	2002	"PEN"	"MAXFIELD"	2	20	21	42	8	34	42	28	13	41	1	1
"ME"	2002	"PEN"	"MEDWAY"	2	383	240	645	256	395	651	530	125	655	1	1
"ME"	2002	"PEN"	"MEDWAY"	2	12	2	14	10	6	16	13	3	16	1	2
"ME"	2002	"PEN"	"MILFORD"	2	749	338	1152	488	659	1147	727	409	1136	1	1
"ME"	2002	"PEN"	"MILLINOCKET"	2	1571	753	2417	1073	1344	2417	1898	494	2392	1	1
"ME"	2002	"PEN"	"MOUNT CHASE"	2	46	30	81	8	72	80	57	24	81	1	1
"ME"	2002	"PEN"	"NEWBURGH"	2	322	242	598	211	388	599	283	301	584	1	1
"ME"	2002	"PEN"	"NEWPORT"	2	538	606	1197	350	842	1192	476	702	1178	1	1
"ME"	2002	"PEN"	"OLD TOWN"	2	751	243	1069	578	476	1054	697	354	1051	1	1
"ME"	2002	"PEN"	"OLD TOWN"	2	574	334	967	376	589	965	528	415	943	2	1
"ME"	2002	"PEN"	"OLD TOWN"	2	522	235	826	391	428	819	504	298	802	3	1
"ME"	2002	"PEN"	"OLD TOWN"	2	140	32	176	113	64	177	143	31	174	4	1
"ME"	2002	"PEN"	"ORONO"	2	815	299	1278	718	556	1274	817	420	1237	1	1
"ME"	2002	"PEN"	"ORONO"	2	198	110	373	177	190	367	219	137	356	1	2
"ME"	2002	"PEN"	"ORONO"	2	712	315	1157	596	559	1155	676	438	1114	2	1
"ME"	2002	"PEN"	"ORRINGTON"	2	804	707	1599	528	1061	1589	701	865	1566	1	1
"ME"	2002	"PEN"	"PASSADUMKEAG"	2	96	60	160	50	111	161	101	59	160	1	1
"ME"	2002	"PEN"	"PATTEN"	2	246	187	455	87	374	461	298	168	466	1	1
"ME"	2002	"PEN"	"PENOB. NAT. VOTING DIS."	2	111	13	135	99	38	137	103	28	131	1	1
"ME"	2002	"PEN"	"PLYMOUTH"	2	209	222	458	131	317	448	175	265	440	1	1
"ME"	2002	"PEN"	"PRENTISS TWP."	2	17	24	41	11	29	40	19	19	38	1	1
"ME"	2002	"PEN"	"SEBOEIS PLT."	2	17	10	31	8	22	30	22	8	30	1	1
"ME"	2002	"PEN"	"SPRINGFIELD"	2	78	40	126	40	87	127	86	40	126	1	1
"ME"	2002	"PEN"	"STACYVILLE"	2	83	62	157	50	102	152	113	42	155	1	1
"ME"	2002	"PEN"	"STETSON"	2	189	177	391	117	276	393	179	209	388	1	1
"ME"	2002	"PEN"	"VEAZIE"	2	438	298	774	254	516	770	337	418	755	1	1
"ME"	2002	"PEN"	"WEBSTER PLT."	2	11	2	13	5	8	13	12	1	13	1	1
"ME"	2002	"PEN"	"WINN"	2	83	66	158	57	94	151	104	58	162	1	1
"ME"	2002	"PEN"	"WOODVILLE"	2	61	24	86	36	48	84	68	17	85	1	1
"ME"	2002	"PIS"	"ABBOT"	2	141	135	302	97	204	301	152	135	287	1	1
"ME"	2002	"PIS"	"ATKINSON"	2	106	95	219	83	139	222	109	96	205	1	1
"ME"	2002	"PIS"	"BEAVER COVE"	2	27	43	79	49	32	81	22	54	76	1	1
"ME"	2002	"PIS"	"BOWERBANK"	2	18	48	68	12	55	67	18	48	66	1	1
"ME"	2002	"PIS"	"BROWNVILLE"	2	330	213	575	214	356	570	337	228	565	1	1
"ME"	2002	"PIS"	"DOVER-FOXCROFT"	2	819	749	1677	557	1119	1676	775	870	1645	1	1
"ME"	2002	"PIS"	"GREENVILLE"	2	408	345	804	260	536	796	402	378	780	1	1
"ME"	2002	"PIS"	"GREENVILLE TWPS."	2	42	39	90	19	72	91	41	49	90	1	1
"ME"	2002	"PIS"	"GUILFORD"	2	279	277	596	190	402	592	265	320	585	1	1
"ME"	2002	"PIS"	"KINGSBURY PLT."	2	3	3	8	1	7	8	2	5	7	1	1
"ME"	2002	"PIS"	"LAKE VIEW PLT."	2	34	22	59	21	38	59	35	23	58	1	1
"ME"	2002	"PIS"	"MEDFORD"	2	49	35	92	37	57	94	56	36	92	1	1
"ME"	2002	"PIS"	"MILO"	2	490	248	795	315	485	800	434	353	787	1	1
"ME"	2002	"PIS"	"MONSON"	2	179	144	342	122	221	343	176	150	326	1	1
"ME"	2002	"PIS"	"ORNEVILLE TWP."	2	25	23	52	21	30	51	24	28	52	1	1
"ME"	2002	"PIS"	"PARKMAN"	2	132	121	273	95	180	275	131	130	261	1	1
"ME"	2002	"PIS"	"SANGERVILLE"	2	246	227	508	174	328	502	243	249	492	1	1
"ME"	2002	"PIS"	"SEBEC"	2	98	137	252	81	168	249	93	152	245	1	1
"ME"	2002	"PIS"	"SHIRLEY"	2	42	40	87	18	68	86	28	53	81	1	1
"ME"	2002	"PIS"	"UN. TWP. OF T1 R9"	2	29	19	50	12	36	48	34	16	50	1	1
"ME"	2002	"PIS"	"WELLINGTON"	2	72	24	102	61	44	105	71	32	103	1	1
"ME"	2002	"PIS"	"WILLIMANTIC"	2	14	58	76	20	56	76	22	51	73	1	1
"ME"	2002	"SAG"	"ARROWSIC"	1	140	85	284	170	111	281	204	73	277	1	1
"ME"	2002	"SAG"	"BATH"	1	241	170	462	213	249	462	308	147	455	0	0
"ME"	2002	"SAG"	"BATH"	1	212	208	507	250	256	506	335	166	501	1	1
"ME"	2002	"SAG"	"BATH"	1	194	152	397	200	200	400	269	118	387	2	1
"ME"	2002	"SAG"	"BATH"	1	148	107	309	168	148	316	211	85	296	3	1
"ME"	2002	"SAG"	"BATH"	1	204	153	416	188	228	416	273	133	406	4	1
"ME"	2002	"SAG"	"BATH"	1	249	218	521	245	274	519	341	171	512	5	1
"ME"	2002	"SAG"	"BATH"	1	187	125	392	208	186	394	281	108	389	6	1
"ME"	2002	"SAG"	"BATH"	1	235	228	528	238	286	524	350	169	519	7	1
"ME"	2002	"SAG"	"BOWDOIN"	1	0	0	0	0	0	0	0	0	0	0	0
"ME"	2002	"SAG"	"BOWDOIN"	1	345	490	980	339	635	974	541	429	970	1	1
"ME"	2002	"SAG"	"BOWDOINHAM"	1	521	500	1232	559	669	1228	782	405	1187	1	1
"ME"	2002	"SAG"	"GEORGETOWN"	1	235	249	562	265	298	563	340	206	546	1	1
"ME"	2002	"SAG"	"PHIPPSBURG"	1	382	417	932	392	536	928	567	340	907	1	1
"ME"	2002	"SAG"	"RICHMOND"	1	520	514	1225	535	675	1210	737	456	1193	1	1
"ME"	2002	"SAG"	"TOPSHAM"	1	1546	1645	3616	1468	2461	3929	2255	1282	3537	1	1
"ME"	2002	"SAG"	"WEST BATH"	1	341	394	847	370	477	847	519	308	827	1	1
"ME"	2002	"SAG"	"WOOLWICH"	1	486	598	1300	576	714	1290	782	491	1273	1	1
"ME"	2002	"SOM"	"ANSON"	2	347	294	729	336	385	721	374	331	705	1	1
"ME"	2002	"SOM"	"ATHENS"	2	96	114	241	94	144	238	106	126	232	1	1
"ME"	2002	"SOM"	"BINGHAM"	2	189	196	414	152	260	412	198	213	411	1	1
"ME"	2002	"SOM"	"BRIGHTON PLT."	2	19	9	33	16	16	32	24	6	30	1	1
"ME"	2002	"SOM"	"CAMBRIDGE"	2	64	113	193	48	146	194	69	117	186	1	1
"ME"	2002	"SOM"	"CANAAN"	2	321	268	657	330	326	656	347	285	632	1	1
"ME"	2002	"SOM"	"CARATUNK"	2	20	29	54	14	41	55	25	28	53	1	1
"ME"	2002	"SOM"	"CORNVILLE"	2	189	229	465	167	300	467	197	249	446	1	1
"ME"	2002	"SOM"	"DENNISTOWN PLT."	2	4	8	13	1	12	13	6	7	13	1	1
"ME"	2002	"SOM"	"DETROIT"	2	137	120	273	116	154	270	129	129	258	1	1
"ME"	2002	"SOM"	"EMBDEN"	2	133	169	325	122	203	325	139	178	317	1	1
"ME"	2002	"SOM"	"FAIRFIELD"	2	1171	891	2309	1168	1147	2315	1275	987	2262	1	1
"ME"	2002	"SOM"	"HARMONY"	2	118	144	277	127	166	293	143	138	281	1	1
"ME"	2002	"SOM"	"HARTLAND"	2	255	362	652	236	416	652	262	381	643	1	1
"ME"	2002	"SOM"	"HIGHLAND PLT."	2	25	55	98	40	59	99	40	58	98	1	1
"ME"	2002	"SOM"	"JACKMAN"	2	128	125	277	98	178	276	134	140	274	1	1
"ME"	2002	"SOM"	"MADISON"	2	884	626	1643	794	824	1618	937	670	1607	1	1
"ME"	2002	"SOM"	"MERCER"	2	120	136	286	128	160	288	144	138	282	1	1
"ME"	2002	"SOM"	"MOOSE RIVER"	2	25	38	73	17	57	74	25	44	69	1	1
"ME"	2002	"SOM"	"MOSCOW"	2	84	53	161	84	77	161	96	60	156	1	1
"ME"	2002	"SOM"	"NEW PORTLAND"	2	130	129	306	121	182	303	120	170	290	1	1
"ME"	2002	"SOM"	"NORRIDGEWOCK"	2	530	463	1110	465	642	1107	554	527	1081	1	1
"ME"	2002	"SOM"	"PALMYRA"	2	317	403	772	244	523	767	359	405	764	1	1
"ME"	2002	"SOM"	"PITTSFIELD"	2	638	818	1561	525	1032	1557	651	855	1506	1	1
"ME"	2002	"SOM"	"PLEASANT RIDGE PLT."	2	17	21	41	5	36	41	10	29	39	1	1
"ME"	2002	"SOM"	"RIPLEY"	2	79	97	185	48	128	176	79	101	180	1	1
"ME"	2002	"SOM"	"ROCKWOOD TWP."	2	58	92	163	24	132	156	50	107	157	1	1
"ME"	2002	"SOM"	"SKOWHEGAN"	2	1600	1129	2982	1458	1543	3001	1668	1265	2933	1	1
"ME"	2002	"SOM"	"SMITHFIELD"	2	161	161	369	172	201	373	175	182	357	1	1
"ME"	2002	"SOM"	"SOLON"	2	168	149	381	179	200	379	203	166	369	1	1
"ME"	2002	"SOM"	"SOLON"	2	0	3	3	0	3	3	0	3	3	1	2
"ME"	2002	"SOM"	"ST. ALBANS"	2	308	371	726	226	493	719	298	408	706	1	1
"ME"	2002	"SOM"	"STARKS"	2	111	84	236	111	119	230	117	109	226	1	1
"ME"	2002	"SOM"	"THE FORKS PLT."	2	11	15	28	6	22	28	9	16	25	1	1
"ME"	2002	"SOM"	"WEST FORKS PLT."	2	18	18	37	13	26	39	20	16	36	1	1
"ME"	2002	"WAL"	"BELFAST"	2	575	337	1047	514	535	1049	518	487	1005	1	1
"ME"	2002	"WAL"	"BELFAST"	2	501	358	991	466	523	989	486	449	935	2	1
"ME"	2002	"WAL"	"BELFAST"	2	342	293	708	267	442	709	325	361	686	3	1
"ME"	2002	"WAL"	"BELMONT"	2	163	116	303	118	187	305	146	146	292	1	1
"ME"	2002	"WAL"	"BROOKS"	2	160	135	339	114	222	336	130	197	327	1	1
"ME"	2002	"WAL"	"BURNHAM"	2	146	170	345	156	187	343	165	168	333	1	1
"ME"	2002	"WAL"	"FRANKFORT"	2	177	161	379	138	234	372	169	199	368	1	1
"ME"	2002	"WAL"	"FREEDOM"	2	141	105	297	139	156	295	157	131	288	1	1
"ME"	2002	"WAL"	"ISLESBORO"	2	179	128	362	207	164	371	197	157	354	1	1
"ME"	2002	"WAL"	"JACKSON"	2	80	79	182	74	106	180	76	93	169	1	1
"ME"	2002	"WAL"	"KNOX"	2	145	133	302	105	194	299	104	184	288	1	1
"ME"	2002	"WAL"	"LIBERTY"	2	174	169	396	185	216	401	194	189	383	1	1
"ME"	2002	"WAL"	"LINCOLNVILLE"	2	433	391	987	469	519	988	496	456	952	1	1
"ME"	2002	"WAL"	"MONROE"	2	170	139	365	166	198	364	180	170	350	1	1
"ME"	2002	"WAL"	"MONTVILLE"	2	171	131	402	195	196	391	211	145	356	1	1
"ME"	2002	"WAL"	"MORRILL"	2	131	158	312	97	215	312	123	184	307	1	1
"ME"	2002	"WAL"	"NORTHPORT"	2	293	256	641	260	382	642	283	338	621	1	1
"ME"	2002	"WAL"	"PALERMO"	2	200	255	545	194	350	544	236	291	527	1	1
"ME"	2002	"WAL"	"PROSPECT"	2	137	107	264	105	156	261	144	119	263	1	1
"ME"	2002	"WAL"	"SEARSMONT"	2	233	223	516	239	274	513	256	234	490	1	1
"ME"	2002	"WAL"	"SEARSPORT"	2	499	431	996	381	617	998	424	545	969	1	1
"ME"	2002	"WAL"	"STOCKTON SPRINGS"	2	331	263	667	291	369	660	330	316	646	1	1
"ME"	2002	"WAL"	"SWANVILLE"	2	188	200	453	194	255	449	211	231	442	1	1
"ME"	2002	"WAL"	"THORNDIKE"	2	129	116	283	124	157	281	135	133	268	1	1
"ME"	2002	"WAL"	"TROY"	2	148	173	358	139	219	358	137	206	343	1	1
"ME"	2002	"WAL"	"UNITY"	2	286	251	630	244	374	618	284	316	600	1	1
"ME"	2002	"WAL"	"WALDO"	2	135	111	279	109	167	276	142	134	276	1	1
"ME"	2002	"WAL"	"WINTERPORT"	2	735	555	1405	548	875	1423	673	725	1398	1	1
"ME"	2002	"WAS"	"ADDISON"	2	203	186	421	140	284	424	140	282	422	1	1
"ME"	2002	"WAS"	"ALEXANDER"	2	102	52	161	52	106	158	56	105	161	1	1
"ME"	2002	"WAS"	"BAILEYVILLE"	2	344	162	521	215	307	522	251	267	518	1	1
"ME"	2002	"WAS"	"BARING"	2	49	20	78	38	39	77	45	33	78	1	1
"ME"	2002	"WAS"	"BEALS"	2	105	75	184	68	104	172	72	104	176	1	1
"ME"	2002	"WAS"	"BEDDINGTON"	2	13	7	22	7	15	22	8	14	22	1	1
"ME"	2002	"WAS"	"BROOKTON TWP."	2	41	44	90	22	69	91	41	44	85	1	1
"ME"	2002	"WAS"	"CALAIS"	2	853	268	1189	355	940	1295	381	900	1281	1	1
"ME"	2002	"WAS"	"CENTERVILLE"	2	6	8	15	1	14	15	2	13	15	1	1
"ME"	2002	"WAS"	"CHARLOTTE"	2	77	45	127	34	90	124	35	91	126	1	1
"ME"	2002	"WAS"	"CHERRYFIELD"	2	218	162	454	157	297	454	168	285	453	1	1
"ME"	2002	"WAS"	"CODYVILLE PLT."	2	4	3	7	3	5	8	3	4	7	1	1
"ME"	2002	"WAS"	"COLUMBIA"	2	55	76	146	58	89	147	40	99	139	1	1
"ME"	2002	"WAS"	"COLUMBIA FALLS"	2	94	97	203	54	147	201	69	129	198	1	1
"ME"	2002	"WAS"	"COOPER"	2	46	29	78	34	43	77	32	45	77	1	1
"ME"	2002	"WAS"	"CRAWFORD"	2	25	21	46	3	41	44	8	36	44	1	1
"ME"	2002	"WAS"	"CUTLER"	2	87	78	178	56	117	173	48	125	173	1	1
"ME"	2002	"WAS"	"DANFORTH"	2	97	80	186	51	146	197	82	99	181	1	1
"ME"	2002	"WAS"	"DEBLOIS"	2	4	10	16	7	9	16	7	9	16	1	1
"ME"	2002	"WAS"	"DENNYSVILLE"	2	93	43	138	39	98	137	43	93	136	1	1
"ME"	2002	"WAS"	"EAST MACHIAS"	2	272	188	488	142	337	479	150	325	475	1	1
"ME"	2002	"WAS"	"EASTPORT"	2	527	158	747	260	486	746	195	547	742	1	1
"ME"	2002	"WAS"	"EDMUNDS TWP."	2	85	29	116	41	76	117	39	79	118	1	1
"ME"	2002	"WAS"	"GRAND LAKE STREAM PLT."	2	29	25	59	16	54	70	27	40	67	1	1
"ME"	2002	"WAS"	"HARRINGTON"	2	179	118	319	100	219	319	102	219	321	1	1
"ME"	2002	"WAS"	"INDIAN TOWNSHIP"	2	114	6	128	78	50	128	93	31	124	1	1
"ME"	2002	"WAS"	"JONESBORO"	2	131	86	231	84	148	232	74	157	231	1	1
"ME"	2002	"WAS"	"JONESPORT"	2	211	147	385	130	255	385	128	253	381	1	1
"ME"	2002	"WAS"	"LUBEC"	2	403	148	603	281	321	602	245	348	593	1	1
"ME"	2002	"WAS"	"MACHIAS"	2	491	237	764	257	505	762	248	483	731	1	1
"ME"	2002	"WAS"	"MACHIASPORT"	2	206	135	368	151	213	364	132	230	362	1	1
"ME"	2002	"WAS"	"MARSHFIELD"	2	135	91	236	66	165	231	52	175	227	1	1
"ME"	2002	"WAS"	"MEDDYBEMPS"	2	34	24	61	17	43	60	14	45	59	1	1
"ME"	2002	"WAS"	"MILBRIDGE"	2	248	194	471	164	311	475	164	303	467	1	1
"ME"	2002	"WAS"	"NO. 21 TWP."	2	20	11	36	14	20	34	20	16	36	1	1
"ME"	2002	"WAS"	"NO. 27 TWP."	2	8	8	16	2	14	16	6	10	16	1	1
"ME"	2002	"WAS"	"NORTHFIELD"	2	31	17	55	18	36	54	19	35	54	1	1
"ME"	2002	"WAS"	"PEMBROKE"	2	208	116	347	131	207	338	111	231	342	1	1
"ME"	2002	"WAS"	"PERRY"	2	187	108	309	80	232	312	69	245	314	1	1
"ME"	2002	"WAS"	"PLEASANT PT. VOTING DIS."	2	110	6	122	77	35	112	71	44	115	1	1
"ME"	2002	"WAS"	"PRINCETON"	2	148	127	294	98	196	294	129	159	288	1	1
"ME"	2002	"WAS"	"ROBBINSTON"	2	139	60	207	51	158	209	53	153	206	1	1
"ME"	2002	"WAS"	"ROQUE BLUFFS"	2	61	42	111	55	67	122	49	68	117	1	1
"ME"	2002	"WAS"	"STEUBEN"	2	201	135	387	155	226	381	168	204	372	1	1
"ME"	2002	"WAS"	"TALMADGE"	2	10	19	29	4	24	28	9	19	28	1	1
"ME"	2002	"WAS"	"TOPSFIELD"	2	35	42	80	26	52	78	36	44	80	1	1
"ME"	2002	"WAS"	"TWP. 14 (COOPER)"	2	6	2	8	4	3	7	6	2	8	1	1
"ME"	2002	"WAS"	"UN. TWP. OF TRESCOTT"	2	15	16	34	14	19	33	12	22	34	1	1
"ME"	2002	"WAS"	"VANCEBORO"	2	45	17	68	28	39	67	45	25	70	1	1
"ME"	2002	"WAS"	"WAITE"	2	17	17	37	13	22	35	22	14	36	1	1
"ME"	2002	"WAS"	"WESLEY"	2	37	12	52	23	25	48	17	30	47	1	1
"ME"	2002	"WAS"	"WHITING"	2	100	66	178	53	119	172	63	111	174	1	1
"ME"	2002	"WAS"	"WHITNEYVILLE"	2	54	29	84	23	60	83	22	61	83	1	1
"ME"	2002	"YOR"	"ACTON"	1	282	398	834	289	552	841	437	388	825	1	1
"ME"	2002	"YOR"	"ALFRED"	1	484	531	1189	429	764	1193	645	523	1168	1	1
"ME"	2002	"YOR"	"ARUNDEL"	1	559	588	1397	564	836	1400	777	611	1388	1	1
"ME"	2002	"YOR"	"BERWICK"	1	702	855	1781	543	1246	1789	903	862	1765	1	1
"ME"	2002	"YOR"	"BIDDEFORD"	1	457	492	1097	440	655	1095	662	421	1083	1	1
"ME"	2002	"YOR"	"BIDDEFORD"	1	559	288	972	493	478	971	702	253	955	2	1
"ME"	2002	"YOR"	"BIDDEFORD"	1	733	551	1435	615	820	1435	951	473	1424	3	1
"ME"	2002	"YOR"	"BIDDEFORD"	1	708	300	1119	600	519	1119	851	251	1102	4	1
"ME"	2002	"YOR"	"BIDDEFORD"	1	555	300	987	484	500	984	709	246	955	5	1
"ME"	2002	"YOR"	"BIDDEFORD"	1	464	446	1053	447	601	1048	714	325	1039	6	1
"ME"	2002	"YOR"	"BIDDEFORD"	1	584	343	1015	474	551	1025	741	266	1007	7	1
"ME"	2002	"YOR"	"BUXTON"	1	1087	1397	2902	1043	1862	2905	1666	1206	2872	1	1
"ME"	2002	"YOR"	"CORNISH"	1	186	236	498	214	285	499	322	174	496	1	1
"ME"	2002	"YOR"	"DAYTON"	1	267	379	741	233	513	746	404	332	736	1	1
"ME"	2002	"YOR"	"ELIOT"	1	951	1178	2477	915	1555	2470	1376	1068	2444	1	1
"ME"	2002	"YOR"	"HOLLIS"	1	587	711	1496	580	907	1487	873	596	1469	1	1
"ME"	2002	"YOR"	"KENNEBUNK"	1	1733	2462	4946	1851	3084	4935	2456	2448	4904	1	1
"ME"	2002	"YOR"	"KENNEBUNKPORT"	1	659	1055	2060	765	1301	2066	984	1054	2038	1	1
"ME"	2002	"YOR"	"KITTERY"	1	1481	1377	3508	1571	1958	3529	2205	1255	3460	1	1
"ME"	2002	"YOR"	"LEBANON"	1	520	695	1439	446	990	1436	751	677	1428	1	1
"ME"	2002	"YOR"	"LIMERICK"	1	325	416	873	331	552	883	497	369	866	1	1
"ME"	2002	"YOR"	"LIMINGTON"	1	395	546	1079	350	737	1087	589	485	1074	1	1
"ME"	2002	"YOR"	"LYMAN"	1	571	691	1471	543	938	1481	818	642	1460	1	1
"ME"	2002	"YOR"	"NEWFIELD"	1	135	252	461	138	322	460	217	231	448	1	1
"ME"	2002	"YOR"	"NORTH BERWICK"	1	559	785	1556	498	1063	1561	780	737	1517	1	1
"ME"	2002	"YOR"	"OGUNQUIT"	1	349	326	774	387	385	772	464	298	762	1	1
"ME"	2002	"YOR"	"OLD ORCHARD BEACH"	1	1633	1461	3561	1615	1942	3557	2372	1123	3495	1	1
"ME"	2002	"YOR"	"PARSONSFIELD"	1	121	140	303	100	206	306	171	127	298	1	1
"ME"	2002	"YOR"	"PARSONSFIELD"	1	123	158	329	131	199	330	180	145	325	2	1
"ME"	2002	"YOR"	"SACO"	1	565	488	1165	479	684	1163	788	369	1157	1	1
"ME"	2002	"YOR"	"SACO"	1	481	548	1152	407	743	1150	729	402	1131	2	1
"ME"	2002	"YOR"	"SACO"	1	399	297	784	371	411	782	533	243	776	3	1
"ME"	2002	"YOR"	"SACO"	1	564	527	1185	499	688	1187	769	384	1153	4	1
"ME"	2002	"YOR"	"SACO"	1	467	293	843	405	440	845	607	226	833	5	1
"ME"	2002	"YOR"	"SACO"	1	384	247	740	349	391	740	556	178	734	6	1
"ME"	2002	"YOR"	"SACO"	1	374	216	697	370	321	691	500	181	681	7	1
"ME"	2002	"YOR"	"SANFORD"	1	513	481	1138	465	680	1145	679	433	1112	1	1
"ME"	2002	"YOR"	"SANFORD"	1	499	324	921	421	500	921	632	277	909	2	1
"ME"	2002	"YOR"	"SANFORD"	1	479	379	997	431	572	1003	628	354	982	3	1
"ME"	2002	"YOR"	"SANFORD"	1	532	536	1200	449	757	1206	712	436	1148	4	1
"ME"	2002	"YOR"	"SANFORD"	1	493	558	1172	437	731	1168	630	520	1150	5	1
"ME"	2002	"YOR"	"SANFORD"	1	418	310	835	396	444	840	531	293	824	6	1
"ME"	2002	"YOR"	"SANFORD"	1	469	287	868	415	452	867	578	270	848	7	1
"ME"	2002	"YOR"	"SHAPLEIGH"	1	349	455	964	351	623	974	530	428	958	1	1
"ME"	2002	"YOR"	"SOUTH BERWICK"	1	871	1120	2306	814	1494	2308	1256	1029	2285	1	1
"ME"	2002	"YOR"	"WATERBORO"	1	782	975	2052	692	1358	2050	1211	820	2031	1	1
"ME"	2002	"YOR"	"WELLS"	1	1454	1895	3844	1374	2472	3846	2048	1725	3773	1	1
"ME"	2002	"YOR"	"YORK"	1	2016	2750	5605	2148	3474	5622	3094	2451	5545	1	1
