state	year	county	town	cd	g2008_USP_dv	g2008_USP_rv	g2008_USP_tv	g2008_USS_dv	g2008_USS_rv	g2008_USS_tv	g2008_USH_dv	g2008_USH_rv	g2008_USH_tv	ward	precinct
"ME"	2008	"AND"	"AUBURN"	2	1442	989	2470	943	1505	2448	1650	716	2366	1	1
"ME"	2008	"AND"	"AUBURN"	2	1483	935	2470	1010	1433	2443	1676	704	2380	2	1
"ME"	2008	"AND"	"AUBURN"	2	1276	951	2264	774	1465	2239	1531	654	2185	3	1
"ME"	2008	"AND"	"AUBURN"	2	1346	952	2342	880	1436	2316	1553	719	2272	4	1
"ME"	2008	"AND"	"AUBURN"	2	1319	859	2237	902	1327	2229	1572	596	2168	5	1
"ME"	2008	"AND"	"DURHAM"	2	1246	1075	2368	743	1639	2382	1471	792	2263	1	1
"ME"	2008	"AND"	"GREENE"	2	1190	1165	2415	797	1610	2407	1541	800	2341	1	1
"ME"	2008	"AND"	"LEEDS"	2	623	530	1192	427	766	1193	758	405	1163	1	1
"ME"	2008	"AND"	"LEWISTON"	2	3576	1638	5299	2771	2535	5306	4130	959	5089	0	0
"ME"	2008	"AND"	"LEWISTON"	2	1014	491	1541	709	820	1530	1063	373	1436	1	1
"ME"	2008	"AND"	"LEWISTON"	2	1192	977	2210	801	1412	2213	1539	595	2134	2	1
"ME"	2008	"AND"	"LEWISTON"	2	1049	308	1387	766	577	1343	1030	215	1245	3	1
"ME"	2008	"AND"	"LEWISTON"	2	904	620	1554	577	981	1559	1139	351	1490	4	1
"ME"	2008	"AND"	"LEWISTON"	2	803	304	1133	575	560	1135	824	220	1044	5	1
"ME"	2008	"AND"	"LEWISTON"	2	1141	949	2132	748	1373	2121	1439	602	2041	6	1
"ME"	2008	"AND"	"LEWISTON"	2	950	674	1658	657	1009	1667	1197	396	1593	7	1
"ME"	2008	"AND"	"LISBON"	2	1168	1142	2365	779	1590	2369	1551	763	2314	1	1
"ME"	2008	"AND"	"LISBON"	2	1260	1151	2466	783	1654	2437	1593	788	2381	2	1
"ME"	2008	"AND"	"LIVERMORE"	2	743	508	1270	531	754	1285	799	439	1238	1	1
"ME"	2008	"AND"	"LIVERMORE FALLS"	2	913	468	1418	644	814	1458	919	494	1413	1	1
"ME"	2008	"AND"	"MECHANIC FALLS"	2	765	759	1572	487	1083	1570	933	554	1487	1	1
"ME"	2008	"AND"	"MINOT"	2	770	783	1577	472	1096	1568	919	595	1514	1	1
"ME"	2008	"AND"	"POLAND"	2	1629	1380	3083	1052	1973	3025	1927	1031	2958	1	1
"ME"	2008	"AND"	"SABATTUS"	2	1372	1181	2628	920	1699	2619	1741	809	2550	1	1
"ME"	2008	"AND"	"TURNER"	2	1494	1452	3001	963	2038	3001	1709	1140	2849	1	1
"ME"	2008	"AND"	"WALES"	2	349	430	798	230	565	795	467	299	766	1	1
"ME"	2008	"ARO"	"ALLAGASH"	2	81	60	143	52	95	147	101	33	134	1	1
"ME"	2008	"ARO"	"AMITY"	2	46	44	92	25	62	89	57	31	88	1	1
"ME"	2008	"ARO"	"ASHLAND"	2	358	261	635	167	437	604	463	132	595	1	1
"ME"	2008	"ARO"	"ASHLAND"	2	0	3	3	0	3	3	1	2	3	1	2
"ME"	2008	"ARO"	"BANCROFT"	2	13	16	30	9	22	31	14	15	29	1	1
"ME"	2008	"ARO"	"BLAINE"	2	133	256	394	63	328	391	214	155	369	1	1
"ME"	2008	"ARO"	"BLAINE"	2	13	20	33	2	31	33	17	13	30	1	2
"ME"	2008	"ARO"	"BRIDGEWATER"	2	160	182	342	74	266	340	208	118	326	1	1
"ME"	2008	"ARO"	"BRIDGEWATER"	2	2	0	2	2	0	2	2	0	2	1	2
"ME"	2008	"ARO"	"CARIBOU"	2	2148	1681	3903	841	2034	2875	2860	938	3798	1	1
"ME"	2008	"ARO"	"CARY PLT."	2	39	60	101	25	78	103	60	40	100	1	1
"ME"	2008	"ARO"	"CASTLE HILL"	2	72	112	214	41	172	213	136	71	207	1	1
"ME"	2008	"ARO"	"CASTLE HILL"	2	7	20	27	2	25	27	17	10	27	1	2
"ME"	2008	"ARO"	"CASWELL"	2	81	60	145	22	126	148	124	20	144	1	1
"ME"	2008	"ARO"	"CHAPMAN"	2	129	101	238	69	170	239	172	61	233	1	1
"ME"	2008	"ARO"	"CONNOR TWP."	2	122	67	195	49	146	195	159	31	190	1	1
"ME"	2008	"ARO"	"CRYSTAL"	2	44	92	140	34	105	139	91	47	138	1	1
"ME"	2008	"ARO"	"CYR PLT."	2	31	17	48	8	39	47	36	11	47	1	1
"ME"	2008	"ARO"	"DYER BROOK"	2	50	93	144	32	113	145	89	53	142	1	1
"ME"	2008	"ARO"	"EAGLE LAKE"	2	307	163	479	161	312	473	368	97	465	1	1
"ME"	2008	"ARO"	"EASTON"	2	305	351	668	143	519	662	464	176	640	1	1
"ME"	2008	"ARO"	"FORT FAIRFIELD"	2	932	746	1707	464	1228	1695	1293	389	1682	1	1
"ME"	2008	"ARO"	"FORT KENT"	2	1515	609	2162	748	1420	2169	1741	357	2098	1	1
"ME"	2008	"ARO"	"FRENCHVILLE"	2	467	151	626	295	341	636	544	74	618	1	1
"ME"	2008	"ARO"	"GARFIELD PLT."	2	28	30	58	10	47	57	34	19	53	1	1
"ME"	2008	"ARO"	"GLENWOOD PLT."	2	2	1	3	0	3	3	3	0	3	1	1
"ME"	2008	"ARO"	"GRAND ISLE"	2	197	45	246	118	145	263	222	31	253	1	1
"ME"	2008	"ARO"	"HAMLIN"	2	72	37	109	26	83	109	85	22	107	1	1
"ME"	2008	"ARO"	"HAMMOND"	2	31	19	52	20	31	51	35	16	51	1	1
"ME"	2008	"ARO"	"HAYNESVILLE"	2	15	47	63	10	53	63	43	18	61	1	1
"ME"	2008	"ARO"	"HERSEY"	2	7	22	29	2	26	28	16	14	30	1	1
"ME"	2008	"ARO"	"HODGDON"	2	221	418	647	103	533	636	364	251	615	1	1
"ME"	2008	"ARO"	"HOULTON"	2	1221	1462	2735	625	2153	2779	1865	817	2682	1	1
"ME"	2008	"ARO"	"ISLAND FALLS"	2	191	227	429	108	341	449	295	144	439	1	1
"ME"	2008	"ARO"	"LIMESTONE"	2	587	367	976	271	695	966	720	190	910	1	1
"ME"	2008	"ARO"	"LINNEUS"	2	145	279	432	93	331	424	253	155	408	1	1
"ME"	2008	"ARO"	"LITTLETON"	2	147	301	451	77	372	449	284	153	437	1	1
"ME"	2008	"ARO"	"LUDLOW"	2	89	114	207	42	171	213	133	66	199	1	1
"ME"	2008	"ARO"	"MACWAHOC PLT."	2	48	42	92	35	58	93	69	23	92	1	1
"ME"	2008	"ARO"	"MADAWASKA"	2	1673	474	2196	1120	1175	2295	1973	267	2240	1	1
"ME"	2008	"ARO"	"MADAWASKA LAKE TWP."	2	49	56	105	25	88	113	79	29	108	1	1
"ME"	2008	"ARO"	"MAPLETON"	2	476	573	1069	231	858	1089	707	336	1043	1	1
"ME"	2008	"ARO"	"MARS HILL"	2	275	506	788	141	650	791	466	279	745	1	1
"ME"	2008	"ARO"	"MASARDIS"	2	65	72	138	26	115	141	101	35	136	1	1
"ME"	2008	"ARO"	"MERRILL"	2	51	67	124	32	99	131	92	37	129	1	1
"ME"	2008	"ARO"	"MONTICELLO"	2	147	230	387	73	315	388	257	116	373	1	1
"ME"	2008	"ARO"	"MORO PLT."	2	2	24	27	2	25	27	15	12	27	1	1
"ME"	2008	"ARO"	"NASHVILLE PLT."	2	13	11	24	6	17	23	17	6	23	1	1
"ME"	2008	"ARO"	"NEW CANADA"	2	164	108	279	91	186	277	219	47	266	1	1
"ME"	2008	"ARO"	"NEW LIMERICK"	2	142	178	326	76	255	331	190	135	325	1	1
"ME"	2008	"ARO"	"NEW SWEDEN"	2	204	152	367	90	283	374	263	93	356	1	1
"ME"	2008	"ARO"	"OAKFIELD"	2	166	220	397	94	308	402	279	114	393	1	1
"ME"	2008	"ARO"	"ORIENT"	2	38	47	89	31	57	88	63	23	86	1	1
"ME"	2008	"ARO"	"OXBOW PLT."	2	15	34	49	9	40	49	33	14	47	1	1
"ME"	2008	"ARO"	"PERHAM"	2	91	120	215	31	173	206	118	87	205	1	1
"ME"	2008	"ARO"	"PORTAGE LAKE"	2	127	108	245	52	195	247	180	62	242	1	1
"ME"	2008	"ARO"	"PORTAGE LAKE"	2	0	0	0	0	0	0	0	0	0	1	2
"ME"	2008	"ARO"	"PRESQUE ISLE"	2	2420	2094	4613	1197	3398	4595	3288	2229	5517	1	1
"ME"	2008	"ARO"	"REED PLT."	2	25	61	86	19	64	83	41	33	74	1	1
"ME"	2008	"ARO"	"SAINT AGATHA"	2	415	145	570	236	355	591	494	85	579	1	1
"ME"	2008	"ARO"	"SHERMAN"	2	191	381	622	133	476	610	405	190	595	1	1
"ME"	2008	"ARO"	"SMYRNA"	2	80	71	153	49	105	154	118	35	153	1	1
"ME"	2008	"ARO"	"ST. FRANCIS"	2	170	80	257	113	151	264	212	50	262	1	1
"ME"	2008	"ARO"	"ST. JOHN PLT."	2	103	43	150	51	104	155	137	13	150	1	1
"ME"	2008	"ARO"	"STOCKHOLM"	2	99	58	161	43	122	165	118	37	155	1	1
"ME"	2008	"ARO"	"VAN BUREN"	2	842	235	1092	383	701	1084	899	123	1022	1	1
"ME"	2008	"ARO"	"WADE"	2	67	74	145	36	107	143	91	50	141	1	1
"ME"	2008	"ARO"	"WALLAGRASS"	2	202	83	292	101	194	295	250	37	287	1	1
"ME"	2008	"ARO"	"WASHBURN"	2	377	393	784	183	639	822	570	221	791	1	1
"ME"	2008	"ARO"	"WESTFIELD"	2	122	152	279	75	203	278	169	99	268	1	1
"ME"	2008	"ARO"	"WESTMANLAND"	2	19	21	41	9	30	39	23	16	39	1	1
"ME"	2008	"ARO"	"WESTON"	2	46	90	137	21	113	136	70	60	130	1	1
"ME"	2008	"ARO"	"WINTERVILLE PLT."	2	84	37	124	42	78	120	91	22	113	1	1
"ME"	2008	"ARO"	"WINTERVILLE PLT."	2	11	8	20	2	18	20	13	6	19	1	2
"ME"	2008	"ARO"	"WOODLAND"	2	318	316	643	121	513	635	429	171	600	1	1
"ME"	2008	"CUM"	"BALDWIN"	1	343	437	803	254	500	754	315	475	790	1	1
"ME"	2008	"CUM"	"BRIDGTON"	1	1630	1206	2894	1066	1811	2877	1445	1387	2832	1	1
"ME"	2008	"CUM"	"BRUNSWICK"	1	3484	1134	4672	2689	1902	4610	3090	1353	4443	0	0
"ME"	2008	"CUM"	"BRUNSWICK"	1	614	460	1095	401	687	1088	534	534	1068	1	1
"ME"	2008	"CUM"	"BRUNSWICK"	1	543	282	831	375	448	827	468	338	806	2	1
"ME"	2008	"CUM"	"BRUNSWICK"	1	697	545	1262	450	796	1250	647	585	1232	3	1
"ME"	2008	"CUM"	"BRUNSWICK"	1	742	495	1256	470	786	1257	681	553	1234	4	1
"ME"	2008	"CUM"	"BRUNSWICK"	1	590	348	960	383	569	956	514	423	937	5	1
"ME"	2008	"CUM"	"BRUNSWICK"	1	577	224	830	467	360	827	551	255	806	6	1
"ME"	2008	"CUM"	"BRUNSWICK"	1	598	204	816	429	376	807	540	244	784	7	1
"ME"	2008	"CUM"	"CAPE ELIZABETH"	1	4164	2118	6339	2950	3316	6270	3460	2776	6236	1	1
"ME"	2008	"CUM"	"CASCO"	1	1137	939	2118	743	1341	2084	994	1084	2078	1	1
"ME"	2008	"CUM"	"CHEBEAGUE ISLAND"	1	210	85	299	148	143	291	193	101	294	1	1
"ME"	2008	"CUM"	"CUMBERLAND"	1	2812	1956	4843	1708	3097	4806	2280	2494	4774	1	1
"ME"	2008	"CUM"	"FALMOUTH"	1	4189	2861	7141	2663	4409	7078	3426	3592	7018	1	1
"ME"	2008	"CUM"	"FREEPORT"	1	3289	1599	4990	2283	2614	4910	2904	2000	4904	1	1
"ME"	2008	"CUM"	"FRYE ISLAND"	1	28	36	65	28	37	65	22	43	65	1	1
"ME"	2008	"CUM"	"GORHAM"	1	2191	1300	3554	1505	2013	3522	1843	1639	3482	0	0
"ME"	2008	"CUM"	"GORHAM"	1	1684	1467	3198	1066	2089	3166	1401	1705	3106	1	1
"ME"	2008	"CUM"	"GORHAM"	1	1321	833	2194	796	1341	2146	990	1065	2055	2	1
"ME"	2008	"CUM"	"GRAY"	1	2454	1994	4553	1474	3002	4480	2099	2375	4474	1	1
"ME"	2008	"CUM"	"HARPSWELL"	1	778	402	1193	573	601	1177	729	449	1178	0	0
"ME"	2008	"CUM"	"HARPSWELL"	1	500	363	882	331	544	878	473	395	868	1	1
"ME"	2008	"CUM"	"HARPSWELL"	1	460	446	920	297	617	917	419	497	916	2	1
"ME"	2008	"CUM"	"HARPSWELL"	1	262	202	476	162	304	468	236	233	469	3	1
"ME"	2008	"CUM"	"HARRISON"	1	0	0	1	0	0	0	0	0	0	0	0
"ME"	2008	"CUM"	"HARRISON"	1	825	645	1497	540	919	1461	700	759	1459	1	1
"ME"	2008	"CUM"	"LONG ISLAND"	1	120	81	204	83	121	205	122	75	197	1	1
"ME"	2008	"CUM"	"NAPLES"	1	1161	955	2163	726	1409	2135	947	1168	2115	1	1
"ME"	2008	"CUM"	"NEW GLOUCESTER"	1	1668	1423	3136	1054	2049	3103	1416	1654	3070	1	1
"ME"	2008	"CUM"	"NORTH YARMOUTH"	1	1478	915	2415	908	1475	2388	1235	1152	2387	1	1
"ME"	2008	"CUM"	"PORTLAND"	1	10223	2189	12594	8419	3882	12362	9383	2891	12274	0	0
"ME"	2008	"CUM"	"PORTLAND"	1	1824	316	2209	1465	672	2154	1662	457	2119	1	1
"ME"	2008	"CUM"	"PORTLAND"	1	1032	238	1294	811	432	1249	912	318	1230	1	2
"ME"	2008	"CUM"	"PORTLAND"	1	417	108	534	336	171	513	392	130	522	1	3
"ME"	2008	"CUM"	"PORTLAND"	1	23	11	35	12	22	34	27	8	35	1	4
"ME"	2008	"CUM"	"PORTLAND"	1	31	16	47	19	26	46	29	16	45	1	5
"ME"	2008	"CUM"	"PORTLAND"	1	2524	311	2904	2005	795	2830	2289	522	2811	2	1
"ME"	2008	"CUM"	"PORTLAND"	1	1481	193	1714	1140	512	1676	1289	342	1631	2	2
"ME"	2008	"CUM"	"PORTLAND"	1	663	282	969	495	443	942	582	357	939	3	1
"ME"	2008	"CUM"	"PORTLAND"	1	1289	323	1655	1021	589	1620	1181	427	1608	3	2
"ME"	2008	"CUM"	"PORTLAND"	1	1663	646	2347	1248	1035	2291	1442	858	2300	3	3
"ME"	2008	"CUM"	"PORTLAND"	1	1277	440	1754	973	748	1737	1127	600	1727	4	1
"ME"	2008	"CUM"	"PORTLAND"	1	1228	532	1794	914	858	1773	1086	661	1747	4	2
"ME"	2008	"CUM"	"PORTLAND"	1	1008	425	1461	764	668	1440	903	513	1416	4	3
"ME"	2008	"CUM"	"PORTLAND"	1	848	278	1141	641	484	1131	747	366	1113	5	1
"ME"	2008	"CUM"	"PORTLAND"	1	1320	576	1929	965	928	1893	1136	723	1859	5	2
"ME"	2008	"CUM"	"PORTLAND"	1	1466	960	2459	1009	1424	2436	1208	1200	2408	5	3
"ME"	2008	"CUM"	"POWNAL"	1	558	410	984	384	618	1002	517	465	982	1	1
"ME"	2008	"CUM"	"RAYMOND"	1	1503	1177	2728	933	1763	2701	1281	1399	2680	1	1
"ME"	2008	"CUM"	"SCARBOROUGH"	1	6750	4866	11788	4214	7390	11604	4770	6889	11659	1	1
"ME"	2008	"CUM"	"SEBAGO"	1	514	474	1012	363	666	1029	457	543	1000	1	1
"ME"	2008	"CUM"	"SOUTH PORTLAND"	1	4643	1652	6387	3594	2729	6330	4155	2155	6310	0	0
"ME"	2008	"CUM"	"SOUTH PORTLAND"	1	1098	383	1504	804	683	1489	972	507	1479	1	1
"ME"	2008	"CUM"	"SOUTH PORTLAND"	1	937	396	1363	656	697	1357	815	532	1347	2	1
"ME"	2008	"CUM"	"SOUTH PORTLAND"	1	2024	1026	3118	1388	1674	3073	1691	1354	3045	3	1
"ME"	2008	"CUM"	"SOUTH PORTLAND"	1	1240	560	1839	869	941	1811	1051	754	1805	5	1
"ME"	2008	"CUM"	"STANDISH"	1	2896	2515	5490	1835	3587	5422	2457	2929	5386	1	1
"ME"	2008	"CUM"	"WESTBROOK"	1	1792	790	2637	1334	1296	2630	1571	1004	2575	0	0
"ME"	2008	"CUM"	"WESTBROOK"	1	762	407	1186	487	702	1189	628	537	1165	1	1
"ME"	2008	"CUM"	"WESTBROOK"	1	767	412	1205	536	668	1204	647	524	1171	2	1
"ME"	2008	"CUM"	"WESTBROOK"	1	646	428	1101	447	645	1092	550	528	1078	3	1
"ME"	2008	"CUM"	"WESTBROOK"	1	651	316	986	471	510	982	545	403	948	4	1
"ME"	2008	"CUM"	"WESTBROOK"	1	972	677	1668	617	1058	1675	798	843	1641	5	1
"ME"	2008	"CUM"	"WINDHAM"	1	2188	1513	3781	1400	2332	3735	1820	1894	3714	0	0
"ME"	2008	"CUM"	"WINDHAM"	1	1616	1403	3074	1039	1995	3034	1351	1666	3017	1	1
"ME"	2008	"CUM"	"WINDHAM"	1	1282	1084	2397	778	1594	2375	1085	1269	2354	2	1
"ME"	2008	"CUM"	"YARMOUTH"	1	0	0	0	0	0	0	0	0	0	0	0
"ME"	2008	"CUM"	"YARMOUTH"	1	3513	1898	5463	2250	3137	5392	2903	2483	5386	1	1
"ME"	2008	"FRA"	"AVON"	2	123	102	230	79	147	226	125	98	223	1	1
"ME"	2008	"FRA"	"CARRABASSETT VALLEY"	2	304	155	464	183	279	462	253	193	446	1	1
"ME"	2008	"FRA"	"CARTHAGE"	2	167	105	287	124	132	256	164	113	277	1	1
"ME"	2008	"FRA"	"CHESTERVILLE"	2	410	269	693	286	405	691	387	279	666	1	1
"ME"	2008	"FRA"	"COPLIN PLT."	2	53	33	89	27	60	87	46	38	84	1	1
"ME"	2008	"FRA"	"COPLIN PLT."	2	0	1	1	0	1	1	0	1	1	1	2
"ME"	2008	"FRA"	"DALLAS PLT."	2	128	95	228	78	150	228	118	90	208	1	1
"ME"	2008	"FRA"	"EUSTIS"	2	183	188	375	123	254	377	186	180	366	1	1
"ME"	2008	"FRA"	"FARMINGTON"	2	2819	1422	4342	1718	2560	4278	2529	1714	4243	1	1
"ME"	2008	"FRA"	"FREEMAN TWP."	2	82	86	192	53	136	189	102	80	182	1	1
"ME"	2008	"FRA"	"INDUSTRY"	2	263	206	479	181	300	481	260	215	475	1	1
"ME"	2008	"FRA"	"JAY"	2	1737	865	2672	1253	1411	2664	1875	776	2651	1	1
"ME"	2008	"FRA"	"KINGFIELD"	2	313	237	558	186	372	558	309	234	543	1	1
"ME"	2008	"FRA"	"MADRID TWP."	2	52	39	93	38	56	94	53	34	87	1	1
"ME"	2008	"FRA"	"NEW SHARON"	2	470	376	866	311	558	869	450	398	848	1	1
"ME"	2008	"FRA"	"NEW VINEYARD"	2	187	225	427	109	304	413	186	222	408	1	1
"ME"	2008	"FRA"	"PERKINS TWP."	2	13	15	28	6	21	27	14	13	27	1	1
"ME"	2008	"FRA"	"PHILLIPS"	2	299	207	516	187	332	519	281	224	505	1	1
"ME"	2008	"FRA"	"RANGELEY"	2	381	355	750	225	518	743	369	352	721	1	1
"ME"	2008	"FRA"	"RANGELEY PLT."	2	57	77	137	41	96	137	59	75	134	1	1
"ME"	2008	"FRA"	"SANDY RIVER PLT."	2	43	40	85	27	59	86	47	35	82	1	1
"ME"	2008	"FRA"	"STRONG"	2	369	360	751	234	511	745	359	371	730	1	1
"ME"	2008	"FRA"	"TEMPLE"	2	209	111	326	138	184	322	197	115	312	1	1
"ME"	2008	"FRA"	"WELD"	2	162	113	286	101	182	283	170	108	278	1	1
"ME"	2008	"FRA"	"WILTON"	2	1289	945	2303	826	1443	2269	1341	922	2263	1	1
"ME"	2008	"HAN"	"AMHERST"	2	68	76	147	34	109	143	78	58	136	1	1
"ME"	2008	"HAN"	"AURORA"	2	22	53	77	12	65	77	36	37	73	1	1
"ME"	2008	"HAN"	"BAR HARBOR"	2	2292	819	3169	1625	1473	3100	2330	707	3037	1	1
"ME"	2008	"HAN"	"BLUE HILL"	2	1213	553	1798	848	926	1775	1209	534	1743	1	1
"ME"	2008	"HAN"	"BROOKLIN"	2	398	200	605	311	294	605	419	160	579	1	1
"ME"	2008	"HAN"	"BROOKSVILLE"	2	468	205	686	345	343	688	476	183	659	1	1
"ME"	2008	"HAN"	"BUCKSPORT"	2	1438	1086	2572	931	1660	2591	1615	854	2469	1	1
"ME"	2008	"HAN"	"CASTINE"	2	399	297	704	345	430	775	492	256	748	1	1
"ME"	2008	"HAN"	"CRANBERRY ISLES"	2	37	23	61	25	37	62	43	17	60	1	1
"ME"	2008	"HAN"	"CRANBERRY ISLES"	2	72	17	94	50	42	92	73	19	92	2	1
"ME"	2008	"HAN"	"DEDHAM"	2	537	480	1039	335	665	1000	651	363	1014	1	1
"ME"	2008	"HAN"	"DEER ISLE"	2	812	355	1189	598	602	1201	827	338	1165	1	1
"ME"	2008	"HAN"	"DTT9 & T10 TWP."	2	6	9	15	4	11	15	7	8	15	1	1
"ME"	2008	"HAN"	"EASTBROOK"	2	107	106	219	63	157	220	129	77	206	1	1
"ME"	2008	"HAN"	"ELLSWORTH"	2	837	708	1567	493	1036	1532	943	563	1506	1	1
"ME"	2008	"HAN"	"ELLSWORTH"	2	303	277	590	161	425	586	346	229	575	2	1
"ME"	2008	"HAN"	"ELLSWORTH"	2	286	329	623	181	439	621	388	221	609	3	1
"ME"	2008	"HAN"	"ELLSWORTH"	2	732	583	1325	454	855	1309	819	454	1273	4	1
"ME"	2008	"HAN"	"FRANKLIN"	2	408	367	790	271	520	791	460	303	763	1	1
"ME"	2008	"HAN"	"FRENCHBORO"	2	22	19	43	16	28	44	29	10	39	1	1
"ME"	2008	"HAN"	"GOULDSBORO"	2	547	446	1010	371	641	1012	642	340	982	1	1
"ME"	2008	"HAN"	"GREAT POND"	2	20	18	39	14	26	40	23	16	39	1	1
"ME"	2008	"HAN"	"HANCOCK"	2	598	618	1263	428	822	1250	760	453	1213	1	1
"ME"	2008	"HAN"	"LAMOINE"	2	592	489	1104	351	750	1101	685	387	1072	1	1
"ME"	2008	"HAN"	"MARIAVILLE"	2	116	145	265	73	192	265	156	99	255	1	1
"ME"	2008	"HAN"	"MOUNT DESERT"	2	967	463	1448	621	800	1421	968	402	1370	1	1
"ME"	2008	"HAN"	"NO. 8, S.D. TWP."	2	28	29	58	13	45	58	33	22	55	1	1
"ME"	2008	"HAN"	"NO. 8, S.D. TWP."	2	1	2	4	2	2	4	2	2	4	1	2
"ME"	2008	"HAN"	"ORLAND"	2	784	513	1331	506	819	1325	894	410	1304	1	1
"ME"	2008	"HAN"	"OSBORN"	2	7	34	41	6	34	40	18	22	40	1	1
"ME"	2008	"HAN"	"OTIS"	2	131	245	382	88	299	387	207	171	378	1	1
"ME"	2008	"HAN"	"PENOBSCOT"	2	504	300	816	355	460	815	538	256	794	1	1
"ME"	2008	"HAN"	"SEDGWICK"	2	479	252	746	362	371	735	491	213	704	1	1
"ME"	2008	"HAN"	"SORRENTO"	2	126	79	211	78	135	213	137	68	205	1	1
"ME"	2008	"HAN"	"SOUTHWEST HARBOR"	2	710	397	1123	471	660	1131	792	518	1310	1	1
"ME"	2008	"HAN"	"STONINGTON"	2	437	181	632	320	314	635	462	148	610	1	1
"ME"	2008	"HAN"	"SULLIVAN"	2	376	258	647	229	424	653	418	208	626	1	1
"ME"	2008	"HAN"	"SURRY"	2	543	392	948	378	419	797	601	313	914	1	1
"ME"	2008	"HAN"	"SWAN'S ISLAND"	2	105	134	243	67	172	239	121	104	225	1	1
"ME"	2008	"HAN"	"T3 ND TWP."	2	3	5	9	1	8	9	5	4	9	1	1
"ME"	2008	"HAN"	"TREMONT"	2	545	360	919	414	541	955	650	280	930	1	1
"ME"	2008	"HAN"	"TRENTON"	2	444	359	813	261	541	802	510	266	776	1	1
"ME"	2008	"HAN"	"VERONA ISLAND"	2	183	138	329	129	198	328	212	106	318	1	1
"ME"	2008	"HAN"	"WALTHAM"	2	68	120	191	43	157	200	113	81	194	1	1
"ME"	2008	"HAN"	"WINTER HARBOR"	2	124	147	280	88	205	295	184	102	286	1	1
"ME"	2008	"KEN"	"ALBION"	1	460	582	1054	269	795	1064	490	517	1007	1	1
"ME"	2008	"KEN"	"AUGUSTA"	1	2504	1274	3876	1809	2113	3922	2378	1361	3739	0	0
"ME"	2008	"KEN"	"AUGUSTA"	1	681	474	1185	453	718	1171	628	521	1149	1	1
"ME"	2008	"KEN"	"AUGUSTA"	1	778	533	1346	475	867	1342	730	591	1321	2	1
"ME"	2008	"KEN"	"AUGUSTA"	1	779	665	1484	482	1005	1487	757	687	1444	3	1
"ME"	2008	"KEN"	"AUGUSTA"	1	814	716	1563	485	1069	1554	751	760	1511	4	1
"ME"	2008	"KEN"	"BELGRADE"	1	1057	903	1995	650	1362	2012	1001	978	1979	1	1
"ME"	2008	"KEN"	"BENTON"	2	751	684	1463	498	941	1439	953	460	1413	1	1
"ME"	2008	"KEN"	"CHELSEA"	1	708	648	1382	456	938	1394	675	686	1361	1	1
"ME"	2008	"KEN"	"CHINA"	1	1191	1127	2365	767	1569	2337	1122	1158	2280	1	1
"ME"	2008	"KEN"	"CLINTON"	2	869	784	1685	580	1087	1667	1087	554	1641	1	1
"ME"	2008	"KEN"	"FARMINGDALE"	1	1005	743	1770	591	1135	1726	897	826	1723	1	1
"ME"	2008	"KEN"	"FAYETTE"	2	415	277	703	251	448	699	420	248	668	1	1
"ME"	2008	"KEN"	"GARDINER"	1	1836	1248	3150	1127	2017	3150	1716	1397	3113	1	1
"ME"	2008	"KEN"	"HALLOWELL"	1	1124	483	1627	838	796	1636	1047	548	1595	1	1
"ME"	2008	"KEN"	"LITCHFIELD"	2	994	914	1957	593	1361	1954	1209	668	1877	1	1
"ME"	2008	"KEN"	"MANCHESTER"	1	868	767	1655	523	1134	1657	792	828	1620	1	1
"ME"	2008	"KEN"	"MONMOUTH"	1	1183	1055	2284	710	1548	2258	1109	1123	2232	1	1
"ME"	2008	"KEN"	"MOUNT VERNON"	1	570	400	990	349	646	995	330	444	774	1	1
"ME"	2008	"KEN"	"OAKLAND"	2	1809	1459	3324	1098	2214	3312	2181	1063	3244	1	1
"ME"	2008	"KEN"	"PITTSTON"	1	808	756	1593	477	1122	1600	763	801	1564	1	1
"ME"	2008	"KEN"	"RANDOLPH"	1	531	420	970	363	641	1005	515	473	988	1	1
"ME"	2008	"KEN"	"READFIELD"	1	839	715	1585	578	969	1548	836	721	1557	1	1
"ME"	2008	"KEN"	"ROME"	1	347	227	586	222	364	586	310	265	575	1	1
"ME"	2008	"KEN"	"SIDNEY"	1	1189	1117	2349	737	1616	2353	1153	1145	2298	1	1
"ME"	2008	"KEN"	"VASSALBORO"	1	1291	1059	2389	791	1573	2366	1250	1099	2349	1	1
"ME"	2008	"KEN"	"VIENNA"	1	219	128	359	143	207	350	197	145	342	1	1
"ME"	2008	"KEN"	"WATERVILLE"	2	5080	2109	7311	3628	3572	7202	5530	1513	7043	1	1
"ME"	2008	"KEN"	"WAYNE"	2	468	284	765	285	470	759	485	253	738	1	1
"ME"	2008	"KEN"	"WEST GARDINER"	1	972	954	1967	550	1421	1973	914	1006	1920	1	1
"ME"	2008	"KEN"	"WINDSOR"	1	602	642	1280	385	894	1279	617	648	1265	1	1
"ME"	2008	"KEN"	"WINSLOW"	2	2490	1766	4329	1636	2714	4350	3020	1194	4214	1	1
"ME"	2008	"KEN"	"WINTHROP"	1	2006	1569	3645	1178	2468	3646	1829	1787	3616	1	1
"ME"	2008	"KNO"	"APPLETON"	1	476	329	824	357	450	815	480	317	797	1	1
"ME"	2008	"KNO"	"CAMDEN"	1	2377	910	3331	1705	1595	3300	2320	922	3242	1	1
"ME"	2008	"KNO"	"CUSHING"	1	455	362	836	329	494	823	479	338	817	1	1
"ME"	2008	"KNO"	"FRIENDSHIP"	1	315	396	720	210	500	710	338	365	703	1	1
"ME"	2008	"KNO"	"HOPE"	1	545	385	943	357	588	945	540	401	941	1	1
"ME"	2008	"KNO"	"ISLE AU HAUT"	1	43	6	51	35	18	53	48	4	52	1	1
"ME"	2008	"KNO"	"MATINICUS ISLE PLT."	1	36	22	58	24	35	59	40	16	56	1	1
"ME"	2008	"KNO"	"NORTH HAVEN"	1	195	80	280	147	129	276	215	64	279	1	1
"ME"	2008	"KNO"	"OWL'S HEAD"	1	582	433	1025	367	653	1020	602	408	1010	1	1
"ME"	2008	"KNO"	"ROCKLAND"	1	2215	1248	3541	1636	1915	3555	2383	1140	3523	1	1
"ME"	2008	"KNO"	"ROCKPORT"	1	1377	766	2174	894	1262	2156	1357	806	2163	1	1
"ME"	2008	"KNO"	"SOUTH THOMASTON"	1	521	363	914	384	571	956	617	337	954	1	1
"ME"	2008	"KNO"	"ST. GEORGE"	1	1064	561	1677	771	893	1664	1128	529	1657	1	1
"ME"	2008	"KNO"	"THOMASTON"	1	879	619	1525	613	898	1511	946	557	1503	1	1
"ME"	2008	"KNO"	"UNION"	1	735	631	1397	457	918	1375	769	611	1380	1	1
"ME"	2008	"KNO"	"VINALHAVEN"	1	550	191	748	409	318	731	561	168	729	1	1
"ME"	2008	"KNO"	"WARREN"	1	949	917	1898	581	1338	1923	1050	842	1892	1	1
"ME"	2008	"KNO"	"WASHINGTON"	1	414	597	1038	302	564	866	469	379	848	1	1
"ME"	2008	"LIN"	"ALNA"	1	279	190	477	190	279	469	248	219	467	1	1
"ME"	2008	"LIN"	"BOOTHBAY"	1	1122	930	2081	675	1379	2055	989	1055	2044	1	1
"ME"	2008	"LIN"	"BOOTHBAY HARBOR"	1	876	607	1508	563	944	1507	779	714	1493	1	1
"ME"	2008	"LIN"	"BREMEN"	1	319	189	523	230	291	523	289	224	513	1	1
"ME"	2008	"LIN"	"BRISTOL"	1	1063	781	1873	679	1179	1858	958	873	1831	1	1
"ME"	2008	"LIN"	"DAMARISCOTTA"	1	786	504	1305	555	779	1334	754	559	1313	1	1
"ME"	2008	"LIN"	"DRESDEN"	1	522	461	1014	348	655	1005	487	499	986	1	1
"ME"	2008	"LIN"	"EDGECOMB"	1	409	347	796	271	514	787	398	374	772	1	1
"ME"	2008	"LIN"	"JEFFERSON"	1	707	757	1487	449	1015	1469	712	751	1463	1	1
"ME"	2008	"LIN"	"MONHEGAN PLT."	1	61	11	72	45	26	71	54	16	70	1	1
"ME"	2008	"LIN"	"NEWCASTLE"	1	787	399	1195	554	655	1209	707	485	1192	1	1
"ME"	2008	"LIN"	"NOBLEBORO"	1	567	492	1073	395	726	1123	596	509	1105	1	1
"ME"	2008	"LIN"	"SOMERVILLE"	1	141	132	276	93	188	281	134	147	281	1	1
"ME"	2008	"LIN"	"SOUTH BRISTOL"	1	385	252	642	263	392	655	356	285	641	1	1
"ME"	2008	"LIN"	"SOUTHPORT"	1	252	227	486	156	327	484	214	257	471	1	1
"ME"	2008	"LIN"	"WALDOBORO"	1	1469	1189	2713	1022	1679	2707	1472	1201	2673	1	1
"ME"	2008	"LIN"	"WESTPORT ISLAND"	1	275	239	529	182	347	531	247	275	522	1	1
"ME"	2008	"LIN"	"WHITEFIELD"	1	705	578	1321	479	834	1314	702	595	1297	1	1
"ME"	2008	"LIN"	"WISCASSET"	1	1161	1002	2213	698	1482	2183	1081	1089	2170	1	1
"ME"	2008	"OXF"	"ALBANY TWP."	2	181	94	285	108	167	275	175	79	254	1	1
"ME"	2008	"OXF"	"ANDOVER"	2	240	271	524	150	390	540	308	210	518	1	1
"ME"	2008	"OXF"	"BETHEL"	2	996	606	1645	637	997	1634	1041	537	1578	1	1
"ME"	2008	"OXF"	"BROWNFIELD"	2	623	341	982	370	506	876	581	254	835	1	1
"ME"	2008	"OXF"	"BUCKFIELD"	2	581	484	1090	383	702	1085	664	379	1043	1	1
"ME"	2008	"OXF"	"BYRON"	2	43	34	82	29	52	81	50	28	78	1	1
"ME"	2008	"OXF"	"CANTON"	2	287	243	552	223	334	557	345	189	534	1	1
"ME"	2008	"OXF"	"DENMARK"	2	354	333	700	220	467	687	401	248	649	1	1
"ME"	2008	"OXF"	"DIXFIELD"	2	767	484	1307	543	770	1313	836	430	1266	1	1
"ME"	2008	"OXF"	"FRYEBURG"	2	1002	691	1725	628	1059	1687	1052	516	1568	1	1
"ME"	2008	"OXF"	"GILEAD"	2	84	50	137	58	79	137	81	51	132	1	1
"ME"	2008	"OXF"	"GREENWOOD"	2	230	186	435	158	289	447	280	148	428	1	1
"ME"	2008	"OXF"	"HANOVER"	2	89	84	176	59	117	176	108	61	169	1	1
"ME"	2008	"OXF"	"HARTFORD"	2	343	293	654	243	408	652	394	232	626	1	1
"ME"	2008	"OXF"	"HEBRON"	2	336	338	691	209	488	697	415	246	661	1	1
"ME"	2008	"OXF"	"HIRAM"	2	205	169	383	143	242	385	238	132	370	1	1
"ME"	2008	"OXF"	"HIRAM"	2	245	178	440	164	269	433	281	126	407	2	1
"ME"	2008	"OXF"	"LINCOLN PLT."	2	4	17	21	1	21	22	7	14	21	1	1
"ME"	2008	"OXF"	"LOVELL"	2	370	315	697	238	451	689	418	226	644	1	1
"ME"	2008	"OXF"	"MAGALLOWAY PLT."	2	7	13	21	3	18	21	8	12	20	1	1
"ME"	2008	"OXF"	"MEXICO"	2	935	455	1445	676	762	1438	1133	300	1433	1	1
"ME"	2008	"OXF"	"MILTON TWP."	2	48	32	84	30	51	81	49	32	81	1	1
"ME"	2008	"OXF"	"NEWRY"	2	131	78	217	64	152	216	125	77	202	1	1
"ME"	2008	"OXF"	"NORWAY"	2	1583	1044	2685	1091	1631	2725	1805	772	2577	1	1
"ME"	2008	"OXF"	"OTISFIELD"	2	554	486	1059	353	706	1059	636	380	1016	1	1
"ME"	2008	"OXF"	"OXFORD"	2	1156	995	2200	721	1495	2217	1375	747	2122	1	1
"ME"	2008	"OXF"	"PARIS"	2	1460	1158	2689	984	1740	2725	1705	896	2601	1	1
"ME"	2008	"OXF"	"PERU"	2	543	338	920	369	546	918	606	284	890	1	1
"ME"	2008	"OXF"	"PORTER"	2	393	332	738	232	516	749	482	241	723	1	1
"ME"	2008	"OXF"	"ROXBURY"	2	148	90	248	116	132	248	168	68	236	1	1
"ME"	2008	"OXF"	"RUMFORD"	2	1977	949	3025	1428	1589	3017	2194	759	2953	1	1
"ME"	2008	"OXF"	"STONEHAM"	2	101	77	180	58	119	177	122	46	168	1	1
"ME"	2008	"OXF"	"STOW"	2	125	75	205	79	121	200	128	64	192	1	1
"ME"	2008	"OXF"	"SUMNER"	2	260	230	503	181	317	498	278	204	482	1	1
"ME"	2008	"OXF"	"SWEDEN"	2	116	102	225	75	147	222	131	77	208	1	1
"ME"	2008	"OXF"	"UPTON"	2	25	42	68	16	50	66	28	33	61	1	1
"ME"	2008	"OXF"	"WATERFORD"	2	500	405	925	314	616	930	582	294	876	1	1
"ME"	2008	"OXF"	"WEST PARIS"	2	508	381	908	309	593	903	570	280	850	1	1
"ME"	2008	"OXF"	"WOODSTOCK"	2	390	370	779	240	512	752	517	283	800	1	1
"ME"	2008	"PEN"	"ALTON"	2	257	225	491	143	347	491	337	140	477	1	1
"ME"	2008	"PEN"	"BANGOR"	2	4820	2886	7809	3264	4682	7949	5612	2018	7630	0	0
"ME"	2008	"PEN"	"BANGOR"	2	1103	680	1819	682	1115	1797	1196	516	1712	1	1
"ME"	2008	"PEN"	"BANGOR"	2	1146	823	2009	736	1265	2003	1345	569	1914	2	1
"ME"	2008	"PEN"	"BANGOR"	2	1297	1020	2356	754	1555	2312	1466	732	2198	3	1
"ME"	2008	"PEN"	"BANGOR"	2	1040	849	1923	644	1253	1900	1263	561	1824	4	1
"ME"	2008	"PEN"	"BRADFORD"	2	262	340	614	191	421	612	365	229	594	1	1
"ME"	2008	"PEN"	"BRADLEY"	2	468	319	798	297	507	804	559	172	731	1	1
"ME"	2008	"PEN"	"BREWER"	2	2446	2600	5129	1451	3624	5075	3245	1722	4967	1	1
"ME"	2008	"PEN"	"BURLINGTON"	2	72	106	181	48	134	182	102	75	177	1	1
"ME"	2008	"PEN"	"CARMEL"	2	619	783	1445	381	1042	1423	891	507	1398	1	1
"ME"	2008	"PEN"	"CARROLL PLT."	2	17	51	68	17	52	69	39	32	71	1	1
"ME"	2008	"PEN"	"CHARLESTON"	2	215	448	674	164	501	665	320	338	658	1	1
"ME"	2008	"PEN"	"CHESTER"	2	112	175	297	75	226	301	170	122	292	1	1
"ME"	2008	"PEN"	"CHESTER"	2	11	21	32	5	27	32	19	14	33	1	2
"ME"	2008	"PEN"	"CLIFTON"	2	212	206	436	133	300	433	282	144	426	1	1
"ME"	2008	"PEN"	"CORINNA"	2	446	651	1119	303	834	1137	614	472	1086	1	1
"ME"	2008	"PEN"	"CORINTH"	2	568	877	1464	353	1115	1471	876	538	1414	1	1
"ME"	2008	"PEN"	"DEXTER"	2	929	854	1818	577	1262	1839	1069	701	1770	1	1
"ME"	2008	"PEN"	"DIXMONT"	2	312	361	687	196	485	685	413	261	674	1	1
"ME"	2008	"PEN"	"DREW PLT."	2	6	16	23	8	15	23	9	12	21	1	1
"ME"	2008	"PEN"	"EAST MILLINOCKET"	2	550	433	999	389	624	1013	842	167	1009	1	1
"ME"	2008	"PEN"	"EDDINGTON"	2	580	661	1258	370	876	1246	740	462	1202	1	1
"ME"	2008	"PEN"	"EDINBURG"	2	37	33	73	20	52	72	54	15	69	1	1
"ME"	2008	"PEN"	"EDINBURG"	2	44	47	91	30	64	94	61	29	90	1	2
"ME"	2008	"PEN"	"ENFIELD"	2	369	427	810	229	591	820	510	288	798	1	1
"ME"	2008	"PEN"	"ETNA"	2	253	313	580	184	397	581	339	206	545	1	1
"ME"	2008	"PEN"	"EXETER"	2	244	305	556	144	407	551	303	229	532	1	1
"ME"	2008	"PEN"	"GARLAND"	2	248	330	588	165	413	578	296	268	564	1	1
"ME"	2008	"PEN"	"GLENBURN"	2	1177	1270	2492	698	1778	2476	1575	871	2446	1	1
"ME"	2008	"PEN"	"GREENBUSH"	2	302	356	669	227	444	671	402	245	647	1	1
"ME"	2008	"PEN"	"HAMPDEN"	2	2159	2152	4372	1324	3011	4335	2679	1505	4184	1	1
"ME"	2008	"PEN"	"HERMON"	2	1252	1658	2947	777	2192	2969	1780	1099	2879	1	1
"ME"	2008	"PEN"	"HOLDEN"	2	890	1042	1968	548	1418	1966	1174	726	1900	1	1
"ME"	2008	"PEN"	"HOWLAND"	2	345	317	675	225	456	681	465	201	666	1	1
"ME"	2008	"PEN"	"HUDSON"	2	293	428	736	203	520	723	435	259	694	1	1
"ME"	2008	"PEN"	"INDIAN PURCHASE TWP."	2	88	88	179	58	122	180	130	43	173	1	1
"ME"	2008	"PEN"	"KENDUSKEAG"	2	281	347	648	185	456	641	416	211	627	1	1
"ME"	2008	"PEN"	"KINGMAN TWP."	2	32	57	91	17	71	88	45	41	86	1	1
"ME"	2008	"PEN"	"LAGRANGE"	2	132	172	316	91	232	325	190	123	313	1	1
"ME"	2008	"PEN"	"LAKEVILLE"	2	40	42	84	22	63	85	62	22	84	1	1
"ME"	2008	"PEN"	"LEE"	2	199	272	484	106	378	484	280	185	465	1	1
"ME"	2008	"PEN"	"LEVANT"	2	552	832	1402	345	1056	1403	827	517	1344	1	1
"ME"	2008	"PEN"	"LINCOLN"	2	1067	1332	2451	676	1792	2470	1513	900	2413	1	1
"ME"	2008	"PEN"	"LOWELL"	2	82	129	214	58	150	208	115	91	206	1	1
"ME"	2008	"PEN"	"MATTAWAMKEAG"	2	190	181	384	118	266	384	263	111	374	1	1
"ME"	2008	"PEN"	"MAXFIELD"	2	28	35	64	20	44	64	41	19	60	1	1
"ME"	2008	"PEN"	"MEDWAY"	2	288	423	724	198	540	738	527	200	727	1	1
"ME"	2008	"PEN"	"MILFORD"	2	882	577	1480	529	955	1484	1085	331	1416	1	1
"ME"	2008	"PEN"	"MILFORD"	2	32	76	108	24	85	109	54	49	103	1	2
"ME"	2008	"PEN"	"MILLINOCKET"	2	1487	1086	2630	977	1634	2611	2096	532	2628	1	1
"ME"	2008	"PEN"	"MOUNT CHASE"	2	40	81	122	13	109	122	73	49	122	1	1
"ME"	2008	"PEN"	"NEWBURGH"	2	425	441	876	288	592	880	531	319	850	1	1
"ME"	2008	"PEN"	"NEWPORT"	2	688	936	1652	447	1183	1631	922	664	1586	1	1
"ME"	2008	"PEN"	"OLD TOWN"	2	988	495	1510	648	840	1490	344	52	396	1	1
"ME"	2008	"PEN"	"OLD TOWN"	2	783	563	1362	495	861	1356	939	379	1318	2	1
"ME"	2008	"PEN"	"OLD TOWN"	2	725	338	1078	457	605	1062	823	226	1049	3	1
"ME"	2008	"PEN"	"OLD TOWN"	2	190	68	263	109	147	256	210	45	255	4	1
"ME"	2008	"PEN"	"ORONO"	2	1576	389	1985	1105	834	1940	1502	353	1855	0	0
"ME"	2008	"PEN"	"ORONO"	2	1059	387	1471	680	758	1441	1014	337	1351	1	1
"ME"	2008	"PEN"	"ORONO"	2	957	309	1295	589	668	1257	868	282	1150	1	2
"ME"	2008	"PEN"	"ORONO"	2	530	205	747	351	391	744	560	149	709	1	3
"ME"	2008	"PEN"	"ORONO"	2	122	126	251	70	176	246	148	96	244	2	1
"ME"	2008	"PEN"	"ORRINGTON"	2	1012	1252	2283	584	1645	2229	1346	894	2240	1	1
"ME"	2008	"PEN"	"PASSADUMKEAG"	2	74	141	220	60	160	220	135	75	210	1	1
"ME"	2008	"PEN"	"PATTEN"	2	229	312	546	104	429	533	380	145	525	1	1
"ME"	2008	"PEN"	"PENOB. NAT. VOTING DIS."	2	218	34	262	171	89	260	228	23	251	1	1
"ME"	2008	"PEN"	"PLYMOUTH"	2	290	359	662	206	446	652	400	269	669	1	1
"ME"	2008	"PEN"	"PRENTISS TWP."	2	24	44	72	20	53	73	37	32	69	1	1
"ME"	2008	"PEN"	"SEBOEIS PLT."	2	15	14	30	9	22	31	23	8	31	1	1
"ME"	2008	"PEN"	"SPRINGFIELD"	2	62	112	178	54	131	185	121	63	184	1	1
"ME"	2008	"PEN"	"STACYVILLE"	2	82	113	203	40	160	200	136	63	199	1	1
"ME"	2008	"PEN"	"STETSON"	2	307	380	694	192	512	704	407	264	671	1	1
"ME"	2008	"PEN"	"VEAZIE"	2	595	478	1084	357	715	1072	724	329	1053	1	1
"ME"	2008	"PEN"	"WEBSTER PLT."	2	19	11	33	19	16	35	20	13	33	1	1
"ME"	2008	"PEN"	"WINN"	2	82	119	206	60	144	204	129	76	205	1	1
"ME"	2008	"PEN"	"WOODVILLE"	2	41	76	117	36	84	120	82	39	121	1	1
"ME"	2008	"PIS"	"ABBOT"	2	165	200	382	106	276	382	206	167	373	1	1
"ME"	2008	"PIS"	"ATKINSON"	2	81	105	193	63	126	189	97	86	183	1	1
"ME"	2008	"PIS"	"BEAVER COVE"	2	47	61	109	21	88	109	56	49	105	1	1
"ME"	2008	"PIS"	"BOWERBANK"	2	24	63	89	17	65	82	37	46	83	1	1
"ME"	2008	"PIS"	"BROWNVILLE"	2	343	383	745	235	509	744	481	247	728	1	1
"ME"	2008	"PIS"	"DOVER-FOXCROFT"	2	1080	1095	2220	695	1489	2184	1254	900	2154	1	1
"ME"	2008	"PIS"	"GREENVILLE"	2	565	525	1113	326	780	1106	668	404	1072	1	1
"ME"	2008	"PIS"	"GREENVILLE TWPS."	2	14	17	31	11	20	31	15	16	31	1	1
"ME"	2008	"PIS"	"GUILFORD"	2	351	390	765	235	536	771	430	312	742	1	1
"ME"	2008	"PIS"	"KINGSBURY PLT."	2	3	12	15	1	14	15	8	5	13	1	1
"ME"	2008	"PIS"	"LAKE VIEW PLT."	2	30	30	62	14	48	62	43	17	60	1	1
"ME"	2008	"PIS"	"MEDFORD"	2	41	73	117	28	88	120	64	52	116	1	1
"ME"	2008	"PIS"	"MILO"	2	607	576	1208	397	801	1198	764	406	1170	1	1
"ME"	2008	"PIS"	"MONSON"	2	191	209	413	100	306	406	229	172	401	1	1
"ME"	2008	"PIS"	"MONSON"	2	10	6	17	5	11	16	9	7	16	1	2
"ME"	2008	"PIS"	"PARKMAN"	2	201	226	435	136	296	432	217	199	416	1	1
"ME"	2008	"PIS"	"SANGERVILLE"	2	340	364	719	251	487	738	415	303	718	1	1
"ME"	2008	"PIS"	"SEBEC"	2	153	229	389	113	276	389	187	190	377	1	1
"ME"	2008	"PIS"	"SHIRLEY"	2	42	97	142	33	108	141	66	73	139	1	1
"ME"	2008	"PIS"	"T1 R9 TWP."	2	19	23	45	12	34	46	35	11	46	1	1
"ME"	2008	"PIS"	"WELLINGTON"	2	91	45	137	73	66	139	100	33	133	1	1
"ME"	2008	"PIS"	"WILLIMANTIC"	2	32	56	88	24	70	94	40	49	89	1	1
"ME"	2008	"SAG"	"ARROWSIC"	1	233	103	348	176	170	346	221	124	345	1	1
"ME"	2008	"SAG"	"BATH"	1	3025	1678	4796	2054	2755	4813	2752	1996	4748	1	1
"ME"	2008	"SAG"	"BOWDOIN"	1	796	839	1671	482	1190	1672	740	909	1649	1	1
"ME"	2008	"SAG"	"BOWDOINHAM"	1	1055	703	1804	723	1062	1789	1007	784	1791	1	1
"ME"	2008	"SAG"	"GEORGETOWN"	1	450	288	745	331	427	763	419	329	748	1	1
"ME"	2008	"SAG"	"PHIPPSBURG"	1	758	619	1417	517	883	1401	724	680	1404	1	1
"ME"	2008	"SAG"	"RICHMOND"	1	1032	802	1887	681	1232	1913	986	887	1873	1	1
"ME"	2008	"SAG"	"TOPSHAM"	1	3127	2269	5490	1979	3404	5383	2841	2520	5361	1	1
"ME"	2008	"SAG"	"WEST BATH"	1	658	547	1222	415	788	1205	626	586	1212	1	1
"ME"	2008	"SAG"	"WOOLWICH"	1	1018	873	1921	635	1255	1890	909	970	1879	1	1
"ME"	2008	"SOM"	"ANSON"	2	554	547	1128	409	713	1122	688	410	1098	1	1
"ME"	2008	"SOM"	"ATHENS"	2	236	204	449	158	285	443	258	166	424	1	1
"ME"	2008	"SOM"	"BINGHAM"	2	277	217	506	180	343	523	337	164	501	1	1
"ME"	2008	"SOM"	"BRIGHTON PLT."	2	26	18	45	20	24	44	27	15	42	1	1
"ME"	2008	"SOM"	"CAMBRIDGE"	2	95	166	267	61	202	263	129	130	259	1	1
"ME"	2008	"SOM"	"CANAAN"	2	569	463	1057	412	643	1055	702	325	1027	1	1
"ME"	2008	"SOM"	"CARATUNK"	2	25	40	65	10	56	66	35	25	60	1	1
"ME"	2008	"SOM"	"CORNVILLE"	2	324	350	682	216	457	673	369	278	647	1	1
"ME"	2008	"SOM"	"DENNISTOWN PLT."	2	6	15	21	7	16	23	11	12	23	1	1
"ME"	2008	"SOM"	"DETROIT"	2	223	171	404	155	248	403	257	113	370	1	1
"ME"	2008	"SOM"	"EMBDEN"	2	221	254	489	156	338	494	283	193	476	1	1
"ME"	2008	"SOM"	"FAIRFIELD"	2	1907	1394	3387	1308	2054	3362	2262	1043	3305	1	1
"ME"	2008	"SOM"	"HARMONY"	2	225	207	439	169	273	442	242	182	424	1	1
"ME"	2008	"SOM"	"HARTLAND"	2	328	527	874	234	656	890	467	396	863	1	1
"ME"	2008	"SOM"	"HIGHLAND PLT."	2	55	69	128	37	89	128	60	64	124	1	1
"ME"	2008	"SOM"	"JACKMAN"	2	252	274	532	138	383	521	170	167	337	1	1
"ME"	2008	"SOM"	"MADISON"	2	1173	961	2180	858	1374	2232	1454	738	2192	1	1
"ME"	2008	"SOM"	"MERCER"	2	200	163	372	129	238	367	200	150	350	1	1
"ME"	2008	"SOM"	"MOOSE RIVER"	2	38	77	115	21	92	113	66	42	108	1	1
"ME"	2008	"SOM"	"MOSCOW"	2	129	111	242	82	157	239	165	61	226	1	1
"ME"	2008	"SOM"	"NEW PORTLAND"	2	236	213	455	142	303	445	236	201	437	1	1
"ME"	2008	"SOM"	"NORRIDGEWOCK"	2	851	741	1632	560	1092	1652	966	622	1588	1	1
"ME"	2008	"SOM"	"PALMYRA"	2	435	617	1095	310	743	1053	645	437	1082	1	1
"ME"	2008	"SOM"	"PITTSFIELD"	2	959	958	1949	610	1338	1948	1144	702	1846	1	1
"ME"	2008	"SOM"	"PLEASANT RIDGE PLT."	2	30	19	49	14	35	49	37	10	47	1	1
"ME"	2008	"SOM"	"RIPLEY"	2	132	125	262	76	182	258	128	117	245	1	1
"ME"	2008	"SOM"	"ROCKWOOD TWP."	2	72	140	215	49	165	214	108	101	209	1	1
"ME"	2008	"SOM"	"SKOWHEGAN"	2	2480	1572	4117	1695	2441	4136	2740	1248	3988	1	1
"ME"	2008	"SOM"	"SMITHFIELD"	2	326	237	579	206	377	583	352	212	564	1	1
"ME"	2008	"SOM"	"SOLON"	2	304	245	567	214	344	558	356	187	543	1	1
"ME"	2008	"SOM"	"SOLON"	2	0	3	3	1	2	3	2	1	3	1	2
"ME"	2008	"SOM"	"ST. ALBANS"	2	435	589	1051	311	723	1034	532	481	1013	1	1
"ME"	2008	"SOM"	"STARKS"	2	174	135	319	125	185	311	178	129	307	1	1
"ME"	2008	"SOM"	"THE FORKS PLT."	2	25	22	47	14	34	48	26	21	47	1	1
"ME"	2008	"SOM"	"WEST FORKS PLT."	2	13	23	36	8	30	38	24	13	37	1	1
"ME"	2008	"WAL"	"BELFAST"	2	1132	447	1603	844	713	1557	1196	322	1518	0	0
"ME"	2008	"WAL"	"BELFAST"	2	440	300	760	313	432	745	491	228	719	1	1
"ME"	2008	"WAL"	"BELFAST"	2	568	355	945	376	551	927	667	234	901	2	1
"ME"	2008	"WAL"	"BELFAST"	2	235	237	490	160	328	488	303	159	462	3	1
"ME"	2008	"WAL"	"BELMONT"	2	244	222	476	156	326	482	313	151	464	1	1
"ME"	2008	"WAL"	"BROOKS"	2	270	257	540	175	359	534	328	191	519	1	1
"ME"	2008	"WAL"	"BURNHAM"	2	312	269	596	221	385	606	387	198	585	1	1
"ME"	2008	"WAL"	"FRANKFORT"	2	274	285	567	166	398	564	343	202	545	1	1
"ME"	2008	"WAL"	"FREEDOM"	2	231	157	396	183	221	404	278	102	380	1	1
"ME"	2008	"WAL"	"ISLESBORO"	2	308	131	447	207	235	442	313	114	427	1	1
"ME"	2008	"WAL"	"JACKSON"	2	165	121	294	126	165	291	195	79	274	1	1
"ME"	2008	"WAL"	"KNOX"	2	169	239	417	131	281	412	245	142	387	1	1
"ME"	2008	"WAL"	"LIBERTY"	2	244	236	494	183	318	502	300	178	478	1	1
"ME"	2008	"WAL"	"LINCOLNVILLE"	2	912	531	1475	649	809	1462	1004	416	1420	1	1
"ME"	2008	"WAL"	"MONROE"	2	289	240	542	220	306	526	353	166	519	1	1
"ME"	2008	"WAL"	"MONTVILLE"	2	360	199	576	261	301	562	391	147	538	1	1
"ME"	2008	"WAL"	"MORRILL"	2	201	275	489	135	351	486	281	181	462	1	1
"ME"	2008	"WAL"	"NORTHPORT"	2	493	391	900	309	603	916	559	320	879	1	1
"ME"	2008	"WAL"	"PALERMO"	2	388	425	821	248	564	812	502	283	785	1	1
"ME"	2008	"WAL"	"PROSPECT"	2	196	160	366	121	249	372	242	118	360	1	1
"ME"	2008	"WAL"	"SEARSMONT"	2	443	321	781	301	469	772	508	229	737	1	1
"ME"	2008	"WAL"	"SEARSPORT"	2	788	680	1497	540	938	1483	943	504	1447	1	1
"ME"	2008	"WAL"	"STOCKTON SPRINGS"	2	577	408	1000	380	600	980	681	277	958	1	1
"ME"	2008	"WAL"	"SWANVILLE"	2	368	344	721	271	446	717	444	238	682	1	1
"ME"	2008	"WAL"	"THORNDIKE"	2	249	182	445	160	280	440	280	132	412	1	1
"ME"	2008	"WAL"	"TROY"	2	298	261	570	206	356	565	355	186	541	1	1
"ME"	2008	"WAL"	"UNITY"	2	483	481	995	353	626	982	601	344	945	1	1
"ME"	2008	"WAL"	"WALDO"	2	231	204	445	140	298	440	298	130	428	1	1
"ME"	2008	"WAL"	"WINTERPORT"	2	1099	1065	2202	753	1439	2192	1370	769	2139	1	1
"ME"	2008	"WAS"	"ADDISON"	2	265	335	610	190	433	623	357	233	590	1	1
"ME"	2008	"WAS"	"ALEXANDER"	2	125	153	287	83	211	294	165	111	276	1	1
"ME"	2008	"WAS"	"BAILEYVILLE"	2	390	312	721	264	459	723	499	199	698	1	1
"ME"	2008	"WAS"	"BARING PLT."	2	56	57	118	40	79	119	74	37	111	1	1
"ME"	2008	"WAS"	"BEALS"	2	126	131	258	105	150	255	168	70	238	1	1
"ME"	2008	"WAS"	"BEDDINGTON"	2	13	19	34	9	25	34	17	15	32	1	1
"ME"	2008	"WAS"	"BROOKTON TWP."	2	24	88	112	21	90	111	53	52	105	1	1
"ME"	2008	"WAS"	"CALAIS"	2	802	748	1582	476	1104	1580	1016	505	1521	1	1
"ME"	2008	"WAS"	"CENTERVILLE TWP."	2	8	12	20	6	14	20	13	7	20	1	1
"ME"	2008	"WAS"	"CENTERVILLE TWP."	2	0	2	2	1	1	2	1	1	2	1	2
"ME"	2008	"WAS"	"CHARLOTTE"	2	63	106	177	40	142	182	101	76	177	1	1
"ME"	2008	"WAS"	"CHERRYFIELD"	2	290	282	606	199	397	596	379	188	567	1	1
"ME"	2008	"WAS"	"COLUMBIA"	2	73	121	198	51	159	210	101	96	197	1	1
"ME"	2008	"WAS"	"COLUMBIA FALLS"	2	119	186	310	90	216	306	177	117	294	1	1
"ME"	2008	"WAS"	"COOPER"	2	63	58	123	42	80	122	72	44	116	1	1
"ME"	2008	"WAS"	"CRAWFORD"	2	21	48	71	15	56	71	41	27	68	1	1
"ME"	2008	"WAS"	"CUTLER"	2	113	162	280	77	197	274	148	108	256	1	1
"ME"	2008	"WAS"	"DANFORTH"	2	114	171	287	69	218	287	176	93	269	1	1
"ME"	2008	"WAS"	"DEBLOIS"	2	12	18	31	11	21	32	17	14	31	1	1
"ME"	2008	"WAS"	"DENNYSVILLE"	2	77	85	166	46	118	164	105	58	163	1	1
"ME"	2008	"WAS"	"EAST MACHIAS"	2	320	396	728	221	493	714	435	239	674	1	1
"ME"	2008	"WAS"	"EASTPORT"	2	495	345	853	357	513	871	619	217	836	1	1
"ME"	2008	"WAS"	"EDMUNDS TWP."	2	73	76	156	55	110	165	106	49	155	1	1
"ME"	2008	"WAS"	"GRAND LAKE STREAM PLT."	2	34	55	91	16	76	92	53	34	87	1	1
"ME"	2008	"WAS"	"HARRINGTON"	2	203	250	459	139	318	457	278	161	439	1	1
"ME"	2008	"WAS"	"INDIAN TOWNSHIP"	2	231	31	265	127	133	260	210	18	228	1	1
"ME"	2008	"WAS"	"JONESBORO"	2	125	144	276	100	212	313	200	100	300	1	1
"ME"	2008	"WAS"	"JONESPORT"	2	331	326	668	231	449	680	407	234	641	1	1
"ME"	2008	"WAS"	"LUBEC"	2	488	320	818	283	506	789	558	260	818	1	1
"ME"	2008	"WAS"	"MACHIAS"	2	546	502	1067	347	718	1067	672	330	1002	1	1
"ME"	2008	"WAS"	"MACHIASPORT"	2	260	260	522	185	337	522	350	146	496	1	1
"ME"	2008	"WAS"	"MARSHFIELD"	2	120	170	295	64	229	293	183	98	281	1	1
"ME"	2008	"WAS"	"MEDDYBEMPS"	2	42	56	100	22	79	101	57	31	88	1	1
"ME"	2008	"WAS"	"MILBRIDGE"	2	362	284	661	228	429	657	413	220	633	1	1
"ME"	2008	"WAS"	"NO. 14 TWP."	2	5	7	12	3	9	12	4	6	10	1	1
"ME"	2008	"WAS"	"NO. 27 TWP."	2	8	12	20	5	16	21	9	11	20	1	1
"ME"	2008	"WAS"	"NORTHFIELD"	2	45	50	96	27	70	97	66	27	93	1	1
"ME"	2008	"WAS"	"PEMBROKE"	2	231	213	450	182	284	466	295	145	440	1	1
"ME"	2008	"WAS"	"PERRY"	2	243	237	488	160	344	504	308	172	480	1	1
"ME"	2008	"WAS"	"PLEASANT PT. VOTING DIS."	2	208	37	250	132	123	255	211	25	236	1	1
"ME"	2008	"WAS"	"PRINCETON"	2	202	267	480	138	344	482	296	196	492	1	1
"ME"	2008	"WAS"	"ROBBINSTON"	2	166	149	318	104	218	322	197	110	307	1	1
"ME"	2008	"WAS"	"ROQUE BLUFFS"	2	102	60	167	64	103	167	109	53	162	1	1
"ME"	2008	"WAS"	"STEUBEN"	2	281	281	574	205	368	573	345	189	534	1	1
"ME"	2008	"WAS"	"TALMADGE"	2	10	18	29	5	23	28	17	12	29	1	1
"ME"	2008	"WAS"	"TOPSFIELD"	2	42	85	130	35	93	128	60	58	118	1	1
"ME"	2008	"WAS"	"VANCEBORO"	2	47	59	107	39	67	106	75	25	100	1	1
"ME"	2008	"WAS"	"WAITE"	2	24	32	57	17	41	58	39	19	58	1	1
"ME"	2008	"WAS"	"WESLEY"	2	31	39	73	20	54	74	45	26	71	1	1
"ME"	2008	"WAS"	"WHITING"	2	178	162	349	136	208	346	212	118	330	1	1
"ME"	2008	"WAS"	"WHITNEYVILLE"	2	39	60	102	25	78	103	57	43	100	1	1
"ME"	2008	"YOR"	"ACTON"	1	674	619	1318	456	871	1327	589	688	1277	1	1
"ME"	2008	"YOR"	"ALFRED"	1	958	722	1726	587	1124	1712	807	858	1665	1	1
"ME"	2008	"YOR"	"ARUNDEL"	1	1316	873	2236	845	1367	2215	1135	1052	2187	1	1
"ME"	2008	"YOR"	"BERWICK"	1	1931	1719	3706	1251	2329	3582	1698	1788	3486	1	1
"ME"	2008	"YOR"	"BIDDEFORD"	1	866	461	1357	573	766	1339	718	607	1325	1	1
"ME"	2008	"YOR"	"BIDDEFORD"	1	930	393	1352	622	696	1318	810	514	1324	2	1
"ME"	2008	"YOR"	"BIDDEFORD"	1	1272	536	1838	781	1038	1821	1040	769	1809	3	1
"ME"	2008	"YOR"	"BIDDEFORD"	1	985	337	1348	706	634	1340	868	463	1331	4	1
"ME"	2008	"YOR"	"BIDDEFORD"	1	987	353	1380	730	645	1375	886	479	1365	5	1
"ME"	2008	"YOR"	"BIDDEFORD"	1	965	431	1430	615	797	1412	777	625	1402	6	1
"ME"	2008	"YOR"	"BIDDEFORD"	1	835	392	1254	611	632	1243	729	506	1235	7	1
"ME"	2008	"YOR"	"BUXTON"	1	2432	2008	4534	1546	2952	4501	2005	2362	4367	1	1
"ME"	2008	"YOR"	"CORNISH"	1	434	332	786	275	516	792	404	354	758	1	1
"ME"	2008	"YOR"	"DAYTON"	1	608	502	1126	362	752	1114	490	614	1104	1	1
"ME"	2008	"YOR"	"ELIOT"	1	2276	1594	3919	1495	2324	3824	1964	1787	3751	1	1
"ME"	2008	"YOR"	"HOLLIS"	1	1326	1019	2396	873	1553	2426	1125	1231	2356	1	1
"ME"	2008	"YOR"	"KENNEBUNK"	1	4237	2685	7019	2659	4217	6879	3600	3257	6857	1	1
"ME"	2008	"YOR"	"KENNEBUNKPORT"	1	1479	1024	2532	917	1548	2472	1257	1220	2477	1	1
"ME"	2008	"YOR"	"KITTERY"	1	3511	1811	5386	2332	2724	5060	3191	1897	5088	1	1
"ME"	2008	"YOR"	"LEBANON"	1	1402	1426	2889	897	1927	2825	1299	1462	2761	1	1
"ME"	2008	"YOR"	"LIMERICK"	1	832	648	1504	535	979	1514	756	722	1478	1	1
"ME"	2008	"YOR"	"LIMINGTON"	1	971	861	1879	578	1032	1610	786	1032	1818	1	1
"ME"	2008	"YOR"	"LYMAN"	1	1254	982	2272	782	1517	2299	1038	1216	2254	1	1
"ME"	2008	"YOR"	"NEWFIELD"	1	377	353	747	254	516	770	344	397	741	1	1
"ME"	2008	"YOR"	"NORTH BERWICK"	1	1330	1206	2589	810	1740	2550	1226	1256	2482	1	1
"ME"	2008	"YOR"	"OGUNQUIT"	1	608	299	921	405	481	891	561	340	901	1	1
"ME"	2008	"YOR"	"OLD ORCHARD BEACH"	1	3384	1817	5306	2391	2826	5225	2840	2384	5224	1	1
"ME"	2008	"YOR"	"PARSONSFIELD"	1	256	196	461	191	272	463	248	206	454	1	1
"ME"	2008	"YOR"	"PARSONSFIELD"	1	254	188	455	197	264	461	242	206	448	2	1
"ME"	2008	"YOR"	"SACO"	1	1911	760	2712	1380	1264	2644	1609	1063	2672	0	0
"ME"	2008	"YOR"	"SACO"	1	773	485	1271	477	777	1254	635	621	1256	1	1
"ME"	2008	"YOR"	"SACO"	1	713	498	1229	428	798	1226	553	658	1211	2	1
"ME"	2008	"YOR"	"SACO"	1	578	337	932	354	563	917	464	454	918	3	1
"ME"	2008	"YOR"	"SACO"	1	585	424	1018	370	627	997	424	569	993	4	1
"ME"	2008	"YOR"	"SACO"	1	682	353	1061	446	597	1043	560	493	1053	5	1
"ME"	2008	"YOR"	"SACO"	1	637	288	942	447	485	932	534	392	926	6	1
"ME"	2008	"YOR"	"SACO"	1	578	229	833	393	426	819	500	317	817	7	1
"ME"	2008	"YOR"	"SANFORD"	1	924	543	1505	596	876	1472	793	666	1459	1	1
"ME"	2008	"YOR"	"SANFORD"	1	781	388	1194	532	645	1177	683	466	1149	2	1
"ME"	2008	"YOR"	"SANFORD"	1	878	545	1453	570	846	1416	724	649	1373	3	1
"ME"	2008	"YOR"	"SANFORD"	1	986	628	1653	593	1020	1613	768	808	1576	4	1
"ME"	2008	"YOR"	"SANFORD"	1	797	630	1460	532	905	1437	686	711	1397	5	1
"ME"	2008	"YOR"	"SANFORD"	1	760	424	1207	511	673	1184	684	479	1163	6	1
"ME"	2008	"YOR"	"SANFORD"	1	827	449	1309	535	747	1282	718	542	1260	7	1
"ME"	2008	"YOR"	"SHAPLEIGH"	1	827	645	1512	558	959	1523	709	746	1455	1	1
"ME"	2008	"YOR"	"SOUTH BERWICK"	1	2416	1608	4085	1576	2400	3976	2140	1764	3904	1	1
"ME"	2008	"YOR"	"WATERBORO"	1	1996	1578	3651	1221	2450	3671	1700	1846	3546	1	1
"ME"	2008	"YOR"	"WELLS"	1	3353	2476	5931	1982	3836	5826	2989	2776	5765	1	1
"ME"	2008	"YOR"	"YORK"	1	5107	3314	8537	3390	4935	8337	4639	3517	8156	1	1
