state	year	county	precinct	g2008_USP_dv	g2008_USP_rv	g2008_USP_tv	g2008_USS_dv	g2008_USS_rv	g2008_USS_tv	g2008_USH_dv	g2008_USH_rv	g2008_USH_tv	g2008_GOV_dv	g2008_GOV_rv	g2008_GOV_tv	g2008_STS_dv	g2008_STS_rv	g2008_STS_tv	g2008_STH_dv	g2008_STH_rv	g2008_STH_tv	cd	ld	sd
"MT"	2008	"Beaverhead"	"1"	254	234	488	366	127	493	177	297	474	340	147	487	222	259	481	191	292	483	1	72	36
"MT"	2008	"Beaverhead"	"2"	171	428	599	374	225	599	96	493	589	286	311	597	159	438	597	119	481	600	1	72	36
"MT"	2008	"Beaverhead"	"3"	179	424	603	360	234	594	109	490	599	264	331	595	135	456	591	113	483	596	1	72	36
"MT"	2008	"Beaverhead"	"4"	49	140	189	103	85	188	34	150	184	92	90	182	47	142	189	20	167	187	1	72	36
"MT"	2008	"Beaverhead"	"5"	13	98	111	50	63	113	7	104	111	35	73	108	12	101	113	9	106	115	1	72	36
"MT"	2008	"Beaverhead"	"6"	217	287	504	374	137	511	123	376	499	321	186	507	184	323	507	125	378	503	1	72	36
"MT"	2008	"Beaverhead"	"7"	70	202	272	179	97	276	46	230	276	132	138	270	86	195	281	54	223	277	1	72	36
"MT"	2008	"Beaverhead"	"8"	16	59	75	36	37	73	12	60	72	26	44	70	12	59	71	8	63	71	1	72	36
"MT"	2008	"Beaverhead"	"9"	120	271	391	269	133	402	79	317	396	211	190	401	131	268	399	92	304	396	1	72	36
"MT"	2008	"Beaverhead"	"12"	252	274	526	410	115	525	132	384	516	351	177	528	193	318	511	152	365	517	1	72	36
"MT"	2008	"Beaverhead"	"14"	160	193	353	380	87	467	115	232	347	254	105	359	164	194	358	139	218	357	1	72	36
"MT"	2008	"Beaverhead"	"17"	18	63	81	51	34	85	13	69	82	29	56	85	18	66	84	18	63	81	1	72	36
"MT"	2008	"Beaverhead"	"19"	20	75	95	50	32	82	13	80	93	37	58	95	19	74	93	21	70	91	1	72	36
"MT"	2008	"Beaverhead"	"20"	9	72	81	48	35	83	4	76	80	21	61	82	6	76	82	10	71	81	1	72	36
"MT"	2008	"Beaverhead"	"21"	30	105	135	92	46	138	15	123	138	62	72	134	25	112	137	22	112	134	1	72	36
"MT"	2008	"Beaverhead"	"23"	39	83	122	91	31	122	34	89	123	73	50	123	49	69	118	31	89	120	1	72	36
"MT"	2008	"Big Horn"	"3E"	9	39	48	27	20	47	5	41	46	13	32	45	6	37	43	5	34	39	1	41	21
"MT"	2008	"Big Horn"	"4E"	30	56	86	58	28	86	16	71	87	42	45	87	23	64	87	29	50	79	1	41	21
"MT"	2008	"Big Horn"	"5"	231	53	284	255	29	284	205	70	275	234	45	279	226	55	281	221	56	277	1	41	21
"MT"	2008	"Big Horn"	"6"	15	62	77	44	34	78	4	72	76	21	56	77	10	64	74	5	67	72	1	41	21
"MT"	2008	"Big Horn"	"10"	8	48	56	25	31	56	8	48	56	12	43	55	10	44	54	4	49	53	1	41	21
"MT"	2008	"Big Horn"	"14"	190	55	245	213	38	251	175	68	243	212	37	249	192	58	250	193	59	252	1	41	21
"MT"	2008	"Big Horn"	"19"	232	219	451	345	109	454	141	302	443	257	195	452	164	295	459	182	243	425	1	41	21
"MT"	2008	"Big Horn"	"25"	48	17	65	55	15	70	44	24	68	51	14	65	45	22	67	46	21	67	1	41	21
"MT"	2008	"Big Horn"	"26"	274	65	339	308	34	342	226	109	335	299	49	348	284	60	344	264	76	340	1	41	21
"MT"	2008	"Big Horn"	"1"	97	111	208	157	51	208	64	143	207	100	97	197	77	129	206	82	119	201	1	42	21
"MT"	2008	"Big Horn"	"2"	71	72	143	90	53	143	53	85	138	91	49	140	73	69	142	69	78	147	1	42	21
"MT"	2008	"Big Horn"	"3"	17	61	78	44	36	80	9	71	80	26	49	75	14	63	77	10	64	74	1	42	21
"MT"	2008	"Big Horn"	"4"	30	98	128	85	40	125	16	112	128	29	96	125	11	114	125	24	99	123	1	42	21
"MT"	2008	"Big Horn"	"7"	865	73	938	900	53	953	742	179	921	869	70	939	834	108	942	828	118	946	1	42	21
"MT"	2008	"Big Horn"	"8"	88	60	148	118	29	147	64	82	146	98	50	148	78	67	145	83	60	143	1	42	21
"MT"	2008	"Big Horn"	"9"	202	19	221	211	18	229	174	44	218	204	22	226	196	30	226	197	32	229	1	42	21
"MT"	2008	"Big Horn"	"15"	312	72	384	346	41	387	248	128	376	336	49	385	314	61	375	315	67	382	1	42	21
"MT"	2008	"Big Horn"	"17"	220	188	408	334	74	408	144	264	408	252	151	403	151	255	406	189	212	401	1	42	21
"MT"	2008	"Big Horn"	"18"	157	179	336	235	101	336	98	229	327	158	174	332	99	232	331	121	206	327	1	42	21
"MT"	2008	"Big Horn"	"21"	420	81	501	450	54	504	360	123	483	420	77	497	395	108	503	403	105	508	1	42	21
"MT"	2008	"Blaine"	"3"	380	38	418	414	11	425	317	94	411	408	9	417	365		365	370		370	1	32	16
"MT"	2008	"Blaine"	"9"	142	5	147	143	5	148	118	27	145	144	4	148	143		143	140		140	1	32	16
"MT"	2008	"Blaine"	"10"	108	231	339	228	122	350	63	285	348	216	129	345	171		171	186		186	1	32	16
"MT"	2008	"Blaine"	"15"	363	24	387	378	8	386	276	103	379	376	9	385	367		367	368		368	1	32	16
"MT"	2008	"Blaine"	"17"	9	81	90	43	49	92	5	89	94	39	53	92	36		36	47		47	1	32	16
"MT"	2008	"Blaine"	"20"	87	14	101	101	2	103	65	39	104	99	4	103	97		97	92		92	1	32	16
"MT"	2008	"Blaine"	"1"	58	129	187	143	46	189	11	179	190	116	72	188				36	162	198	1	34	17
"MT"	2008	"Blaine"	"8"	265	185	450	384	78	462	166	286	452	358	96	454				210	253	463	1	34	17
"MT"	2008	"Blaine"	"11"	263	365	628	483	161	644	134	503	637	427	214	641				198	452	650	1	34	17
"MT"	2008	"Blaine"	"13"	27	67	94	62	30	92	13	81	94	59	32	91				23	70	93	1	34	17
"MT"	2008	"Broadwater"	"1"	93	149	242	151	99	250	63	176	239	145	103	248		187	187	98	139	237	1	68	34
"MT"	2008	"Broadwater"	"7"	78	96	174	124	53	177	52	123	175	115	64	179		125	125	87	89	176	1	68	34
"MT"	2008	"Broadwater"	"12"	82	205	287	146	58	204	57	144	201	135	67	202		145	145	111	85	196	1	68	34
"MT"	2008	"Broadwater"	"13"	50	137	187	102	90	192	38	148	186	88	103	191		155	155	62	122	184	1	68	34
"MT"	2008	"Broadwater"	"11"	62	169	231	127	105	232	40	193	233	117	115	232				85	149	234	1	83	42
"MT"	2008	"Carbon"	"1"	149	280	429	301	134	435	106	324	430	262	165	427				141	268	409	1	57	29
"MT"	2008	"Carbon"	"2"	118	151	269	203	64	267	83	190	273	189	86	275				166	111	277	1	59	30
"MT"	2008	"Carbon"	"3"	100	234	334	213	129	342	69	268	337	176	166	342				133	210	343	1	59	30
"MT"	2008	"Carbon"	"4"	120	180	300	224	90	314	83	228	311	206	108	314				189	134	323	1	59	30
"MT"	2008	"Carbon"	"5"	96	261	357	231	118	349	54	291	345	201	159	360				141	220	361	1	59	30
"MT"	2008	"Carbon"	"6"	127	199	326	254	83	337	65	262	327	226	113	339				159	175	334	1	59	30
"MT"	2008	"Carbon"	"7"	153	276	429	315	128	443	90	340	430	275	165	440				205	240	445	1	59	30
"MT"	2008	"Carbon"	"8"	307	183	490	395	86	481	194	274	468	373	114	487				355	139	494	1	59	30
"MT"	2008	"Carbon"	"9"	277	128	405	345	69	414	201	182	383	339	71	410				306	102	408	1	59	30
"MT"	2008	"Carbon"	"10"	222	151	373	307	65	372	152	199	351	284	93	377				245	132	377	1	59	30
"MT"	2008	"Carbon"	"11"	441	387	828	613	217	830	280	533	813	575	265	840				526	311	837	1	59	30
"MT"	2008	"Carbon"	"12"	56	103	159	122	39	161	36	123	159	91	71	162				66	93	159	1	59	30
"MT"	2008	"Carbon"	"14"	56	117	173	120	52	172	39	132	171	101	74	175				73	100	173	1	59	30
"MT"	2008	"Carbon"	"15"	119	264	383	244	140	384	65	319	384	213	173	386				179	211	390	1	59	30
"MT"	2008	"Carbon"	"16"	78	145	223	148	66	214	49	172	221	117	105	222				102	123	225	1	59	30
"MT"	2008	"Carbon"	"13"	24	49	73	50	22	72	20	54	74	41	33	74				38	38	76	1	60	30
"MT"	2008	"Carter"	"1"	12	90	102	40	65	105	2	103	105	13	88	101					82	82	1	39	20
"MT"	2008	"Carter"	"3"	4	37	41	21	20	41	3	42	45	9	37	46					37	37	1	39	20
"MT"	2008	"Carter"	"13"	60	133	193	154	47	201	31	166	197	111	88	199					123	123	1	39	20
"MT"	2008	"Carter"	"14"	35	313	348	229	125	354	9	346	355	121	230	351					259	259	1	39	20
"MT"	2008	"Cascade"	"18A"	512	608	1120	835	261	1096	273	830	1103	686	406	1092	461	569	1030	381	718	1099	1	18	9
"MT"	2008	"Cascade"	"18B"	700	1050	1750	1256	481	1737	366	1360	1726	1041	680	1721	645	965	1610	521	1196	1717	1	18	9
"MT"	2008	"Cascade"	"18C"	566	799	1365	1018	346	1364	296	1064	1360	874	507	1381	558	722	1280	454	902	1356	1	18	9
"MT"	2008	"Cascade"	"18D"	98	122	220	183	45	228	59	155	214	166	52	218	116	93	209	93	128	221	1	18	9
"MT"	2008	"Cascade"	"18E"	86	101	187	146	46	192	42	150	192	136	56	192	92	92	184	60	129	189	1	18	9
"MT"	2008	"Cascade"	"18F"	107	204	311	219	100	319	60	252	312	196	116	312	129	191	320	99	218	317	1	18	9
"MT"	2008	"Cascade"	"18G"	136	205	341	243	105	348	87	259	346	212	133	345	126	216	342	114	225	339	1	18	9
"MT"	2008	"Cascade"	"19A"	64	108	172	120	57	177	41	132	173	114	63	177	66	107	173	71	105	176	1	19	10
"MT"	2008	"Cascade"	"19B"	318	439	757	565	207	772	179	587	766	511	256	767	326	432	758	299	446	745	1	19	10
"MT"	2008	"Cascade"	"19C"	186	254	440	319	122	441	110	325	435	267	168	435	191	241	432	168	257	425	1	19	10
"MT"	2008	"Cascade"	"19D"	570	529	1099	913	207	1120	343	746	1089	858	254	1112	625	448	1073	587	494	1081	1	19	10
"MT"	2008	"Cascade"	"19E"	331	379	710	537	180	717	177	548	725	511	205	716	340	363	703	298	396	694	1	19	10
"MT"	2008	"Cascade"	"19F"	397	541	938	697	259	956	232	708	940	643	303	946	472	476	948	329	625	954	1	19	10
"MT"	2008	"Cascade"	"19G"	167	257	424	297	139	436	98	332	430	278	153	431	206	223	429	173	262	435	1	19	10
"MT"	2008	"Cascade"	"20A"	670	530	1200	1018	232	1250	388	843	1231	935	321	1256	661	551	1212	671	541	1212	1	20	10
"MT"	2008	"Cascade"	"20B"	634	473	1107	914	209	1123	378	722	1100	888	231	1119	635	451	1086	643	430	1073	1	20	10
"MT"	2008	"Cascade"	"20C"	602	672	1274	988	279	1267	369	886	1255	845	418	1263	580	645	1225	597	621	1218	1	20	10
"MT"	2008	"Cascade"	"21A"	613	305	918	775	174	949	382	538	920	768	169	937				591	285	876	1	18	9
"MT"	2008	"Cascade"	"21B"	863	771	1634	1323	312	1635	485	1146	1631	1195	452	1647				817	797	1614	1	18	9
"MT"	2008	"Cascade"	"21C"	676	667	1343	1078	282	1360	388	958	1346	1002	356	1358				709	609	1318	1	18	9
"MT"	2008	"Cascade"	"22A"	540	245	785	671	136	807	326	430	756	655	136	791				569		569	1	22	11
"MT"	2008	"Cascade"	"22B"	658	513	1171	935	274	1209	392	770	1162	878	307	1185				800		800	1	22	11
"MT"	2008	"Cascade"	"22C"	817	646	1463	1202	272	1474	460	990	1450	1139	329	1468				1048		1048	1	22	11
"MT"	2008	"Cascade"	"23A"	577	313	890	735	173	908	355	514	869	739	165	904				507	376	883	1	23	12
"MT"	2008	"Cascade"	"23B"	660	451	1111	915	220	1135	390	710	1100	862	248	1110				558	549	1107	1	23	12
"MT"	2008	"Cascade"	"23C"	692	517	1209	949	267	1216	377	816	1193	922	289	1211				592	597	1189	1	23	12
"MT"	2008	"Cascade"	"24A"	332	451	783	507	259	766	223	515	738	478	268	746				303	425	728	1	24	12
"MT"	2008	"Cascade"	"24B"	520	471	991	819	208	1027	329	670	999	768	245	1013				524	473	997	1	24	12
"MT"	2008	"Cascade"	"24C"	218	163	381	311	81	392	126	251	377	304	87	391				207	178	385	1	24	12
"MT"	2008	"Cascade"	"25A"	526	505	1031	836	232	1068	293	751	1044	741	305	1046				630	339	969	1	25	13
"MT"	2008	"Cascade"	"25B"	857	716	1573	1346	257	1603	437	1143	1580	1243	354	1597				1100	400	1500	1	25	13
"MT"	2008	"Cascade"	"25C"	780	794	1574	1237	360	1597	392	1167	1559	1152	447	1599				992	480	1472	1	25	13
"MT"	2008	"Cascade"	"25D"	324	379	703	546	163	709	154	527	681	509	191	700				389	252	641	1	25	13
"MT"	2008	"Cascade"	"26A"	532	278	810	702	134	836	302	513	815	694	127	821				624	193	817	1	26	13
"MT"	2008	"Cascade"	"26B"	641	522	1163	993	241	1234	400	796	1196	945	277	1222				863	340	1203	1	26	13
"MT"	2008	"Cascade"	"26C"	158	160	318	268	67	335	91	234	325	239	89	328				181	132	313	1	26	13
"MT"	2008	"Cascade"	"26D"	310	346	656	507	180	687	175	491	666	495	174	669				404	262	666	1	26	13
"MT"	2008	"Cascade"	"26E"	226	373	599	426	191	617	127	481	608	380	231	611				293	298	591	1	26	13
"MT"	2008	"Chouteau"	"1"	156	185	341	269	82	351	74	268	342	261	86	347				190	153	343	1	28	14
"MT"	2008	"Chouteau"	"2"	134	206	340	261	77	338	69	274	343	221	124	345				145	193	338	1	28	14
"MT"	2008	"Chouteau"	"3"	148	159	307	259	60	319	65	244	309	231	78	309				165	140	305	1	28	14
"MT"	2008	"Chouteau"	"4"	57	99	156	104	46	150	27	124	151	101	54	155				53	99	152	1	28	14
"MT"	2008	"Chouteau"	"5"	34	75	109	76	29	105	15	94	109	61	45	106				35	67	102	1	28	14
"MT"	2008	"Chouteau"	"7"	32	77	109	83	33	116	11	105	116	65	48	113				41	70	111	1	28	14
"MT"	2008	"Chouteau"	"8"	180	289	469	353	127	480	68	411	479	308	175	483				209	262	471	1	28	14
"MT"	2008	"Chouteau"	"6"	79	207	286	202	86	288	35	250	285	170	120	290				100	175	275	1	29	15
"MT"	2008	"Chouteau"	"9"	42	131	173	128	52	180	18	161	179	96	83	179				43	138	181	1	29	15
"MT"	2008	"Chouteau"	"10"	65	101	166	134	39	173	23	145	168	119	54	173				80	87	167	1	29	15
"MT"	2008	"Chouteau"	"11"	63	104	167	136	38	174	32	139	171	122	52	174				79	94	173	1	29	15
"MT"	2008	"Chouteau"	"12"	132	1	133	129	2	131	98	30	128	132	1	133	115		115	116		116	1	32	16
"MT"	2008	"Custer"	"6"	146	255	401	285	110	395	75	315	390	235	162	397					310	310	1	39	20
"MT"	2008	"Custer"	"8"	15	80	95	52	49	101	11	87	98	50	50	100	13	87	100	24	71	95	1	39	20
"MT"	2008	"Custer"	"9"	5	11	16	13	3	16	5	11	16	11	4	15					14	14	1	39	20
"MT"	2008	"Custer"	"10"	7	30	37	21	17	38	3	36	39	11	27	38					36	36	1	39	20
"MT"	2008	"Custer"	"11"	1	28	29	15	13	28	0	28	28	4	24	28					26	26	1	39	20
"MT"	2008	"Custer"	"12"	2	30	32	21	10	31	1	30	31	10	21	31					29	29	1	39	20
"MT"	2008	"Custer"	"13"	3	44	47	22	26	48	1	50	51	12	39	51					44	44	1	39	20
"MT"	2008	"Custer"	"14"	2	26	28	16	11	27	0	30	30	6	19	25					26	26	1	39	20
"MT"	2008	"Custer"	"1"	470	412	882	710	199	909	295	587	882	658	239	897				545	358	903	1	40	20
"MT"	2008	"Custer"	"2"	447	546	993	782	203	985	256	722	978	607	378	985				514	488	1002	1	40	20
"MT"	2008	"Custer"	"3"	515	666	1181	898	284	1182	306	869	1175	740	442	1182				611	576	1187	1	40	20
"MT"	2008	"Custer"	"4"	472	536	1008	778	238	1016	282	708	990	719	288	1007				575	432	1007	1	40	20
"MT"	2008	"Custer"	"5"	93	165	258	197	60	257	38	215	253	145	112	257				70	172	242	1	45	23
"MT"	2008	"Custer"	"7"	89	218	307	193	110	303	51	257	308	145	159	304				65	224	289	1	45	23
"MT"	2008	"Daniels"	"2"	58	95	153	103	50	153	37	118	155	100	56	156	69	90	159	104	50	154	1	36	18
"MT"	2008	"Daniels"	"3"	38	180	218	124	83	207	21	194	215	86	128	214	41	183	224	141	81	222	1	36	18
"MT"	2008	"Daniels"	"4"	41	76	117	87	35	122	24	99	123	67	56	123	44	75	119	72	46	118	1	36	18
"MT"	2008	"Daniels"	"5"	100	182	282	210	74	284	50	232	282	169	113	282	101	189	290	225	62	287	1	36	18
"MT"	2008	"Daniels"	"6"	106	161	267	192	75	267	65	201	266	179	88	267	101	167	268	225	47	272	1	36	18
"MT"	2008	"Dawson"	"5"	71	165	236	144	103	247	42	204	246	127	122	249		212	212		205	205	1	37	19
"MT"	2008	"Dawson"	"6A"	7	29	36	21	14	35	5	31	36	12	24	36		29	29		29	29	1	37	19
"MT"	2008	"Dawson"	"7"	15	54	69	29	42	71	8	63	71	21	49	70		56	56		56	56	1	37	19
"MT"	2008	"Dawson"	"1"	142	191	333	238	108	346	100	234	334	203	140	343		270	270	191	155	346	1	38	19
"MT"	2008	"Dawson"	"2"	269	288	557	429	143	572	197	355	552	404	162	566		454	454	384	190	574	1	38	19
"MT"	2008	"Dawson"	"3"	298	478	776	555	242	797	213	566	779	472	319	791		631	631	494	300	794	1	38	19
"MT"	2008	"Dawson"	"4"	188	268	456	352	124	476	143	321	464	312	153	465		384	384	313	160	473	1	38	19
"MT"	2008	"Dawson"	"6B"	10	25	35	18	16	34	4	30	34	13	21	34		29	29	11	23	34	1	38	19
"MT"	2008	"Dawson"	"8"	148	329	477	346	152	498	116	372	488	276	222	498		406	406	278	212	490	1	38	19
"MT"	2008	"Dawson"	"10"	381	676	1057	741	349	1090	239	844	1083	627	462	1089		907	907	609	479	1088	1	38	19
"MT"	2008	"Dawson"	"6C"	7	28	35	20	17	37	5	34	39	13	26	39					35	35	1	39	20
"MT"	2008	"Dawson"	"9"	57	108	165	119	47	166	32	139	171	96	77	173					135	135	1	39	20
"MT"	2008	"Deer.Lodge"	"01A"	139	57	196	177	23	200	96	90	186	159	34	193	159	36	195	119	67	186	1	85	43
"MT"	2008	"Deer.Lodge"	"1A"	346	140	486	456	53	509	276	210	486	454	48	502	420	86	506	357	150	507	1	85	43
"MT"	2008	"Deer.Lodge"	"2A"	2	2	4	3	1	4	0	4	4	2	2	4	3	1	4	0	2	2	1	85	43
"MT"	2008	"Deer.Lodge"	"3A"	18	3	21	21	0	21	10	10	20	22	0	22	21	0	21	17	2	19	1	85	43
"MT"	2008	"Deer.Lodge"	"4A"	31	13	44	42	3	45	32	9	41	39	4	43	34	10	44	37	7	44	1	85	43
"MT"	2008	"Deer.Lodge"	"5A"	37	8	45	49	5	54	23	24	47	50	4	54	48	6	54	35	15	50	1	85	43
"MT"	2008	"Deer.Lodge"	"6A"	9	6	15	11	4	15	5	9	14	13	2	15	11	3	14	6	8	14	1	85	43
"MT"	2008	"Deer.Lodge"	"7A"	74	41	115	111	16	127	60	66	126	108	19	127	105	23	128	87	40	127	1	85	43
"MT"	2008	"Deer.Lodge"	"8"	232	113	345	291	66	357	169	181	350	307	53	360	279	77	356	228	125	353	1	85	43
"MT"	2008	"Deer.Lodge"	"9"	170	149	319	246	84	330	122	204	326	259	74	333	241	82	323	177	145	322	1	85	43
"MT"	2008	"Deer.Lodge"	"1"	338	175	513	416	90	506	239	267	506	433	85	518	395	113	508	363		363	1	86	43
"MT"	2008	"Deer.Lodge"	"2"	351	163	514	468	62	530	260	262	522	466	61	527	432	85	517	399		399	1	86	43
"MT"	2008	"Deer.Lodge"	"3"	506	184	690	654	75	729	413	300	713	668	63	731	632	98	730	572		572	1	86	43
"MT"	2008	"Deer.Lodge"	"4"	349	125	474	435	47	482	274	203	477	430	54	484	419	68	487	415		415	1	86	43
"MT"	2008	"Deer.Lodge"	"5"	260	117	377	321	62	383	198	165	363	324	54	378	310	74	384	316		316	1	86	43
"MT"	2008	"Deer.Lodge"	"6"	451	139	590	564	57	621	361	237	598	565	56	621	527	85	612	532		532	1	86	43
"MT"	2008	"Deer.Lodge"	"7"	77	32	109	99	16	115	71	39	110	100	10	110	95	19	114	105		105	1	86	43
"MT"	2008	"Deer.Lodge"	"10"	12	35	47	29	17	46	8	39	47	20	27	47	16	26	42	22		22	1	86	43
"MT"	2008	"Fallon"	"1"	96	278	374	247	138	385	52	319	371	199	169	368					302	302	1	39	20
"MT"	2008	"Fallon"	"2"	109	273	382	245	131	376	70	307	377	205	169	374					295	295	1	39	20
"MT"	2008	"Fallon"	"3"	53	245	298	185	112	297	38	256	294	146	148	294					224	224	1	39	20
"MT"	2008	"Fallon"	"4"	36	173	209	124	88	212	14	190	204	93	116	209					155	155	1	39	20
"MT"	2008	"Fallon"	"7"	19	61	80	51	24	75	10	74	84	37	44	81					54	54	1	39	20
"MT"	2008	"Fallon"	"8"	5	34	39	27	17	44	5	35	40	16	22	38					33	33	1	39	20
"MT"	2008	"Fergus"	"3"	210	474	684	437	249	686	117	568	685	341	345	686				266	382	648	1	29	15
"MT"	2008	"Fergus"	"4"	79	243	322	219	104	323	34	296	330	158	171	329				142	166	308	1	29	15
"MT"	2008	"Fergus"	"6"	185	262	447	312	135	447	104	339	443	271	173	444				221	196	417	1	29	15
"MT"	2008	"Fergus"	"7"	140	240	380	234	137	371	87	280	367	215	165	380				163	193	356	1	29	15
"MT"	2008	"Fergus"	"8"	116	257	373	253	117	370	58	307	365	234	146	380				143	221	364	1	29	15
"MT"	2008	"Fergus"	"16"	85	244	329	212	112	324	29	303	332	140	190	330				83	234	317	1	29	15
"MT"	2008	"Fergus"	"18"	28	75	103	56	49	105	18	86	104	47	56	103				29	67	96	1	29	15
"MT"	2008	"Fergus"	"2"	134	355	489	276	211	487	104	382	486	234	263	497				179	294	473	1	30	15
"MT"	2008	"Fergus"	"5"	66	257	323	208	117	325	43	282	325	141	185	326				132	192	324	1	30	15
"MT"	2008	"Fergus"	"9"	129	238	367	261	113	374	75	285	360	227	144	371				170	182	352	1	30	15
"MT"	2008	"Fergus"	"10"	157	218	375	261	119	380	94	278	372	239	145	384				191	172	363	1	30	15
"MT"	2008	"Fergus"	"11"	176	254	430	311	120	431	109	313	422	266	166	432				225	189	414	1	30	15
"MT"	2008	"Fergus"	"13"	160	284	444	313	123	436	81	368	449	255	198	453				214	228	442	1	30	15
"MT"	2008	"Fergus"	"14"	110	218	328	229	107	336	65	272	337	185	153	338				130	202	332	1	30	15
"MT"	2008	"Fergus"	"15"	3	58	61	29	30	59	3	60	63	17	42	59				12	49	61	1	30	15
"MT"	2008	"Fergus"	"17"	155	431	586	328	245	573	93	488	581	239	348	587				180	390	570	1	30	15
"MT"	2008	"Flathead"	"14"	401	502	903	628	307	935	280	595	875	581	331	912	417	479	896	347	566	913	1	3	2
"MT"	2008	"Flathead"	"16"	344	423	767	566	231	797	220	537	757	541	246	787	373	412	785	369	410	779	1	3	2
"MT"	2008	"Flathead"	"17"	113	94	207	146	57	203	88	111	199	145	61	206	116	86	202	132	75	207	1	3	2
"MT"	2008	"Flathead"	"17*"	28	57	85	52	31	83	22	62	84	41	43	84	31	56	87	32	53	85	1	3	2
"MT"	2008	"Flathead"	"21"	161	294	455	297	165	462	106	350	456	277	184	461	153	313	466	164	299	463	1	3	2
"MT"	2008	"Flathead"	"21*"	408	605	1013	655	388	1043	284	711	995	660	379	1039	445	593	1038	447	593	1040	1	3	2
"MT"	2008	"Flathead"	"35"	446	682	1128	740	403	1143	312	783	1095	706	427	1133	447	678	1125	479	637	1116	1	3	2
"MT"	2008	"Flathead"	"20"	510	339	849	657	204	861	352	432	784	642	211	853	437	409	846	531	305	836	1	4	2
"MT"	2008	"Flathead"	"44"	644	739	1383	944	465	1409	435	924	1359	881	523	1404	599	815	1414	612	771	1383	1	4	2
"MT"	2008	"Flathead"	"46"	411	369	780	565	220	785	302	445	747	532	248	780	327	462	789	414	362	776	1	4	2
"MT"	2008	"Flathead"	"47"	704	401	1105	858	250	1108	506	539	1045	854	255	1109	630	469	1099	709	385	1094	1	4	2
"MT"	2008	"Flathead"	"48"	687	622	1309	943	370	1313	477	784	1261	908	412	1320	596	726	1322	682	623	1305	1	4	2
"MT"	2008	"Flathead"	"6"	222	505	727	420	314	734	139	587	726	350	386	736	259	459	718	187	514	701	1	5	3
"MT"	2008	"Flathead"	"7"	453	967	1420	857	547	1404	262	1137	1399	750	677	1427	470	923	1393	366	1002	1368	1	5	3
"MT"	2008	"Flathead"	"8"	479	1095	1574	950	686	1636	312	1256	1568	905	705	1610	529	1062	1591	464	1084	1548	1	5	3
"MT"	2008	"Flathead"	"11"	292	801	1093	607	480	1087	176	896	1072	534	557	1091	338	751	1089	270	798	1068	1	5	3
"MT"	2008	"Flathead"	"19"	265	642	907	516	417	933	173	731	904	524	414	938	303	611	914	256	641	897	1	5	3
"MT"	2008	"Flathead"	"26"	111	304	415	242	182	424	76	335	411	229	194	423	123	288	411	137	241	378	1	6	3
"MT"	2008	"Flathead"	"26*"	13	33	46	26	18	44	10	34	44	26	20	46	12	33	45	18	27	45	1	6	3
"MT"	2008	"Flathead"	"30*"	685	1226	1911	1225	705	1930	455	1422	1877	1033	879	1912	782	1121	1903	789	1015	1804	1	6	3
"MT"	2008	"Flathead"	"36"	553	997	1550	937	655	1592	405	1127	1532	923	655	1578	728	831	1559	732	729	1461	1	6	3
"MT"	2008	"Flathead"	"39"	119	214	333	183	172	355	87	249	336	193	154	347	129	209	338	120	198	318	1	6	3
"MT"	2008	"Flathead"	"45"	198	193	391	258	138	396	153	226	379	259	134	393	179	204	383	182	182	364	1	6	3
"MT"	2008	"Flathead"	"49"	471	417	888	617	286	903	351	495	846	593	298	891	451	403	854	431	399	830	1	6	3
"MT"	2008	"Flathead"	"89"	241	513	754	468	293	761	162	566	728	426	329	755	269	475	744	283	388	671	1	6	3
"MT"	2008	"Flathead"	"25"	435	774	1209	837	428	1265	269	925	1194	790	450	1240				424	805	1229	1	7	4
"MT"	2008	"Flathead"	"41"	788	1281	2069	1325	744	2069	476	1556	2032	1165	906	2071				633	1402	2035	1	7	4
"MT"	2008	"Flathead"	"50"	316	730	1046	679	391	1070	188	848	1036	592	470	1062				299	730	1029	1	7	4
"MT"	2008	"Flathead"	"1"	267	304	571	398	191	589	172	383	555	357	213	570				273	303	576	1	8	4
"MT"	2008	"Flathead"	"2"	364	405	769	571	222	793	262	465	727	519	255	774				398	376	774	1	8	4
"MT"	2008	"Flathead"	"3"	408	437	845	604	243	847	307	513	820	568	270	838				441	414	855	1	8	4
"MT"	2008	"Flathead"	"4"	450	531	981	673	332	1005	310	651	961	632	349	981				483	507	990	1	8	4
"MT"	2008	"Flathead"	"32"	396	434	830	615	250	865	289	539	828	569	272	841				437	413	850	1	8	4
"MT"	2008	"Flathead"	"38"	700	1341	2041	1223	829	2052	481	1493	1974	1097	935	2032				712	1293	2005	1	9	5
"MT"	2008	"Flathead"	"42"	278	599	877	519	362	881	208	650	858	498	384	882				313	548	861	1	9	5
"MT"	2008	"Flathead"	"43"	448	917	1365	801	589	1390	320	1020	1340	761	606	1367				438	875	1313	1	9	5
"MT"	2008	"Flathead"	"13"	360	788	1148	682	470	1152	244	864	1108	600	550	1150				292	857	1149	1	10	5
"MT"	2008	"Flathead"	"29"	384	804	1188	719	472	1191	268	884	1152	635	547	1182				273	915	1188	1	10	5
"MT"	2008	"Flathead"	"33"	278	644	922	595	358	953	173	739	912	538	394	932				229	692	921	1	3	2
"MT"	2008	"Flathead"	"34"	725	1305	2030	1268	797	2065	481	1529	2010	1169	888	2057				573	1427	2000	1	10	5
"MT"	2008	"Flathead"	"34*"	288	483	771	515	294	809	197	579	776	458	328	786				265	521	786	1	10	5
"MT"	2008	"Flathead"	"24"	294	748	1042	582	503	1085	207	810	1017	537	521	1058	255	724	979	293	756	1049	1	11	6
"MT"	2008	"Gallatin"	"20"	744	633	1377	986	396	1382	543	779	1322	883	487	1370				702	661	1363	1	63	32
"MT"	2008	"Gallatin"	"21"	294	261	555	374	177	551	212	315	527	348	201	549				260	283	543	1	63	32
"MT"	2008	"Gallatin"	"22"	576	552	1128	787	309	1096	386	695	1081	679	447	1126				515	589	1104	1	63	32
"MT"	2008	"Gallatin"	"23"	573	561	1134	821	304	1125	379	718	1097	685	450	1135				546	586	1132	1	63	32
"MT"	2008	"Gallatin"	"24"	314	226	540	407	129	536	231	282	513	362	172	534				304	230	534	1	63	32
"MT"	2008	"Gallatin"	"25"	1177	871	2048	1535	488	2023	811	1150	1961	1280	756	2036				1130	884	2014	1	63	32
"MT"	2008	"Gallatin"	"41"	894	205	1099	963	132	1095	649	315	964	933	131	1064				786	221	1007	1	64	32
"MT"	2008	"Gallatin"	"42"	802	283	1085	900	190	1090	569	440	1009	891	207	1098				699	320	1019	1	64	32
"MT"	2008	"Gallatin"	"43"	565	383	948	708	245	953	368	524	892	634	311	945				504	402	906	1	64	32
"MT"	2008	"Gallatin"	"44"	783	612	1395	1012	375	1387	511	800	1311	933	445	1378				638	645	1283	1	64	32
"MT"	2008	"Gallatin"	"45"	879	707	1586	1142	434	1576	563	930	1493	1055	519	1574				724	713	1437	1	64	32
"MT"	2008	"Gallatin"	"46"	182	168	350	273	85	358	126	210	336	250	102	352				172	174	346	1	64	32
"MT"	2008	"Gallatin"	"32"	581	310	891	679	199	878	391	434	825	620	260	880	552	275	827	494	303	797	1	65	33
"MT"	2008	"Gallatin"	"33"	594	174	768	640	134	774	437	270	707	622	142	764	549	157	706	529	180	709	1	65	33
"MT"	2008	"Gallatin"	"34"	900	306	1206	985	196	1181	627	467	1094	940	236	1176	822	282	1104	744	336	1080	1	65	33
"MT"	2008	"Gallatin"	"35"	855	478	1333	967	320	1287	491	695	1186	925	321	1246	667	431	1098	595	439	1034	1	65	33
"MT"	2008	"Gallatin"	"36"	918	203	1121	972	136	1108	700	324	1024	948	158	1106	847	198	1045	818	199	1017	1	66	33
"MT"	2008	"Gallatin"	"37"	802	217	1019	880	131	1011	568	339	907	811	177	988	738	189	927	693	211	904	1	66	33
"MT"	2008	"Gallatin"	"38"	784	305	1089	910	178	1088	526	451	977	872	202	1074	717	260	977	686	281	967	1	66	33
"MT"	2008	"Gallatin"	"39"	765	468	1233	921	305	1226	463	675	1138	867	341	1208	673	461	1134	668	440	1108	1	66	33
"MT"	2008	"Gallatin"	"40"	624	561	1185	834	336	1170	356	762	1118	754	424	1178	624	460	1084	558	477	1035	1	66	33
"MT"	2008	"Gallatin"	"26"	330	527	857	557	295	852	205	613	818	495	357	852		669	669	267	525	792	1	67	34
"MT"	2008	"Gallatin"	"27"	236	281	517	370	148	518	141	357	498	315	204	519		373	373	203	287	490	1	67	34
"MT"	2008	"Gallatin"	"28"	682	977	1659	1129	547	1676	398	1207	1605	1000	651	1651		1326	1326	555	1002	1557	1	67	34
"MT"	2008	"Gallatin"	"29"	450	898	1348	836	501	1337	267	1054	1321	700	648	1348		1095	1095	356	861	1217	1	67	34
"MT"	2008	"Gallatin"	"30"	509	635	1144	755	380	1135	314	768	1082	636	495	1131		829	829	368	664	1032	1	67	34
"MT"	2008	"Gallatin"	"31"	544	590	1134	814	312	1126	333	730	1063	725	394	1119		830	830	415	621	1036	1	67	34
"MT"	2008	"Gallatin"	"14"	216	421	637	388	248	636	146	478	624	327	315	642		517	517	196	437	633	1	68	34
"MT"	2008	"Gallatin"	"15"	33	90	123	72	46	118	20	101	121	49	70	119		97	97	27	86	113	1	68	34
"MT"	2008	"Gallatin"	"16"	96	107	203	140	64	204	77	120	197	129	73	202		136	136	95	97	192	1	68	34
"MT"	2008	"Gallatin"	"17"	289	484	773	476	296	772	193	579	772	396	402	798		571	571	268	500	768	1	68	34
"MT"	2008	"Gallatin"	"18"	373	528	901	608	281	889	218	659	877	483	415	898		639	639	337	521	858	1	68	34
"MT"	2008	"Gallatin"	"19"	479	569	1048	719	316	1035	307	705	1012	586	469	1055		692	692	385	568	953	1	68	34
"MT"	2008	"Gallatin"	"7"	168	274	442	302	135	437	108	324	432	253	195	448				146	289	435	1	69	35
"MT"	2008	"Gallatin"	"8"	369	479	848	618	255	873	233	607	840	543	315	858				323	504	827	1	69	35
"MT"	2008	"Gallatin"	"9"	236	1032	1268	613	640	1253	151	1101	1252	416	858	1274				186	1043	1229	1	69	35
"MT"	2008	"Gallatin"	"10"	82	375	457	245	201	446	57	387	444	173	286	459				80	362	442	1	69	35
"MT"	2008	"Gallatin"	"11"	265	472	737	457	282	739	176	549	725	410	330	740				226	499	725	1	69	35
"MT"	2008	"Gallatin"	"12"	753	1270	2023	1293	730	2023	446	1516	1962	1140	881	2021				578	1346	1924	1	69	35
"MT"	2008	"Gallatin"	"13"	308	691	999	593	415	1008	202	767	969	506	494	1000				272	697	969	1	69	35
"MT"	2008	"Gallatin"	"1"	419	394	813	560	258	818	326	455	781	523	277	800				381	403	784	1	70	35
"MT"	2008	"Gallatin"	"2"	718	405	1123	863	246	1109	489	522	1011	843	244	1087				579	459	1038	1	70	35
"MT"	2008	"Gallatin"	"3"	451	666	1117	677	432	1109	319	757	1076	607	507	1114				433	656	1089	1	70	35
"MT"	2008	"Gallatin"	"4"	651	668	1319	934	368	1302	482	797	1279	799	523	1322				585	667	1252	1	70	35
"MT"	2008	"Gallatin"	"5"	498	742	1240	771	459	1230	297	861	1158	644	586	1230				427	730	1157	1	70	35
"MT"	2008	"Gallatin"	"6"	444	519	963	656	305	961	301	633	934	551	401	952				379	539	918	1	70	35
"MT"	2008	"Garfield"	"1"	75	320	395	251	146	397	34	368	402	176	220	396				82	313	395	1	30	15
"MT"	2008	"Garfield"	"5"	4	33	37	28	9	37	4	33	37	12	24	36				3	34	37	1	30	15
"MT"	2008	"Garfield"	"7"	12	59	71	46	25	71	5	66	71	29	42	71				6	64	70	1	30	15
"MT"	2008	"Garfield"	"8"	4	24	28	9	19	28	1	27	28	7	21	28				2	25	27	1	30	15
"MT"	2008	"Garfield"	"13"	3	32	35	17	16	33	4	30	34	13	22	35				8	25	33	1	30	15
"MT"	2008	"Garfield"	"14"	4	52	56	26	33	59	2	57	59	10	48	58				9	52	61	1	30	15
"MT"	2008	"Garfield"	"19"	8	78	86	46	36	82	4	80	84	23	59	82				21	65	86	1	30	15
"MT"	2008	"Glacier"	"8"	371	21	392	381	20	401	296	97	393	378	21	399				389		389	1	15	8
"MT"	2008	"Glacier"	"10"	222	55	277	245	33	278	159	101	260	236	31	267				236		236	1	15	8
"MT"	2008	"Glacier"	"5"	192	312	504	346	168	514	118	386	504	292	212	504				336		336	1	16	8
"MT"	2008	"Glacier"	"14"	5	26	31	20	9	29	1	28	29	15	14	29				10		10	1	16	8
"MT"	2008	"Glacier"	"11"	73	25	98	84	13	97	64	35	99	83	15	98				85		85	1	16	8
"MT"	2008	"Glacier"	"19"	155	20	175	167	18	185	133	45	178	162	12	174				172		172	1	16	8
"MT"	2008	"Glacier"	"15"	159	60	219	188	37	225	122	95	217	173	44	217				195		195	1	16	8
"MT"	2008	"Glacier"	"9"	990	92	1082	1041	48	1089	837	221	1058	1030	44	1074				1052		1052	1	16	8
"MT"	2008	"Glacier"	"12"	211	19	230	222	8	230	175	52	227	224	9	233				223		223	1	16	8
"MT"	2008	"Glacier"	"13"	193	18	211	208	7	215	162	48	210	203	9	212				205		205	1	16	8
"MT"	2008	"Glacier"	"21C"	276	15	291	280	14	294	228	59	287	273	14	287				283		283	1	16	8
"MT"	2008	"Glacier"	"1"	174	286	460	325	134	459	86	369	455	245	202	447					397	397	1	27	14
"MT"	2008	"Glacier"	"2"	150	211	361	262	110	372	71	290	361	224	141	365					323	323	1	27	14
"MT"	2008	"Glacier"	"3"	145	163	308	217	96	313	87	219	306	206	97	303					261	261	1	27	14
"MT"	2008	"Glacier"	"4"	93	95	188	150	42	192	51	133	184	137	52	189					153	153	1	27	14
"MT"	2008	"Glacier"	"6"	14	33	47	26	20	46	5	40	45	17	29	46					41	41	1	27	14
"MT"	2008	"Golden Valley"	"1"	64	177	241	158	91	249	38	212	250	141	115	256				51	201	252	1	83	42
"MT"	2008	"Golden Valley"	"2"	60	166	226	130	89	219	36	189	225	116	113	229				50	172	222	1	83	42
"MT"	2008	"Granite"	"1"	158	216	374	274	106	380	98	273	371	269	113	382	224	152	376	296		296	1	86	43
"MT"	2008	"Granite"	"2"	212	289	501	350	164	514	147	347	494	348	168	516	302	201	503	398		398	1	86	43
"MT"	2008	"Granite"	"9"	82	201	283	186	109	295	63	227	290	155	139	294	133	143	276	198		198	1	86	43
"MT"	2008	"Granite"	"10"	149	307	456	267	207	474	99	355	454	254	211	465	193	261	454	315		315	1	86	43
"MT"	2008	"Hill"	"14"	94	169	263	176	95	271	54	212	266	169	103	272	142		142	152		152	1	32	16
"MT"	2008	"Hill"	"18"	124	22	146	141	14	155	91	59	150	129	17	146	116		116	123		123	1	32	16
"MT"	2008	"Hill"	"28"	506	14	520	509	13	522	411	88	499	497	9	506	469		469	432		432	1	32	16
"MT"	2008	"Hill"	"1"	281	216	497	419	97	516	168	326	494	399	112	511				337	168	505	1	33	17
"MT"	2008	"Hill"	"2"	290	168	458	378	101	479	181	261	442	367	99	466				326	138	464	1	33	17
"MT"	2008	"Hill"	"3"	186	164	350	285	74	359	112	239	351	252	105	357				216	136	352	1	33	17
"MT"	2008	"Hill"	"4"	203	159	362	298	78	376	115	252	367	286	83	369				261	115	376	1	33	17
"MT"	2008	"Hill"	"9"	236	180	416	353	81	434	141	287	428	333	99	432				287	147	434	1	33	17
"MT"	2008	"Hill"	"13"	133	109	242	215	35	250	79	166	245	194	47	241				171	72	243	1	33	17
"MT"	2008	"Hill"	"15"	203	251	454	336	134	470	137	327	464	319	146	465				287	179	466	1	33	17
"MT"	2008	"Hill"	"20"	123	158	281	233	66	299	58	229	287	200	98	298				171	127	298	1	33	17
"MT"	2008	"Hill"	"21"	58	88	146	112	35	147	29	125	154	107	47	154				87	66	153	1	33	17
"MT"	2008	"Hill"	"22"	110	155	265	202	70	272	50	220	270	170	102	272				134	127	261	1	33	17
"MT"	2008	"Hill"	"7"	250	234	484	382	110	492	148	329	477	347	134	481				237	257	494	1	34	17
"MT"	2008	"Hill"	"8"	213	206	419	367	61	428	136	280	416	319	109	428				192	239	431	1	34	17
"MT"	2008	"Hill"	"10"	306	180	486	423	89	512	186	298	484	408	84	492				262	244	506	1	34	17
"MT"	2008	"Hill"	"16"	221	186	407	357	77	434	153	270	423	354	76	430				205	228	433	1	34	17
"MT"	2008	"Hill"	"25"	59	128	187	147	55	202	34	166	200	133	68	201				65	137	202	1	34	17
"MT"	2008	"Jefferson"	"4"	206	279	485	345	158	503	123	379	502	327	180	507	217	275	492	259	247	506	1	71	36
"MT"	2008	"Jefferson"	"6"	285	564	849	564	310	874	178	670	848	505	355	860	275	570	845	362	522	884	1	71	36
"MT"	2008	"Jefferson"	"9"	15	34	49	29	20	49	6	40	46	23	27	50	12	34	46	17	32	49	1	71	36
"MT"	2008	"Jefferson"	"1"	384	462	846	608	238	846	284	542	826	527	321	848				344	500	844	1	77	39
"MT"	2008	"Jefferson"	"2"	142	188	330	230	114	344	101	234	335	230	114	344				128	210	338	1	77	39
"MT"	2008	"Jefferson"	"3"	212	245	457	343	123	466	161	288	449	325	141	466				201	266	467	1	77	39
"MT"	2008	"Jefferson"	"5"	79	139	218	134	85	219	55	158	213	117	103	220				55	167	222	1	77	39
"MT"	2008	"Jefferson"	"7"	250	221	471	357	125	482	182	280	462	341	136	477				211	273	484	1	77	39
"MT"	2008	"Jefferson"	"8"	15	66	81	53	30	83	9	74	83	34	52	86				8	77	85	1	77	39
"MT"	2008	"Jefferson"	"12"	62	66	128	90	45	135	45	81	126	95	43	138				57	73	130	1	77	39
"MT"	2008	"Jefferson"	"15"	31	30	61	51	9	60	10	47	57	45	12	57				26	31	57	1	77	39
"MT"	2008	"Jefferson"	"20"	228	234	462	343	109	452	148	299	447	318	138	456				182	277	459	1	77	39
"MT"	2008	"Jefferson"	"26"	324	473	797	549	244	793	217	570	787	444	344	788				268	531	799	1	77	39
"MT"	2008	"Jefferson"	"27"	349	537	886	598	282	880	228	642	870	527	362	889				275	606	881	1	77	39
"MT"	2008	"Judith Basin"	"1"	32	64	96	67	34	101	15	82	97	58	38	96				47	49	96	1	29	15
"MT"	2008	"Judith Basin"	"2"	44	109	153	109	42	151	22	133	155	94	61	155				76	81	157	1	29	15
"MT"	2008	"Judith Basin"	"3"	181	320	501	379	123	502	79	424	503	313	185	498				231	267	498	1	29	15
"MT"	2008	"Judith Basin"	"4"	140	308	448	317	137	454	55	396	451	240	214	454				188	259	447	1	29	15
"MT"	2008	"Lake"	"13"	234	347	581	394	218	612	170	406	576	367	232	599				256	327	583	1	9	5
"MT"	2008	"Lake"	"14"	269	344	613	423	210	633	190	416	606	382	232	614				289	331	620	1	9	5
"MT"	2008	"Lake"	"15"	28	75	103	59	41	100	15	85	100	51	50	101				28	70	98	1	9	5
"MT"	2008	"Lake"	"16"	269	235	504	353	157	510	217	275	492	356	153	509				267	222	489	1	9	5
"MT"	2008	"Lake"	"1"	187	320	507	304	230	534	130	381	511	280	253	533	118	361	479	169	360	529	1	11	6
"MT"	2008	"Lake"	"2"	344	390	734	506	231	737	254	459	713	461	272	733	199	469	668	313	420	733	1	11	6
"MT"	2008	"Lake"	"3"	525	630	1155	781	389	1170	338	808	1146	744	420	1164	192	908	1100	463	693	1156	1	11	6
"MT"	2008	"Lake"	"4"	325	220	545	427	130	557	238	293	531	416	135	551	157	351	508	274	273	547	1	11	6
"MT"	2008	"Lake"	"5"	343	357	700	520	200	720	236	465	701	515	197	712	120	531	651	290	422	712	1	11	6
"MT"	2008	"Lake"	"6"	477	398	875	692	213	905	317	538	855	669	222	891	190	637	827	401	486	887	1	11	6
"MT"	2008	"Lake"	"7"	256	388	644	423	227	650	152	488	640	437	222	659	100	512	612	294	349	643	1	12	6
"MT"	2008	"Lake"	"8"	603	665	1268	906	409	1315	444	818	1262	868	410	1278	351	861	1212	810	505	1315	1	12	6
"MT"	2008	"Lake"	"9"	275	163	438	354	104	458	201	229	430	345	100	445	143	260	403	314	135	449	1	12	6
"MT"	2008	"Lake"	"10"	264	327	591	407	204	611	178	423	601	397	209	606	130	416	546	347	269	616	1	12	6
"MT"	2008	"Lake"	"11"	498	452	950	680	286	966	385	568	953	671	287	958	267	583	850	684	284	968	1	12	6
"MT"	2008	"Lake"	"12"	210	141	351	275	88	363	167	182	349	274	81	355	145	171	316	287	74	361	1	12	6
"MT"	2008	"Lake"	"17"	31	85	116	65	47	112	26	89	115	59	58	117				56		56	1	15	8
"MT"	2008	"Lake"	"18"	160	131	291	225	83	308	121	178	299	229	75	304				196		196	1	15	8
"MT"	2008	"Lake"	"19"	732	468	1200	930	311	1241	532	651	1183	903	302	1205				804		804	1	15	8
"MT"	2008	"Lake"	"20"	149	107	256	207	72	279	97	169	266	200	69	269				179		179	1	15	8
"MT"	2008	"Lake"	"21"	49	19	68	53	14	67	35	32	67	59	10	69				38		38	1	15	8
"MT"	2008	"Lake"	"22"	538	236	774	649	132	781	394	364	758	636	137	773				601		601	1	15	8
"MT"	2008	"Lewis & Clark"	"44"	204	380	584	382	204	586	124	447	571	365	219	584	175	407	582	277	297	574	1	17	9
"MT"	2008	"Lewis & Clark"	"45"	96	272	368	233	138	371	69	295	364	177	200	377	74	306	380	109	273	382	1	17	9
"MT"	2008	"Lewis & Clark"	"46"	6	20	26	21	5	26	3	22	25	17	9	26	4	21	25	5	20	25	1	17	9
"MT"	2008	"Lewis & Clark"	"5"	291	186	477	373	105	478	218	247	465	329	135	464				271	201	472	1	77	39
"MT"	2008	"Lewis & Clark"	"25"	169	158	327	231	95	326	127	190	317	208	124	332				129	191	320	1	77	39
"MT"	2008	"Lewis & Clark"	"23"	316	255	571	452	94	546	202	347	549	410	168	578				310	243	553	1	78	39
"MT"	2008	"Lewis & Clark"	"24"	130	105	235	196	49	245	99	134	233	172	63	235				128	106	234	1	78	39
"MT"	2008	"Lewis & Clark"	"50"	308	397	705	529	191	720	187	506	693	473	230	703				330	356	686	1	78	39
"MT"	2008	"Lewis & Clark"	"51"	382	368	750	590	191	781	265	495	760	561	211	772				453	323	776	1	78	39
"MT"	2008	"Lewis & Clark"	"52"	349	358	707	548	163	711	205	486	691	522	195	717				407	301	708	1	78	39
"MT"	2008	"Lewis & Clark"	"53"	478	432	910	711	231	942	327	590	917	686	247	933				534	395	929	1	78	39
"MT"	2008	"Lewis & Clark"	"54"	176	234	410	321	93	414	112	302	414	285	125	410				218	196	414	1	78	39
"MT"	2008	"Lewis & Clark"	"17"	150	102	252	216	48	264	90	163	253	203	57	260				140	87	227	1	79	40
"MT"	2008	"Lewis & Clark"	"18"	320	237	557	454	114	568	214	340	554	406	149	555				300	212	512	1	79	40
"MT"	2008	"Lewis & Clark"	"19"	712	449	1161	940	201	1141	504	628	1132	853	309	1162				727	369	1096	1	79	40
"MT"	2008	"Lewis & Clark"	"20"	407	217	624	505	97	602	288	305	593	451	153	604				399	165	564	1	79	40
"MT"	2008	"Lewis & Clark"	"21"	292	185	477	376	77	453	199	253	452	329	144	473				282	159	441	1	79	40
"MT"	2008	"Lewis & Clark"	"22"	340	271	611	486	113	599	208	383	591	418	188	606				336	221	557	1	79	40
"MT"	2008	"Lewis & Clark"	"33"	415	531	946	718	234	952	265	674	939	634	306	940				441	422	863	1	79	40
"MT"	2008	"Lewis & Clark"	"34"	226	254	480	361	121	482	156	319	475	322	173	495				197	244	441	1	79	40
"MT"	2008	"Lewis & Clark"	"13"	286	164	450	355	96	451	194	232	426	349	93	442				298	140	438	1	80	40
"MT"	2008	"Lewis & Clark"	"14"	620	269	889	717	160	877	419	404	823	668	195	863				586	233	819	1	80	40
"MT"	2008	"Lewis & Clark"	"15"	619	485	1104	909	218	1127	395	697	1092	802	319	1121				671	408	1079	1	80	40
"MT"	2008	"Lewis & Clark"	"16"	359	242	601	489	117	606	229	347	576	454	148	602				374	212	586	1	80	40
"MT"	2008	"Lewis & Clark"	"30"	391	423	814	621	189	810	237	557	794	531	271	802				422	365	787	1	80	40
"MT"	2008	"Lewis & Clark"	"31"	353	347	700	525	169	694	222	468	690	478	229	707				380	310	690	1	80	40
"MT"	2008	"Lewis & Clark"	"32"	268	298	566	433	136	569	178	379	557	369	189	558				307	252	559	1	80	40
"MT"	2008	"Lewis & Clark"	"6"	646	193	839	695	128	823	480	299	779	669	147	816	648	177	825	597	191	788	1	81	41
"MT"	2008	"Lewis & Clark"	"7"	617	179	796	684	123	807	455	292	747	669	118	787	612	177	789	571	178	749	1	81	41
"MT"	2008	"Lewis & Clark"	"8"	529	151	680	584	104	688	395	257	652	581	97	678	531	145	676	478	170	648	1	81	41
"MT"	2008	"Lewis & Clark"	"9"	325	82	407	342	54	396	228	135	363	334	63	397	303	94	397	289	79	368	1	81	41
"MT"	2008	"Lewis & Clark"	"10"	299	139	438	358	61	419	218	187	405	326	97	423	293	118	411	263	117	380	1	81	41
"MT"	2008	"Lewis & Clark"	"11"	308	162	470	392	75	467	217	238	455	371	92	463	296	165	461	272	164	436	1	81	41
"MT"	2008	"Lewis & Clark"	"12"	364	280	644	516	122	638	217	413	630	459	184	643	374	248	622	334	260	594	1	81	41
"MT"	2008	"Lewis & Clark"	"29"	65	98	163	116	46	162	48	112	160	96	65	161	74	82	156	66	84	150	1	81	41
"MT"	2008	"Lewis & Clark"	"1"	574	147	721	630	78	708	451	227	678	605	107	712	555	161	716	606	105	711	1	82	41
"MT"	2008	"Lewis & Clark"	"2"	750	484	1234	1022	202	1224	544	643	1187	877	339	1216	743	457	1200	855	339	1194	1	82	41
"MT"	2008	"Lewis & Clark"	"3"	133	75	208	172	42	214	100	104	204	159	56	215	134	72	206	137	63	200	1	82	41
"MT"	2008	"Lewis & Clark"	"4"	400	333	733	575	160	735	258	441	699	527	197	724	431	293	724	464	240	704	1	82	41
"MT"	2008	"Lewis & Clark"	"26"	510	561	1071	789	290	1079	384	666	1050	724	353	1077	551	501	1052	591	451	1042	1	82	41
"MT"	2008	"Lewis & Clark"	"27"	51	65	116	87	30	117	32	80	112	82	36	118	61	54	115	57	54	111	1	82	41
"MT"	2008	"Lewis & Clark"	"28"	334	548	882	624	268	892	216	664	880	572	315	887	381	502	883	405	468	873	1	82	41
"MT"	2008	"Lewis & Clark"	"47"	81	83	164	111	57	168	63	102	165	109	56	165				76	76	152	1	83	42
"MT"	2008	"Lewis & Clark"	"48"	375	445	820	587	245	832	260	556	816	542	295	837				313	471	784	1	83	42
"MT"	2008	"Lewis & Clark"	"49"	422	610	1032	710	326	1036	272	742	1014	650	386	1036				359	581	940	1	83	42
"MT"	2008	"Lewis & Clark"	"35"	360	472	832	620	218	838	220	602	822	574	261	835				332	375	707	1	84	42
"MT"	2008	"Lewis & Clark"	"36"	247	474	721	478	235	713	159	553	712	444	284	728				231	329	560	1	84	42
"MT"	2008	"Lewis & Clark"	"37"	360	598	958	677	290	967	220	729	949	587	368	955				326	443	769	1	84	42
"MT"	2008	"Lewis & Clark"	"38"	280	376	656	457	196	653	200	435	635	415	244	659				253	278	531	1	84	42
"MT"	2008	"Lewis & Clark"	"39"	193	353	546	362	178	540	156	372	528	332	203	535				195	253	448	1	84	42
"MT"	2008	"Lewis & Clark"	"40"	79	128	207	139	71	210	70	142	212	123	92	215				76	88	164	1	84	42
"MT"	2008	"Lewis & Clark"	"41"	27	50	77	47	32	79	18	60	78	47	32	79				27	44	71	1	84	42
"MT"	2008	"Lewis & Clark"	"42"	58	148	206	117	87	204	47	153	200	102	105	207				58	116	174	1	84	42
"MT"	2008	"Lewis & Clark"	"43"	64	93	157	119	52	171	48	111	159	96	68	164				61	67	128	1	84	42
"MT"	2008	"Liberty"	"1"	88	188	276	193	79	272	25	252	277	158	121	279				133	151	284	1	28	14
"MT"	2008	"Liberty"	"2"	107	139	246	188	55	243	49	198	247	168	78	246				139	112	251	1	28	14
"MT"	2008	"Liberty"	"3"	94	146	240	179	71	250	36	207	243	164	86	250				127	128	255	1	28	14
"MT"	2008	"Liberty"	"4"	78	121	199	155	46	201	37	166	203	135	63	198				102	104	206	1	28	14
"MT"	2008	"Lincoln"	"7"	192	252	444	316	139	455	165	266	431	296	148	444				213	216	429	1	1	1
"MT"	2008	"Lincoln"	"9"	475	670	1145	855	311	1166	368	753	1121	774	371	1145				499	630	1129	1	1	1
"MT"	2008	"Lincoln"	"12"	352	747	1099	766	385	1151	260	845	1105	697	436	1133				361	743	1104	1	1	1
"MT"	2008	"Lincoln"	"13"	463	770	1233	871	404	1275	320	915	1235	769	483	1252				423	827	1250	1	1	1
"MT"	2008	"Lincoln"	"1"	102	265	367	185	202	387	75	299	374	175	201	376				100	280	380	1	2	1
"MT"	2008	"Lincoln"	"2"	94	176	270	165	140	305	72	197	269	154	133	287				104	191	295	1	2	1
"MT"	2008	"Lincoln"	"3"	493	1071	1564	862	775	1637	360	1206	1566	797	793	1590				503	1101	1604	1	2	1
"MT"	2008	"Lincoln"	"4"	115	217	332	196	147	343	77	249	326	190	148	338				102	228	330	1	2	1
"MT"	2008	"Lincoln"	"5"	56	90	146	86	67	153	52	95	147	87	66	153				66	86	152	1	2	1
"MT"	2008	"Lincoln"	"6"	96	122	218	127	93	220	87	118	205	122	87	209				106	107	213	1	2	1
"MT"	2008	"Lincoln"	"8"	305	603	908	554	389	943	269	611	880	520	375	895				361	548	909	1	2	1
"MT"	2008	"Lincoln"	"10"	154	327	481	336	167	503	116	367	483	273	210	483				180	312	492	1	2	1
"MT"	2008	"Lincoln"	"11"	91	298	389	231	174	405	74	310	384	196	192	388				101	291	392	1	2	1
"MT"	2008	"Lincoln"	"14"	37	96	133	77	56	133	29	103	132	66	68	134				33	98	131	1	2	1
"MT"	2008	"Madison"	"1 -- 1"	82	65	147	119	38	157	69	83	152	119	37	156	96	58	154	122	41	163	1	71	36
"MT"	2008	"Madison"	"1 -- 2"	50	137	187	131	57	188	35	152	187	98	92	190	63	122	185	92	96	188	1	71	36
"MT"	2008	"Madison"	"5"	318	563	881	595	287	882	186	676	862	490	389	879	321	546	867	460	429	889	1	71	36
"MT"	2008	"Madison"	"7"	221	467	688	465	233	698	138	557	695	384	306	690	236	466	702	350	355	705	1	71	36
"MT"	2008	"Madison"	"15-1"	55	162	217	126	96	222	34	181	215	95	122	217	50	155	205	72	147	219	1	71	36
"MT"	2008	"Madison"	"15-2"	129	230	359	240	129	369	77	292	369	189	176	365	119	244	363	131	247	378	1	71	36
"MT"	2008	"Madison"	"20"	562	927	1489	949	541	1490	416	1026	1442	841	632	1473	504	916	1420	634	823	1457	1	71	36
"MT"	2008	"Madison"	"21"	190	271	461	353	107	460	121	320	441	313	148	461	195	248	443	249	209	458	1	71	36
"MT"	2008	"McCone"	"8"	86	252	338	197	144	341	52	290	342	145	200	345				96	249	345	1	30	15
"MT"	2008	"McCone"	"27"	115	171	286	194	96	290	71	219	290	176	119	295				105	179	284	1	30	15
"MT"	2008	"McCone"	"4"	120	303	423	290	146	436	63	361	424	217	214	431					323	323	1	39	20
"MT"	2008	"Meagher"	"5"	298	624	922	635	297	932	175	754	929	468	473	941				219	705	924	1	83	42
"MT"	2008	"Mineral"	"22"	155	160	315	216	103	319	121	181	302	224	89	313	174	137	311	133	176	309	1	14	7
"MT"	2008	"Mineral"	"24"	94	69	163	134	34	168	76	83	159	130	38	168	109	53	162	69	101	170	1	14	7
"MT"	2008	"Mineral"	"25"	165	245	410	281	139	420	115	290	405	272	143	415	174	227	401	96	330	426	1	14	7
"MT"	2008	"Mineral"	"30"	220	323	543	372	189	561	119	426	545	341	225	566	265	296	561	144	433	577	1	14	7
"MT"	2008	"Mineral"	"26"	165	172	337	246	104	350	111	230	341	229	113	342	170	171	341	100	254	354	1	14	7
"MT"	2008	"Mineral"	"27"	46	84	130	80	55	135	38	88	126	81	51	132	55	79	134	44	89	133	1	14	7
"MT"	2008	"Missoula"	"20"	44	34	78	58	19	77	43	37	80	66	16	82	50	28	78	40	38	78	1	14	7
"MT"	2008	"Missoula"	"34"	138	260	398	255	132	387	86	301	387	243	149	392	146	225	371	131	236	367	1	14	7
"MT"	2008	"Missoula"	"36"	365	621	986	656	334	990	236	711	947	640	348	988	397	531	928	310	561	871	1	14	7
"MT"	2008	"Missoula"	"37"	311	503	814	524	288	812	201	604	805	505	309	814	322	464	786	270	501	771	1	14	7
"MT"	2008	"Missoula"	"38"	64	71	135	101	33	134	43	91	134	90	43	133	63	69	132	60	72	132	1	14	7
"MT"	2008	"Missoula"	"39"	43	37	80	54	28	82	31	48	79	59	23	82	43	36	79	40	34	74	1	14	7
"MT"	2008	"Missoula"	"41"	89	50	139	122	20	142	70	62	132	123	16	139	90	46	136	82	51	133	1	14	7
"MT"	2008	"Missoula"	"1"	22	20	42	31	14	45	20	23	43	30	14	44						0	1	15	8
"MT"	2008	"Missoula"	"6"	26	41	67	45	21	66	20	46	66	41	25	66	40		40	27	38	65	1	91	46
"MT"	2008	"Missoula"	"8"	220	255	475	320	171	491	172	295	467	332	156	488	318		318	247	223	470	1	91	46
"MT"	2008	"Missoula"	"9"	486	540	1026	736	311	1047	317	683	1000	756	292	1048	751		751	589	431	1020	1	91	46
"MT"	2008	"Missoula"	"10"	40	46	86	57	24	81	27	53	80	58	28	86	52		52	42	43	85	1	91	46
"MT"	2008	"Missoula"	"12"	270	361	631	427	208	635	198	411	609	409	218	627	418		418	276	329	605	1	91	46
"MT"	2008	"Missoula"	"91"	290	218	508	404	125	529	207	289	496	387	136	523	414		414	349	176	525	1	91	46
"MT"	2008	"Missoula"	"100"	673	327	1000	818	201	1019	498	452	950	825	190	1015	834		834	789	222	1011	1	91	46
"MT"	2008	"Missoula"	"101"	442	319	761	589	188	777	302	435	737	567	197	764	596		596	509	258	767	1	91	46
"MT"	2008	"Missoula"	"2"	92	177	269	165	128	293	73	207	280	171	119	290	170		170	116	157	273	1	92	46
"MT"	2008	"Missoula"	"3"	138	205	343	229	109	338	102	232	334	213	126	339	244		244	153	167	320	1	92	46
"MT"	2008	"Missoula"	"4"	331	438	769	513	269	782	228	537	765	521	256	777	547		547	350	377	727	1	92	46
"MT"	2008	"Missoula"	"5"	15	21	36	23	13	36	12	21	33	22	13	35	16		16	15	16	31	1	92	46
"MT"	2008	"Missoula"	"7"	26	22	48	33	14	47	14	32	46	33	14	47	32		32	23	21	44	1	92	46
"MT"	2008	"Missoula"	"71"	70	59	129	98	27	125	52	71	123	94	33	127	98		98	73	50	123	1	92	46
"MT"	2008	"Missoula"	"94"	304	65	369	330	50	380	230	115	345	330	44	374	322		322	269	77	346	1	92	46
"MT"	2008	"Missoula"	"95"	549	66	615	560	44	604	427	125	552	560	39	599	525		525	495	62	557	1	92	46
"MT"	2008	"Missoula"	"96"	516	162	678	585	92	677	408	250	658	552	116	668	541		541	487	149	636	1	92	46
"MT"	2008	"Missoula"	"97"	689	191	880	756	112	868	535	297	832	733	130	863	693		693	622	183	805	1	92	46
"MT"	2008	"Missoula"	"98"	657	290	947	791	154	945	491	419	910	746	199	945	748		748	626	266	892	1	92	46
"MT"	2008	"Missoula"	"99"	529	278	807	646	152	798	390	386	776	612	185	797	606		606	526	250	776	1	92	46
"MT"	2008	"Missoula"	"11"	100	89	189	127	61	188	74	113	187	122	69	191	122		122	97	79	176	1	93	47
"MT"	2008	"Missoula"	"43"	601	614	1215	884	329	1213	364	814	1178	814	392	1206	834		834	554	563	1117	1	93	47
"MT"	2008	"Missoula"	"55"	604	385	989	785	188	973	419	526	945	705	273	978	713		713	538	366	904	1	93	47
"MT"	2008	"Missoula"	"56"	176	92	268	218	52	270	145	109	254	212	54	266	216		216	182	83	265	1	93	47
"MT"	2008	"Missoula"	"76"	832	242	1074	909	160	1069	542	390	932	868	157	1025	893		893	669	264	933	1	93	47
"MT"	2008	"Missoula"	"77"	724	129	853	755	91	846	549	229	778	745	84	829	673		673	616	123	739	1	93	47
"MT"	2008	"Missoula"	"82"	686	154	840	746	91	837	551	245	796	732	99	831	680		680	630	145	775	1	93	47
"MT"	2008	"Missoula"	"83"	835	189	1024	895	139	1034	601	357	958	895	119	1014	870		870	717	209	926	1	93	47
"MT"	2008	"Missoula"	"47"	87	91	178	114	61	175	65	107	172	116	58	174	117		117	67	105	172	1	94	47
"MT"	2008	"Missoula"	"48"	454	282	736	588	158	746	301	413	714	566	174	740	577		577	346	374	720	1	94	47
"MT"	2008	"Missoula"	"87"	267	174	441	358	86	444	156	266	422	347	97	444	336		336	195	237	432	1	94	47
"MT"	2008	"Missoula"	"53"	493	311	804	642	161	803	336	445	781	607	199	806	613		613	362	409	771	1	94	47
"MT"	2008	"Missoula"	"54"	418	202	620	500	107	607	300	281	581	478	133	611	482		482	332	264	596	1	94	47
"MT"	2008	"Missoula"	"58"	394	171	565	462	104	566	243	287	530	462	103	565	460		460	292	247	539	1	94	47
"MT"	2008	"Missoula"	"81"	918	158	1076	945	120	1065	707	285	992	950	96	1046	903		903	739	266	1005	1	94	47
"MT"	2008	"Missoula"	"84"	407	185	592	494	93	587	307	266	573	453	131	584	456		456	318	251	569	1	94	47
"MT"	2008	"Missoula"	"85"	484	101	585	534	62	596	349	202	551	520	70	590	494		494	382	167	549	1	94	47
"MT"	2008	"Missoula"	"46"	93	82	175	133	42	175	71	98	169	127	44	171				91	75	166	1	95	48
"MT"	2008	"Missoula"	"49"	597	338	935	769	181	950	425	489	914	720	221	941				569	335	904	1	95	48
"MT"	2008	"Missoula"	"50"	354	245	599	501	98	599	217	356	573	472	133	605				327	229	556	1	95	48
"MT"	2008	"Missoula"	"51"	279	199	478	370	109	479	178	281	459	359	120	479				254	198	452	1	95	48
"MT"	2008	"Missoula"	"52"	248	148	396	337	79	416	181	210	391	326	86	412				241	154	395	1	95	48
"MT"	2008	"Missoula"	"57"	438	283	721	583	146	729	316	399	715	550	186	736				416	290	706	1	95	48
"MT"	2008	"Missoula"	"59"	529	230	759	642	119	761	328	383	711	632	125	757				460	245	705	1	95	48
"MT"	2008	"Missoula"	"63"	68	40	108	84	27	111	47	59	106	87	19	106				66	38	104	1	95	48
"MT"	2008	"Missoula"	"78"	828	136	964	876	93	969	643	242	885	888	66	954				720	146	866	1	95	48
"MT"	2008	"Missoula"	"21"	196	205	401	298	104	402	142	242	384	276	119	395				175	194	369	1	96	48
"MT"	2008	"Missoula"	"44"	140	196	336	215	116	331	98	229	327	193	137	330				121	200	321	1	96	48
"MT"	2008	"Missoula"	"45"	93	80	173	132	44	176	57	114	171	129	43	172				78	87	165	1	96	48
"MT"	2008	"Missoula"	"67"	433	404	837	613	231	844	266	564	830	577	269	846				336	459	795	1	96	48
"MT"	2008	"Missoula"	"60"	291	135	426	359	78	437	186	209	395	365	70	435				254	147	401	1	96	48
"MT"	2008	"Missoula"	"61"	485	259	744	624	140	764	350	373	723	617	134	751				451	256	707	1	96	48
"MT"	2008	"Missoula"	"62"	352	143	495	422	74	496	226	230	456	415	71	486				317	153	470	1	96	48
"MT"	2008	"Missoula"	"79"	440	93	533	472	67	539	336	164	500	472	55	527				399	96	495	1	96	48
"MT"	2008	"Missoula"	"80"	679	162	841	727	130	857	511	280	791	746	99	845				589	185	774	1	96	48
"MT"	2008	"Missoula"	"22"	264	320	584	439	150	589	183	391	574	407	187	594				298	261	559	1	97	49
"MT"	2008	"Missoula"	"23"	346	246	592	459	139	598	223	358	581	447	147	594				340	234	574	1	97	49
"MT"	2008	"Missoula"	"64"	602	221	823	700	137	837	428	342	770	704	120	824				579	200	779	1	97	49
"MT"	2008	"Missoula"	"65"	237	169	406	314	104	418	177	217	394	314	96	410				247	154	401	1	97	49
"MT"	2008	"Missoula"	"66"	861	152	1013	900	110	1010	682	235	917	908	90	998				795	143	938	1	97	49
"MT"	2008	"Missoula"	"68"	364	184	548	443	111	554	244	270	514	446	101	547				328	174	502	1	97	49
"MT"	2008	"Missoula"	"70"	443	342	785	603	191	794	289	465	754	584	208	792				447	316	763	1	97	49
"MT"	2008	"Missoula"	"75"	741	73	814	749	64	813	581	141	722	757	43	800				659	77	736	1	97	49
"MT"	2008	"Missoula"	"24"	447	425	872	649	220	869	276	570	846	617	252	869				389	472	861	1	98	49
"MT"	2008	"Missoula"	"26"	254	261	515	377	147	524	163	333	496	371	147	518				234	273	507	1	98	49
"MT"	2008	"Missoula"	"27"	706	477	1183	900	279	1179	487	648	1135	887	286	1173				615	522	1137	1	98	49
"MT"	2008	"Missoula"	"29"	495	215	710	575	140	715	339	319	658	579	129	708				428	255	683	1	98	49
"MT"	2008	"Missoula"	"32"	239	220	459	338	116	454	157	292	449	323	130	453				207	247	454	1	98	49
"MT"	2008	"Missoula"	"69"	315	179	494	387	108	495	195	277	472	379	116	495				255	216	471	1	98	49
"MT"	2008	"Missoula"	"72"	514	270	784	659	143	802	350	406	756	662	137	799				458	307	765	1	98	49
"MT"	2008	"Missoula"	"73"	67	32	99	78	23	101	66	32	98	83	17	100				66	29	95	1	98	49
"MT"	2008	"Missoula"	"74"	40	17	57	49	4	53	25	25	50	47	7	54				30	18	48	1	98	49
"MT"	2008	"Missoula"	"86"	39	26	65	56	9	65	25	35	60	55	10	65				31	33	64	1	98	49
"MT"	2008	"Missoula"	"89"	645	156	801	705	103	808	480	258	738	715	82	797				572	197	769	1	98	49
"MT"	2008	"Missoula"	"28"	1082	775	1857	1429	414	1843	737	1048	1785	1317	521	1838	497	1126	1623	1018	680	1698	1	99	50
"MT"	2008	"Missoula"	"30"	300	284	584	409	173	582	223	340	563	403	181	584	148	365	513	303	225	528	1	99	50
"MT"	2008	"Missoula"	"33"	145	165	310	220	97	317	85	218	303	214	102	316	118	152	270	140	143	283	1	99	50
"MT"	2008	"Missoula"	"40"	44	20	64	54	15	69	34	32	66	58	11	69	19	48	67	47	21	68	1	99	50
"MT"	2008	"Missoula"	"42"	126	80	206	169	41	210	104	101	205	173	33	206	49	146	195	131	67	198	1	99	50
"MT"	2008	"Missoula"	"88"	815	114	929	850	91	941	609	219	828	841	71	912	117	684	801	713	120	833	1	99	50
"MT"	2008	"Missoula"	"90"	649	74	723	664	68	732	531	143	674	678	40	718	97	580	677	618	76	694	1	99	50
"MT"	2008	"Missoula"	"92"	536	74	610	571	48	619	412	143	555	575	38	613	78	491	569	529	63	592	1	99	50
"MT"	2008	"Missoula"	"93"	555	127	682	599	88	687	387	229	616	605	68	673	150	485	635	527	117	644	1	99	50
"MT"	2008	"Missoula"	"13"	385	397	782	576	213	789	261	507	768	564	218	782	442		442	400	371	771	1	100	50
"MT"	2008	"Missoula"	"14"	436	388	824	600	227	827	277	523	800	583	234	817	513		513	430	390	820	1	100	50
"MT"	2008	"Missoula"	"15"	332	434	766	518	245	763	215	531	746	488	268	756	416		416	361	405	766	1	100	50
"MT"	2008	"Missoula"	"16"	101	127	228	161	72	233	77	148	225	161	71	232	128		128	115	115	230	1	100	50
"MT"	2008	"Missoula"	"17"	109	88	197	136	59	195	81	110	191	140	59	199	120		120	87	108	195	1	100	50
"MT"	2008	"Missoula"	"18"	374	376	750	540	218	758	277	464	741	514	242	756	455		455	386	356	742	1	100	50
"MT"	2008	"Missoula"	"19"	124	162	286	178	105	283	99	180	279	181	105	286	141		141	131	150	281	1	100	50
"MT"	2008	"Missoula"	"25"	183	231	414	282	133	415	112	300	412	271	142	413	221		221	199	212	411	1	100	50
"MT"	2008	"Missoula"	"31"	32	16	48	39	10	49	21	23	44	40	7	47	30		30	25	21	46	1	100	50
"MT"	2008	"Missoula"	"35"	122	202	324	207	124	331	69	244	313	206	122	328	150		150	118	203	321	1	100	50
"MT"	2008	"Musselshell"	"1"	169	252	421	312	110	422	90	332	422	257	171	428				98	298	396	1	45	23
"MT"	2008	"Musselshell"	"3"	124	235	359	256	109	365	68	284	352	214	151	365				84	253	337	1	45	23
"MT"	2008	"Musselshell"	"5"	113	426	539	261	274	535	78	436	514	223	308	531				91	371	462	1	45	23
"MT"	2008	"Musselshell"	"6"	196	500	696	413	300	713	137	557	694	341	354	695				138	485	623	1	45	23
"MT"	2008	"Musselshell"	"7"	19	99	118	75	47	122	13	107	120	46	74	120				19	104	123	1	45	23
"MT"	2008	"Musselshell"	"8"	15	69	84	44	38	82	9	76	85	28	59	87				10	62	72	1	45	23
"MT"	2008	"Park"	"5-A"	251	475	726	385	360	745	171	538	709	348	395	743					478	478	1	61	31
"MT"	2008	"Park"	"5-B"	387	313	700	491	222	713	313	368	681	472	239	711					390	390	1	61	31
"MT"	2008	"Park"	"5-C"	98	109	207	140	72	212	75	131	206	132	76	208					128	128	1	61	31
"MT"	2008	"Park"	"5-D"	171	214	385	252	129	381	131	248	379	198	183	381					203	203	1	61	31
"MT"	2008	"Park"	"6-A"	89	118	207	141	67	208	64	139	203	128	79	207					114	114	1	61	31
"MT"	2008	"Park"	"6-B"	234	336	570	401	168	569	189	366	555	337	240	577					354	354	1	61	31
"MT"	2008	"Park"	"7-A"	35	62	97	69	28	97	25	71	96	52	46	98					55	55	1	61	31
"MT"	2008	"Park"	"7-B"	9	25	34	19	16	35	3	33	36	13	20	33					17	17	1	61	31
"MT"	2008	"Park"	"7-C"	105	233	338	202	135	337	67	272	339	152	184	336					216	216	1	61	31
"MT"	2008	"Park"	"7-D"	211	354	565	390	178	568	139	426	565	323	246	569					307	307	1	61	31
"MT"	2008	"Park"	"1"	562	294	856	723	159	882	409	403	812	697	162	859				571	262	833	1	62	31
"MT"	2008	"Park"	"2"	454	274	728	577	158	735	339	351	690	565	170	735				484	239	723	1	62	31
"MT"	2008	"Park"	"2-B"	445	595	1040	724	329	1053	305	719	1024	676	375	1051				510	518	1028	1	62	31
"MT"	2008	"Park"	"3"	630	621	1251	926	333	1259	438	774	1212	852	395	1247				693	555	1248	1	62	31
"MT"	2008	"Park"	"4"	492	353	845	689	176	865	354	472	826	645	213	858				563	292	855	1	62	31
"MT"	2008	"Petroleum"	"1"	68	227	295	183	114	297	33	254	287	139	151	290				90	204	294	1	30	15
"MT"	2008	"Phillips"	"2-S"	24	30	54	40	12	52	12	41	53	36	14	50	31		31	34		34	1	32	16
"MT"	2008	"Phillips"	"5"	22	56	78	39	39	78	15	64	79	33	43	76	36		36	43		43	1	32	16
"MT"	2008	"Phillips"	"6"	4	24	28	18	10	28	3	25	28	13	15	28	9		9	10		10	1	32	16
"MT"	2008	"Phillips"	"8-S"	3	10	13	11	3	14	0	14	14	6	7	13	5		5	7		7	1	32	16
"MT"	2008	"Phillips"	"11"	5	37	42	25	17	42	0	43	43	10	32	42	8		8	13		13	1	32	16
"MT"	2008	"Phillips"	"12-S"	65	224	289	180	116	296	30	262	292	140	145	285	110		110	131		131	1	32	16
"MT"	2008	"Phillips"	"2-N"	31	42	73	63	13	76	15	57	72	54	17	71	45	27	72	16	53	69	1	35	18
"MT"	2008	"Phillips"	"7"	17	40	57	45	13	58	2	57	59	34	25	59	20	39	59	9	49	58	1	35	18
"MT"	2008	"Phillips"	"8-N"	72	149	221	174	60	234	26	199	225	149	77	226	93	130	223	23	188	211	1	35	18
"MT"	2008	"Phillips"	"9-1"	152	212	364	286	79	365	62	307	369	269	94	363	227	136	363	54	268	322	1	35	18
"MT"	2008	"Phillips"	"9-2"	172	424	596	414	182	596	76	519	595	338	252	590	274	320	594	75	471	546	1	35	18
"MT"	2008	"Phillips"	"12-N"	55	121	176	122	56	178	31	146	177	102	71	173	71	104	175	23	144	167	1	35	18
"MT"	2008	"Phillips"	"16"	16	54	70	51	21	72	3	67	70	39	31	70	27	45	72	5	65	70	1	35	18
"MT"	2008	"Pondera"	"20"	268	15	283	278	13	291	198	85	283	278	10	288				280		280	1	15	8
"MT"	2008	"Pondera"	"19"	106	83	189	155	35	190	60	132	192	131	60	191					169	169	1	27	14
"MT"	2008	"Pondera"	"23"	43	84	127	71	47	118	15	108	123	68	57	125					108	108	1	27	14
"MT"	2008	"Pondera"	"24"	263	418	681	490	186	676	131	548	679	424	258	682					579	579	1	27	14
"MT"	2008	"Pondera"	"27"	228	282	510	397	126	523	95	418	513	351	168	519					446	446	1	27	14
"MT"	2008	"Pondera"	"28"	166	375	541	387	155	542	75	470	545	296	245	541					480	480	1	27	14
"MT"	2008	"Pondera"	"34"	74	181	255	175	82	257	39	215	254	136	124	260					230	230	1	27	14
"MT"	2008	"Pondera"	"35"	75	150	225	172	58	230	42	181	223	134	94	228					186	186	1	27	14
"MT"	2008	"Powder River"	"1"	2	18	20	14	6	20	0	19	19	11	9	20					12	12	1	39	20
"MT"	2008	"Powder River"	"3"	16	27	43	28	12	40	8	34	42	17	26	43					20	20	1	39	20
"MT"	2008	"Powder River"	"7"	5	17	22	7	11	18	0	23	23	7	14	21					10	10	1	39	20
"MT"	2008	"Powder River"	"9"	20	56	76	41	29	70	13	58	71	20	50	70					50	50	1	39	20
"MT"	2008	"Powder River"	"11"	25	157	182	103	77	180	15	164	179	47	124	171					89	89	1	39	20
"MT"	2008	"Powder River"	"12"	99	390	489	297	183	480	57	429	486	175	307	482					263	263	1	39	20
"MT"	2008	"Powder River"	"4"	12	38	50	35	16	51	9	41	50	23	26	49	15	30	45	11	29	40	1	41	21
"MT"	2008	"Powder River"	"5"	29	99	128	73	51	124	14	109	123	49	75	124	27	84	111	22	88	110	1	41	21
"MT"	2008	"Powell"	"12.1"	3	1	4	3	1	4	3	1	4	3	1	4	3	1	4	3	1	4	1	17	9
"MT"	2008	"Powell"	"14.1"	53	91	144	104	40	144	42	105	147	87	55	142	54	86	140	61	67	128	1	17	9
"MT"	2008	"Powell"	"1"	20	115	135	50	80	130	21	110	131	35	97	132				22	81	103	1	84	42
"MT"	2008	"Powell"	"3.1"	55	197	252	151	95	246	46	197	243	131	117	248				45	159	204	1	84	42
"MT"	2008	"Powell"	"8"	73	120	193	134	62	196	56	134	190	106	85	191				49	70	119	1	84	42
"MT"	2008	"Powell"	"10"	13	53	66	38	30	68	10	52	62	37	31	68				14	44	58	1	84	42
"MT"	2008	"Powell"	"11"	18	64	82	35	46	81	10	70	80	40	41	81				13	53	66	1	84	42
"MT"	2008	"Powell"	"12.2"	30	105	135	82	63	145	23	115	138	61	82	143				18	123	141	1	84	42
"MT"	2008	"Powell"	"14.2"	12	19	31	25	6	31	6	25	31	23	9	32				13	16	29	1	84	42
"MT"	2008	"Powell"	"16.1"	37	28	65	51	16	67	21	41	62	49	17	66				17	28	45	1	84	42
"MT"	2008	"Powell"	"3.2"	74	102	176	123	58	181	49	130	179	122	56	178	100	75	175	120	66	186	1	85	43
"MT"	2008	"Powell"	"4"	128	155	283	224	79	303	83	202	285	207	90	297	151	136	287	163	134	297	1	85	43
"MT"	2008	"Powell"	"5"	141	196	337	255	98	353	91	256	347	237	114	351	185	156	341	210	144	354	1	85	43
"MT"	2008	"Powell"	"6"	167	196	363	269	98	367	94	270	364	267	107	374	175	178	353	211	163	374	1	85	43
"MT"	2008	"Powell"	"7"	167	179	346	270	94	364	110	240	350	252	101	353	203	151	354	214	147	361	1	85	43
"MT"	2008	"Powell"	"16.2"	30	62	92	71	20	91	12	80	92	59	33	92	40	46	86	39	53	92	1	85	43
"MT"	2008	"Prairie"	"1"	68	114	182	116	65	181	36	143	179	103	81	184					132	132	1	39	20
"MT"	2008	"Prairie"	"2"	64	106	170	133	40	173	27	142	169	118	54	172					126	126	1	39	20
"MT"	2008	"Prairie"	"3"	47	117	164	92	72	164	25	138	163	78	85	163					124	124	1	39	20
"MT"	2008	"Prairie"	"4"	32	166	198	98	96	194	20	176	196	70	127	197					135	135	1	39	20
"MT"	2008	"Ravalli"	"1"	44	102	146	87	64	151	37	107	144	77	71	148				51	94	145	1	87	44
"MT"	2008	"Ravalli"	"2"	204	388	592	343	260	603	168	411	579	334	261	595				211	373	584	1	87	44
"MT"	2008	"Ravalli"	"3"	222	543	765	432	335	767	161	589	750	416	340	756				237	523	760	1	87	44
"MT"	2008	"Ravalli"	"4"	106	192	298	175	129	304	81	208	289	168	123	291				109	188	297	1	87	44
"MT"	2008	"Ravalli"	"5"	132	289	421	250	162	412	102	313	415	229	189	418				137	285	422	1	87	44
"MT"	2008	"Ravalli"	"6"	632	1144	1776	1078	695	1773	529	1219	1748	1005	767	1772				642	1086	1728	1	87	44
"MT"	2008	"Ravalli"	"10"	280	489	769	431	348	779	213	550	763	460	317	777				298	456	754	1	87	44
"MT"	2008	"Ravalli"	"13"	2	274	276	96	202	298	2	299	301	92	195	287				16	287	303	1	87	44
"MT"	2008	"Ravalli"	"14"	158	249	407	243	169	412	127	276	403	234	175	409				157	249	406	1	87	44
"MT"	2008	"Ravalli"	"7"	626	826	1452	971	482	1453	499	934	1433	966	501	1467				661	782	1443	1	88	44
"MT"	2008	"Ravalli"	"8"	332	417	749	517	233	750	248	487	735	495	255	750				340	404	744	1	88	44
"MT"	2008	"Ravalli"	"9"	1087	915	2002	1472	554	2026	888	1060	1948	1448	549	1997				1121	883	2004	1	88	44
"MT"	2008	"Ravalli"	"11"	204	446	650	376	285	661	155	493	648	389	265	654				235	417	652	1	88	44
"MT"	2008	"Ravalli"	"12"	773	1456	2229	1365	860	2225	584	1635	2219	1313	923	2236		1738	1738		1795	1795	1	89	45
"MT"	2008	"Ravalli"	"15"	569	874	1443	896	543	1439	415	990	1405	892	542	1434		1128	1128		1182	1182	1	89	45
"MT"	2008	"Ravalli"	"16"	550	1020	1570	942	593	1535	418	1120	1538	891	669	1560		1209	1209		1233	1233	1	89	45
"MT"	2008	"Ravalli"	"19"	193	313	506	310	215	525	131	385	516	321	202	523		413	413		414	414	1	89	45
"MT"	2008	"Ravalli"	"17"	431	674	1105	701	393	1094	300	786	1086	700	417	1117		868	868	401	677	1078	1	90	45
"MT"	2008	"Ravalli"	"18"	374	453	827	601	246	847	281	542	823	569	277	846		672	672	360	456	816	1	90	45
"MT"	2008	"Ravalli"	"20"	503	633	1136	759	394	1153	344	797	1141	745	411	1156		862	862	465	655	1120	1	90	45
"MT"	2008	"Ravalli"	"21"	612	870	1482	939	559	1498	404	1053	1457	936	557	1493		1158	1158	533	909	1442	1	90	45
"MT"	2008	"Ravalli"	"22"	366	435	801	573	235	808	282	521	803	557	261	818		619	619	369	434	803	1	90	45
"MT"	2008	"Richland"	"7a"	44	59	103	66	40	106	29	75	104	66	41	107	51	52	103	58	47	105	1	36	18
"MT"	2008	"Richland"	"12a"	3	26	29	13	15	28	1	24	25	11	15	26	9	18	27	10	14	24	1	36	18
"MT"	2008	"Richland"	"17"	21	90	111	67	42	109	8	105	113	59	54	113	28	78	106	55	57	112	1	36	18
"MT"	2008	"Richland"	"19"	21	113	134	89	49	138	11	127	138	63	71	134	35	91	126	76	56	132	1	36	18
"MT"	2008	"Richland"	"1"	62	149	211	144	76	220	51	161	212	131	85	216		189	189		187	187	1	37	19
"MT"	2008	"Richland"	"2"	113	236	349	224	127	351	79	258	337	198	144	342		300	300		302	302	1	37	19
"MT"	2008	"Richland"	"4"	74	231	305	194	115	309	61	243	304	169	140	309		263	263		263	263	1	37	19
"MT"	2008	"Richland"	"5"	103	210	313	184	129	313	64	241	305	168	146	314		281	281		271	271	1	37	19
"MT"	2008	"Richland"	"3"	125	287	412	273	145	418	99	303	402	230	182	412		367	367		363	363	1	37	19
"MT"	2008	"Richland"	"7b"	40	63	103	76	30	106	28	70	98	60	43	103		89	89		84	84	1	37	19
"MT"	2008	"Richland"	"8"	159	465	624	408	219	627	111	508	619	331	297	628		563	563		571	571	1	37	19
"MT"	2008	"Richland"	"9"	59	167	226	122	105	227	37	184	221	121	108	229		207	207		201	201	1	37	19
"MT"	2008	"Richland"	"12b"	134	294	428	277	160	437	84	333	417	264	164	428		389	389		388	388	1	37	19
"MT"	2008	"Richland"	"22"	84	342	426	246	183	429	72	347	419	189	233	422		376	376		383	383	1	37	19
"MT"	2008	"Richland"	"23"	161	452	613	397	214	611	121	487	608	302	314	616		564	564		560	560	1	37	19
"MT"	2008	"Roosevelt"	"15"	222	26	248	232	11	243	172	58	230	226	10	236	194		194	214		214	1	31	16
"MT"	2008	"Roosevelt"	"16"	220	53	273	257	23	280	195	75	270	246	28	274	192		192	239		239	1	31	16
"MT"	2008	"Roosevelt"	"18"	637	147	784	734	66	800	513	249	762	705	76	781	568		568	704		704	1	31	16
"MT"	2008	"Roosevelt"	"22"	91	92	183	129	57	186	66	111	177	120	67	187	96		96	138		138	1	31	16
"MT"	2008	"Roosevelt"	"24"	349	99	448	402	64	466	260	182	442	398	59	457	303		303	390		390	1	31	16
"MT"	2008	"Roosevelt"	"26"	297	281	578	427	157	584	162	404	566	375	197	572	210		210	404		404	1	31	16
"MT"	2008	"Roosevelt"	"27"	297	57	354	317	43	360	229	111	340	317	29	346	233		233	307		307	1	31	16
"MT"	2008	"Roosevelt"	"2"	74	131	205	125	81	206	53	143	196	125	80	205	87	119	206	104	95	199	1	36	18
"MT"	2008	"Roosevelt"	"10"	93	99	192	165	38	203	71	130	201	154	48	202	113	84	197	139	59	198	1	36	18
"MT"	2008	"Roosevelt"	"12"	161	277	438	325	115	440	89	336	425	305	125	430	202	213	415	290	140	430	1	36	18
"MT"	2008	"Roosevelt"	"17"	42	77	119	81	39	120	26	92	118	71	49	120	46	72	118	77	38	115	1	36	18
"MT"	2008	"Roosevelt"	"20"	27	30	57	51	10	61	16	45	61	42	19	61	34	31	65	35	27	62	1	36	18
"MT"	2008	"Roosevelt"	"28"	54	104	158	96	62	158	40	119	159	85	79	164	68	92	160	82	71	153	1	36	18
"MT"	2008	"Rosebud"	"7"	11	37	48	26	21	47	12	36	48	20	28	48	13	31	44		16	16	1	41	21
"MT"	2008	"Rosebud"	"15"	575	56	631	608	28	636	471	147	618	605	27	632	575	52	627		547	547	1	41	21
"MT"	2008	"Rosebud"	"17"	186	99	285	227	66	293	134	151	285	216	65	281	179	102	281		181	181	1	41	21
"MT"	2008	"Rosebud"	"30"	25	31	56	39	19	58	20	37	57	35	16	51	23	30	53		21	21	1	41	21
"MT"	2008	"Rosebud"	"3"	215	262	477	367	121	488	152	337	489	334	153	487	303	201	504	254	236	490	1	43	22
"MT"	2008	"Rosebud"	"6"	218	229	447	340	117	457	150	293	443	328	130	458	274	190	464	247	206	453	1	43	22
"MT"	2008	"Rosebud"	"11"	19	67	86	38	41	79	15	67	82	37	46	83	12	72	84	26	57	83	1	43	22
"MT"	2008	"Rosebud"	"21"	30	86	116	88	35	123	22	99	121	68	52	120	53	73	126	37	86	123	1	43	22
"MT"	2008	"Rosebud"	"32"	527	583	1110	860	290	1150	392	747	1139	784	361	1145	651	516	1167	566	602	1168	1	43	22
"MT"	2008	"Rosebud"	"10"	57	98	155	114	49	163	35	119	154	101	57	158			0	51	97	148	1	45	23
"MT"	2008	"Rosebud"	"20"	49	160	209	140	69	209	35	173	208	110	97	207			0	40	152	192	1	45	23
"MT"	2008	"Rosebud"	"26"	7	60	67	27	39	66	6	59	65	23	43	66			0	6	57	63	1	45	23
"MT"	2008	"Sanders"	"1"	101	184	285	145	144	289	101	169	270	157	123	280	113	178	291	108	175	283	1	13	7
"MT"	2008	"Sanders"	"2"	118	258	376	198	199	397	105	256	361	203	172	375	152	246	398	153	227	380	1	13	7
"MT"	2008	"Sanders"	"3"	172	428	600	366	253	619	155	432	587	351	254	605	277	343	620	244	368	612	1	13	7
"MT"	2008	"Sanders"	"4"	50	117	167	87	73	160	43	114	157	89	76	165	82	87	169	55	116	171	1	13	7
"MT"	2008	"Sanders"	"5"	620	1082	1702	1038	692	1730	441	1217	1658	1073	643	1716	773	949	1722	621	1113	1734	1	13	7
"MT"	2008	"Sanders"	"6"	481	981	1462	874	652	1526	350	1133	1483	907	604	1511	630	895	1525	647	848	1495	1	13	7
"MT"	2008	"Sanders"	"7"	230	289	519	359	190	549	172	350	522	359	186	545	271	274	545	262	286	548	1	13	7
"MT"	2008	"Sanders"	"8"	0	0	0	0	0	0	0	0	0	0	0	0	0	0	0	10	14	24	1	13	7
"MT"	2008	"Sanders"	"8"	59	123	182	109	83	192	46	137	183	109	75	184	71	126	197	55	110	165	1	14	7
"MT"	2008	"Sanders"	"9"	32	28	60	43	17	60	20	38	58	39	20	59	33	25	58	23	28	51	1	14	7
"MT"	2008	"Sanders"	"10"	107	73	180	143	47	190	96	93	189	139	46	185	121	70	191	111	74	185	1	14	7
"MT"	2008	"Sheridan"	"1"	74	119	193	134	61	195	57	136	193	125	72	197	84	110	194	126	69	195	1	36	18
"MT"	2008	"Sheridan"	"2"	191	199	390	295	103	398	108	284	392	277	113	390	190	205	395	287	107	394	1	36	18
"MT"	2008	"Sheridan"	"3"	231	181	412	330	96	426	124	292	416	303	121	424	233	192	425	318	108	426	1	36	18
"MT"	2008	"Sheridan"	"4"	257	271	528	386	155	541	153	369	522	369	162	531	274	263	537	380	152	532	1	36	18
"MT"	2008	"Sheridan"	"5"	104	128	232	168	64	232	57	179	236	146	90	236	115	125	240	167	63	230	1	36	18
"MT"	2008	"Sheridan"	"6"	96	89	185	155	29	184	58	124	182	133	53	186	109	76	185	141	43	184	1	36	18
"MT"	2008	"Silver Bow"	"16E&W"	568	242	810	678	142	820	427	368	795	658	151	809	576	215	791	677		677	1	73	37
"MT"	2008	"Silver Bow"	"19N&S"	367	155	522	451	79	530	240	277	517	452	83	535	369	146	515	440		440	1	73	37
"MT"	2008	"Silver Bow"	"22C"	479	156	635	566	88	654	333	296	629	575	74	649	485	145	630	544		544	1	73	37
"MT"	2008	"Silver Bow"	"23N&S"	441	160	601	551	63	614	286	309	595	537	75	612	460	139	599	541		541	1	73	37
"MT"	2008	"Silver Bow"	"24N&S"	576	169	745	682	83	765	416	340	756	683	88	771	597	153	750	678		678	1	73	37
"MT"	2008	"Silver Bow"	"26E&W"	133	85	218	181	39	220	76	138	214	168	54	222	135	72	207	174		174	1	73	37
"MT"	2008	"Silver Bow"	"27S"	249	131	380	334	55	389	146	225	371	327	60	387	238	122	360	321		321	1	73	37
"MT"	2008	"Silver Bow"	"28C"	42	72	114	74	29	103	33	74	107	68	43	111	54	54	108	80		80	1	73	37
"MT"	2008	"Silver Bow"	"29C"	14	47	61	42	17	59	13	49	62	40	21	61	28	28	56	48		48	1	73	37
"MT"	2008	"Silver Bow"	"5C"	513	159	672	618	69	687	374	296	670	601	84	685	529	143	672	599		599	1	74	37
"MT"	2008	"Silver Bow"	"6C"	456	167	623	552	82	634	334	290	624	537	101	638	452	170	622	548		548	1	74	37
"MT"	2008	"Silver Bow"	"7N&S"	455	209	664	595	68	663	329	331	660	558	114	672	458	199	657	571		571	1	74	37
"MT"	2008	"Silver Bow"	"8E&W"	792	491	1283	1083	190	1273	542	740	1282	965	337	1302	764	503	1267	1047		1047	1	74	37
"MT"	2008	"Silver Bow"	"9E&W"	722	477	1199	980	196	1176	423	742	1165	911	278	1189	711	437	1148	925		925	1	74	37
"MT"	2008	"Silver Bow"	"20N&S"	288	160	448	386	75	461	216	232	448	379	82	461	312	132	444	389		389	1	74	37
"MT"	2008	"Silver Bow"	"1C"	467	125	592	544	60	604	341	232	573	544	57	601	541		541	528		528	1	75	38
"MT"	2008	"Silver Bow"	"2C"	593	184	777	715	73	788	438	332	770	697	98	795	692		692	659		659	1	75	38
"MT"	2008	"Silver Bow"	"3C"	610	210	820	753	79	832	432	384	816	741	100	841	725		725	676		676	1	75	38
"MT"	2008	"Silver Bow"	"4C"	472	195	667	596	74	670	339	323	662	572	114	686	581		581	555		555	1	75	38
"MT"	2008	"Silver Bow"	"9N"	210	159	369	301	66	367	143	212	355	265	97	362	287		287	276		276	1	75	38
"MT"	2008	"Silver Bow"	"18C"	315	78	393	365	46	411	234	158	392	364	40	404	352		352	343		343	1	75	38
"MT"	2008	"Silver Bow"	"21N "	402	119	521	476	57	533	307	210	517	473	64	537	465		465	454		454	1	75	38
"MT"	2008	"Silver Bow"	"10E,N&S"	281	76	357	332	33	365	223	127	350	330	33	363	313		313	315		315	1	76	38
"MT"	2008	"Silver Bow"	"11C"	386	125	511	448	72	520	317	191	508	460	61	521	426		426	433		433	1	76	38
"MT"	2008	"Silver Bow"	"12C"	242	51	293	275	34	309	192	103	295	286	16	302	266		266	269		269	1	76	38
"MT"	2008	"Silver Bow"	"13N&S "	362	136	498	420	80	500	253	236	489	430	75	505	399		399	419		419	1	76	38
"MT"	2008	"Silver Bow"	"14C"	316	103	419	358	77	435	240	177	417	362	70	432	375		375	364		364	1	76	38
"MT"	2008	"Silver Bow"	"15N&S"	441	157	598	507	97	604	340	236	576	523	85	608	504		504	515		515	1	76	38
"MT"	2008	"Silver Bow"	"17C"	388	138	526	444	106	550	280	229	509	466	67	533	450		450	446		446	1	76	38
"MT"	2008	"Silver Bow"	"25C"	59	45	104	81	19	100	45	57	102	86	16	102	79		79	76		76	1	76	38
"MT"	2008	"Silver Bow"	"27N"	37	37	74	57	17	74	20	52	72	45	27	72	61		61	56		56	1	76	38
"MT"	2008	"Stillwater"	"1"	658	1281	1939	1329	618	1947	414	1482	1896	1167	787	1954				969	982	1951	1	60	30
"MT"	2008	"Stillwater"	"2"	361	621	982	686	290	976	271	706	977	613	382	995				486	521	1007	1	60	30
"MT"	2008	"Stillwater"	"4"	61	124	185	121	67	188	33	157	190	110	81	191				88	98	186	1	60	30
"MT"	2008	"Stillwater"	"7"	13	50	63	46	21	67	7	58	65	31	31	62				18	43	61	1	60	30
"MT"	2008	"Stillwater"	"9"	34	127	161	111	46	157	16	143	159	73	90	163				59	100	159	1	60	30
"MT"	2008	"Stillwater"	"10"	46	92	138	92	45	137	33	98	131	76	60	136				85	55	140	1	60	30
"MT"	2008	"Stillwater"	"11"	60	135	195	110	77	187	45	140	185	99	93	192				84	107	191	1	60	30
"MT"	2008	"Stillwater"	"13"	279	561	840	527	310	837	157	679	836	485	367	852				431	431	862	1	60	30
"MT"	2008	"Sweet Grass"	"5"	92	322	414	221	169	390	67	338	405	174	232	406				139	260	399	1	60	30
"MT"	2008	"Sweet Grass"	"1"	144	292	436	256	173	429	96	328	424	226	207	433					313	313	1	61	31
"MT"	2008	"Sweet Grass"	"2"	138	286	424	268	149	417	87	332	419	213	216	429					313	313	1	61	31
"MT"	2008	"Sweet Grass"	"3"	92	342	434	238	191	429	63	369	432	158	282	440					303	303	1	61	31
"MT"	2008	"Sweet Grass"	"4"	75	252	327	178	139	317	46	272	318	127	193	320					229	229	1	61	31
"MT"	2008	"Teton"	"1"	566	793	1359	949	445	1394	308	1040	1348	827	549	1376	473	924	1397	641	776	1417	1	17	9
"MT"	2008	"Teton"	"6"	126	171	297	221	84	305	51	249	300	196	111	307	168	139	307	141	157	298	1	17	9
"MT"	2008	"Teton"	"7"	401	605	1006	687	329	1016	199	800	999	626	385	1011	425	597	1022	500	519	1019	1	17	9
"MT"	2008	"Teton"	"11"	56	112	168	121	48	169	30	146	176	107	73	180	53	121	174	90	90	180	1	17	9
"MT"	2008	"Teton"	"17"	145	193	338	255	103	358	80	274	354	217	135	352	156	205	361	192	164	356	1	17	9
"MT"	2008	"Toole"	"KE1"	20	42	62	47	21	68	13	54	67	44	23	67				48		48	1	16	8
"MT"	2008	"Toole"	"KE3"	13	50	63	36	27	63	3	61	64	28	32	60				27		27	1	16	8
"MT"	2008	"Toole"	"SU3"	19	47	66	37	31	68	11	57	68	35	31	66				51		51	1	16	8
"MT"	2008	"Toole"	"SU1"	83	106	189	142	53	195	38	155	193	124	68	192				146		146	1	16	8
"MT"	2008	"Toole"	"DG4"	19	30	49	38	14	52	8	44	52	31	21	52					46	46	1	27	14
"MT"	2008	"Toole"	"SH6"	26	77	103	57	45	102	12	88	100	52	53	105					89	89	1	27	14
"MT"	2008	"Toole"	"DG4"	40	58	98	71	31	102	21	77	98	56	47	103				48	57	105	1	28	14
"MT"	2008	"Toole"	"SH1"	443	744	1187	847	365	1212	238	963	1201	720	487	1207				504	691	1195	1	28	14
"MT"	2008	"Toole"	"SU3"	49	118	167	122	48	170	25	142	167	79	83	162				52	112	164	1	28	14
"MT"	2008	"Toole"	"SH6"	25	45	70	46	23	69	18	52	70	34	34	68				26	44	70	1	28	14
"MT"	2008	"Treasure"	"3"	11	32	43	18	18	36	10	31	41	14	30	44	8	36	44	8	35	43	1	43	22
"MT"	2008	"Treasure"	"4"	138	253	391	294	97	391	76	317	393	222	170	392	160	249	409	145	251	396	1	43	22
"MT"	2008	"Treasure"	"6"	7	29	36	24	11	35	4	32	36	15	21	36	9	27	36	8	28	36	1	43	22
"MT"	2008	"Valley"	"5"	159	164	323	246	79	325	90	233	323	239	91	330	168		168	216		216	1	31	16
"MT"	2008	"Valley"	"11"	142	8	150	146	4	150	113	30	143	142	6	148	139		139	137		137	1	31	16
"MT"	2008	"Valley"	"7"	125	266	391	283	103	386	49	336	385	226	167	393	215		215	218		218	1	32	16
"MT"	2008	"Valley"	"1"	298	332	630	502	130	632	150	473	623	422	207	629	346	290	636	124	391	515	1	35	18
"MT"	2008	"Valley"	"2"	206	192	398	349	64	413	128	270	398	309	101	410	264	147	411	104	227	331	1	35	18
"MT"	2008	"Valley"	"3"	236	274	510	442	93	535	146	374	520	393	139	532	327	211	538	110	303	413	1	35	18
"MT"	2008	"Valley"	"4"	122	132	254	211	48	259	72	185	257	198	64	262	150	106	256	62	155	217	1	35	18
"MT"	2008	"Valley"	"6"	231	359	590	437	173	610	135	455	590	376	227	603	295	310	605	107	419	526	1	35	18
"MT"	2008	"Valley"	"8"	57	126	183	144	44	188	32	153	185	132	58	190	82	113	195	24	157	181	1	35	18
"MT"	2008	"Valley"	"9"	64	168	232	177	61	238	39	193	232	141	95	236	104	137	241	39	193	232	1	35	18
"MT"	2008	"Valley"	"10"	5	100	105	27	65	92	5	101	106	12	88	100	10	96	106	4	101	105	1	35	18
"MT"	2008	"Wheatland"	"1"	22	54	76	48	26	74	18	58	76	25	53	78				14	64	78	1	83	42
"MT"	2008	"Wheatland"	"2"	141	272	413	286	135	421	72	345	417	236	184	420				85	338	423	1	83	42
"MT"	2008	"Wheatland"	"3"	14	66	80	43	41	84	8	74	82	35	47	82				13	70	83	1	83	42
"MT"	2008	"Wheatland"	"4"	33	91	124	79	44	123	19	104	123	61	65	126				25	97	122	1	83	42
"MT"	2008	"Wheatland"	"9"	79	174	253	176	76	252	47	208	255	152	105	257				60	194	254	1	83	42
"MT"	2008	"Wibaux"	"1"	146	379	525	366	183	549	96	440	536	318	223	541		417	417	185	367	552	1	38	19
"MT"	2008	"Yellowstone"	"1"	83	134	217	147	68	215	70	144	214	127	83	210	79	128	207	89	118	207	1	42	21
"MT"	2008	"Yellowstone"	"2"	161	301	462	319	150	469	102	363	465	268	208	476	154	326	480	179	288	467	1	43	22
"MT"	2008	"Yellowstone"	"3"	539	758	1297	905	396	1301	340	943	1283	812	503	1315	436	897	1333	524	748	1272	1	43	22
"MT"	2008	"Yellowstone"	"4"	49	138	187	114	68	182	27	153	180	86	98	184	42	148	190	57	131	188	1	43	22
"MT"	2008	"Yellowstone"	"5"	323	490	813	553	231	784	219	573	792	447	360	807	320	494	814	272	519	791	1	44	22
"MT"	2008	"Yellowstone"	"6"	1454	1675	3129	2315	804	3119	937	2120	3057	2177	965	3142	1623	1550	3173	1500	1597	3097	1	44	22
"MT"	2008	"Yellowstone"	"7"	85	168	253	163	86	249	38	205	243	147	105	252	93	165	258	73	177	250	1	44	22
"MT"	2008	"Yellowstone"	"8"	435	882	1317	871	437	1308	314	992	1306	801	538	1339				381	893	1274	1	45	23
"MT"	2008	"Yellowstone"	"9"	125	241	366	237	124	361	90	274	364	211	149	360					306	306	1	46	23
"MT"	2008	"Yellowstone"	"10"	179	354	533	357	166	523	113	408	521	297	237	534					466	466	1	46	23
"MT"	2008	"Yellowstone"	"11"	502	831	1333	892	405	1297	313	993	1306	777	552	1329					1138	1138	1	46	23
"MT"	2008	"Yellowstone"	"12"	103	240	343	249	102	351	64	283	347	194	160	354					307	307	1	46	23
"MT"	2008	"Yellowstone"	"13"	407	707	1114	776	289	1065	255	820	1075	627	492	1119					892	892	1	46	23
"MT"	2008	"Yellowstone"	"14"	478	994	1472	956	446	1402	268	1154	1422	674	790	1464					1239	1239	1	46	23
"MT"	2008	"Yellowstone"	"15"	125	310	435	250	175	425	88	347	435	250	184	434					377	377	1	46	23
"MT"	2008	"Yellowstone"	"16"	214	320	534	371	154	525	143	385	528	352	197	549					441	441	1	46	23
"MT"	2008	"Yellowstone"	"17"	140	191	331	250	73	323	91	232	323	213	122	335					266	266	1	46	23
"MT"	2008	"Yellowstone"	"18"	1273	1637	2910	2091	751	2842	817	2022	2839	1764	1134	2898	1604	1189	2793	962	1868	2830	1	47	24
"MT"	2008	"Yellowstone"	"19"	829	956	1785	1303	422	1725	493	1233	1726	1171	603	1774	1102	625	1727	617	1115	1732	1	47	24
"MT"	2008	"Yellowstone"	"20"	243	356	599	435	138	573	151	432	583	341	257	598	352	237	589	173	405	578	1	47	24
"MT"	2008	"Yellowstone"	"21"	1313	1256	2569	1958	602	2560	816	1679	2495	1784	786	2570	1497	964	2461	1368	1157	2525	1	48	24
"MT"	2008	"Yellowstone"	"22"	454	548	1002	722	281	1003	312	679	991	676	339	1015	578	408	986	512	496	1008	1	48	24
"MT"	2008	"Yellowstone"	"23"	283	355	638	476	166	642	185	446	631	427	219	646	357	269	626	318	332	650	1	48	24
"MT"	2008	"Yellowstone"	"24"	766	442	1208	960	263	1223	515	647	1162	915	316	1231				789	407	1196	1	49	25
"MT"	2008	"Yellowstone"	"25"	828	502	1330	1036	285	1321	566	709	1275	918	419	1337				841	454	1295	1	49	25
"MT"	2008	"Yellowstone"	"26"	588	512	1100	862	231	1093	383	692	1075	747	363	1110				649	425	1074	1	49	25
"MT"	2008	"Yellowstone"	"27"	817	738	1555	1163	325	1488	528	943	1471	966	596	1562				704	834	1538	1	50	25
"MT"	2008	"Yellowstone"	"28"	729	725	1454	1059	334	1393	450	948	1398	872	594	1466				602	838	1440	1	50	25
"MT"	2008	"Yellowstone"	"29"	296	275	571	431	131	562	188	384	572	377	195	572				251	318	569	1	50	25
"MT"	2008	"Yellowstone"	"30"	501	464	965	751	200	951	305	648	953	650	322	972				399	560	959	1	50	25
"MT"	2008	"Yellowstone"	"31"	566	487	1053	823	226	1049	361	671	1032	762	302	1064	591	441	1032	556	484	1040	1	51	26
"MT"	2008	"Yellowstone"	"32"	906	567	1473	1167	314	1481	595	832	1427	1075	412	1487	927	539	1466	854	627	1481	1	51	26
"MT"	2008	"Yellowstone"	"33"	179	101	280	229	58	287	121	138	259	218	63	281	165	115	280	173	110	283	1	51	26
"MT"	2008	"Yellowstone"	"34"	450	139	589	499	99	598	302	247	549	504	86	590	420	159	579	401	177	578	1	51	26
"MT"	2008	"Yellowstone"	"35"	469	485	954	710	236	946	292	647	939	639	327	966	497	457	954	580	374	954	1	52	26
"MT"	2008	"Yellowstone"	"36"	485	423	908	702	188	890	304	584	888	655	261	916	515	361	876	566	303	869	1	52	26
"MT"	2008	"Yellowstone"	"37"	389	350	739	586	162	748	279	471	750	526	232	758	416	329	745	488	256	744	1	52	26
"MT"	2008	"Yellowstone"	"38"	516	329	845	677	177	854	336	491	827	659	198	857	529	311	840	563	285	848	1	52	26
"MT"	2008	"Yellowstone"	"39"	337	178	515	419	104	523	245	259	504	409	110	519	345	172	517	383	137	520	1	52	26
"MT"	2008	"Yellowstone"	"40"	331	303	634	480	146	626	203	425	628	435	213	648	338	305	643	254	376	630	1	53	27
"MT"	2008	"Yellowstone"	"41"	424	387	811	617	180	797	257	544	801	591	226	817	397	409	806	311	488	799	1	53	27
"MT"	2008	"Yellowstone"	"42"	529	487	1016	755	244	999	335	655	990	707	307	1014	491	498	989	375	610	985	1	53	27
"MT"	2008	"Yellowstone"	"43"	268	172	440	359	88	447	167	262	429	334	111	445	215	231	446	215	227	442	1	53	27
"MT"	2008	"Yellowstone"	"44"	285	233	518	419	116	535	214	303	517	395	134	529	271	260	531	224	309	533	1	53	27
"MT"	2008	"Yellowstone"	"45"	243	164	407	318	93	411	152	240	392	327	88	415	226	182	408	211	190	401	1	53	27
"MT"	2008	"Yellowstone"	"46"	589	532	1121	862	277	1139	338	771	1109	814	325	1139	568	536	1104	552	561	1113	1	54	27
"MT"	2008	"Yellowstone"	"47"	184	173	357	261	88	349	96	252	348	243	108	351	157	189	346	122	220	342	1	54	27
"MT"	2008	"Yellowstone"	"48"	603	413	1016	822	210	1032	449	564	1013	805	238	1043	628	416	1044	585	463	1048	1	54	27
"MT"	2008	"Yellowstone"	"49"	559	319	878	733	172	905	390	469	859	722	171	893	515	379	894	490	397	887	1	54	27
"MT"	2008	"Yellowstone"	"50"	298	490	788	552	197	749	163	604	767	387	416	803				267	496	763	1	55	28
"MT"	2008	"Yellowstone"	"51"	515	604	1119	821	289	1110	330	781	1111	703	433	1136				477	632	1109	1	55	28
"MT"	2008	"Yellowstone"	"52"	310	400	710	512	167	679	200	507	707	459	256	715				315	384	699	1	55	28
"MT"	2008	"Yellowstone"	"53"	666	769	1435	1077	334	1411	416	996	1412	954	502	1456				635	779	1414	1	55	28
"MT"	2008	"Yellowstone"	"54"	703	807	1510	1061	416	1477	389	1052	1441	929	565	1494				614	827	1441	1	55	28
"MT"	2008	"Yellowstone"	"55"	556	730	1286	919	268	1187	337	886	1223	681	601	1282					756	756	1	56	28
"MT"	2008	"Yellowstone"	"56"	583	593	1176	877	275	1152	368	779	1147	753	445	1198					626	626	1	56	28
"MT"	2008	"Yellowstone"	"57"	722	1053	1775	1250	439	1689	442	1298	1740	975	800	1775					1064	1064	1	56	28
"MT"	2008	"Yellowstone"	"58"	714	960	1674	1213	410	1623	465	1189	1654	986	692	1678					961	961	1	56	28
"MT"	2008	"Yellowstone"	"59"	557	810	1367	956	333	1289	338	970	1308	750	616	1366				471	807	1278	1	57	29
"MT"	2008	"Yellowstone"	"60"	620	1362	1982	1277	590	1867	342	1573	1915	938	1036	1974				530	1325	1855	1	57	29
"MT"	2008	"Yellowstone"	"61"	313	611	924	608	284	892	186	722	908	515	414	929				295	590	885	1	57	29
"MT"	2008	"Yellowstone"	"62"	144	221	365	245	121	366	104	266	370	210	157	367				132	227	359	1	57	29
"MT"	2008	"Yellowstone"	"63"	384	660	1044	722	297	1019	231	797	1028	609	443	1052				341	678	1019	1	57	29
"MT"	2008	"Yellowstone"	"64"	179	244	423	307	127	434	111	301	412	268	161	429				176	230	406	1	57	29
"MT"	2008	"Yellowstone"	"65"	650	1095	1745	1097	623	1720	437	1272	1709	1009	747	1756				730	1037	1767	1	58	29
"MT"	2008	"Yellowstone"	"66"	414	436	850	662	195	857	263	578	841	603	261	864				469	395	864	1	58	29
"MT"	2008	"Yellowstone"	"67"	356	330	686	512	185	697	238	454	692	488	217	705				369	337	706	1	58	29
"MT"	2008	"Yellowstone"	"68"	319	265	584	465	134	599	204	381	585	447	155	602				334	272	606	1	58	29
"MT"	2008	"Yellowstone"	"69"	401	301	702	583	143	726	275	432	707	555	168	723				417	304	721	1	58	29
