state	year	county	precinct	g2000_USP_dv	g2000_USP_rv	g2000_USP_tv	g2000_USS_dv	g2000_USS_rv	g2000_USS_tv	g2000_USH_dv	g2000_USH_rv	g2000_USH_tv	g2000_GOV_dv	g2000_GOV_rv	g2000_GOV_tv	cd	ld
"MT"	2000	"Beaverhead"	"1"	108	274	382	172	242	414	186	223	409	169	244	413	1	34
"MT"	2000	"Beaverhead"	"12"	179	332	511	216	314	530	229	301	530	213	326	539	1	34
"MT"	2000	"Beaverhead"	"14"	69	154	223	116	148	264	128	129	257	112	154	266	1	34
"MT"	2000	"Beaverhead"	"17"	4	38	42	15	37	52	9	39	48	14	34	48	1	34
"MT"	2000	"Beaverhead"	"19"	4	63	67	6	60	66	12	56	68	9	61	70	1	34
"MT"	2000	"Beaverhead"	"2"	46	372	418	97	332	429	92	331	423	80	354	434	1	34
"MT"	2000	"Beaverhead"	"20"	4	84	88	11	78	89	12	77	89	9	81	90	1	34
"MT"	2000	"Beaverhead"	"21"	17	131	148	21	130	151	36	112	148	24	127	151	1	34
"MT"	2000	"Beaverhead"	"23"	25	80	105	35	74	109	36	68	104	38	69	107	1	34
"MT"	2000	"Beaverhead"	"18"	1	32	33	5	30	35	4	29	33	6	29	35	1	33
"MT"	2000	"Beaverhead"	"3"	87	345	432	141	319	460	158	301	459	155	310	465	1	34
"MT"	2000	"Beaverhead"	"4"	34	140	174	46	133	179	56	123	179	44	139	183	1	34
"MT"	2000	"Beaverhead"	"5"	5	109	114	14	100	114	20	95	115	15	103	118	1	34
"MT"	2000	"Beaverhead"	"6"	117	354	471	172	311	483	190	291	481	180	310	490	1	34
"MT"	2000	"Beaverhead"	"7"	35	237	272	59	217	276	70	207	277	58	222	280	1	34
"MT"	2000	"Beaverhead"	"8"	4	73	77	10	70	80	11	69	80	10	68	78	1	34
"MT"	2000	"Beaverhead"	"9"	60	295	355	104	267	371	109	264	373	110	260	370	1	34
"MT"	2000	"Big Horn"	"1"	81	130	211	94	122	216	100	120	220	106	116	222	1	6
"MT"	2000	"Big Horn"	"10"	3	64	67	11	54	65	10	58	68	10	58	68	1	5
"MT"	2000	"Big Horn"	"14"	113	45	158	110	35	145	133	29	162	126	36	162	1	6
"MT"	2000	"Big Horn"	"15"	206	48	254	216	34	250	226	38	264	216	52	268	1	6
"MT"	2000	"Big Horn"	"17"	99	211	310	135	177	312	139	183	322	155	162	317	1	6
"MT"	2000	"Big Horn"	"18"	99	140	239	128	117	245	120	134	254	128	122	250	1	6
"MT"	2000	"Big Horn"	"19"	167	243	410	205	199	404	210	221	431	215	204	419	1	5
"MT"	2000	"Big Horn"	"2"	49	57	106	58	49	107	60	44	104	56	54	110	1	6
"MT"	2000	"Big Horn"	"21"	315	94	409	320	77	397	335	79	414	345	72	417	1	6
"MT"	2000	"Big Horn"	"25"	60	42	102	51	49	100	63	41	104	68	35	103	1	5
"MT"	2000	"Big Horn"	"26"	206	82	288	212	79	291	254	49	303	233	65	298	1	5
"MT"	2000	"Big Horn"	"3"	12	100	112	25	91	116	26	91	117	25	93	118	1	5
"MT"	2000	"Big Horn"	"4"	65	143	208	87	119	206	92	119	211	90	122	212	1	5
"MT"	2000	"Big Horn"	"5"	133	50	183	137	45	182	153	38	191	147	44	191	1	5
"MT"	2000	"Big Horn"	"6"	8	44	52	11	39	50	14	36	50	13	35	48	1	5
"MT"	2000	"Big Horn"	"7"	559	77	636	553	75	628	587	62	649	574	75	649	1	6
"MT"	2000	"Big Horn"	"8"	38	61	99	44	59	103	51	49	100	50	46	96	1	6
"MT"	2000	"Big Horn"	"9"	132	20	152	137	17	154	140	12	152	142	11	153	1	6
"MT"	2000	"Blaine"	"1"	17	138	155	35	120	155	37	117	154	37	117	154	1	92
"MT"	2000	"Blaine"	"10"	67	202	269	99	179	278	99	178	277	108	168	276	1	92
"MT"	2000	"Blaine"	"11"	98	230	328	145	187	332	138	199	337	157	182	339	1	91
"MT"	2000	"Blaine"	"12"	134	269	403	177	236	413	171	242	413	191	226	417	1	91
"MT"	2000	"Blaine"	"14"	21	80	101	42	59	101	46	53	99	48	51	99	1	92
"MT"	2000	"Blaine"	"15"	228	30	258	241	32	273	247	20	267	242	24	266	1	92
"MT"	2000	"Blaine"	"16"	0	56	56	7	50	57	13	44	57	11	46	57	1	92
"MT"	2000	"Blaine"	"17"	3	49	52	6	48	54	8	45	53	6	46	52	1	92
"MT"	2000	"Blaine"	"2"	17	69	86	27	60	87	33	53	86	35	53	88	1	92
"MT"	2000	"Blaine"	"20"	87	20	107	83	24	107	95	11	106	90	15	105	1	92
"MT"	2000	"Blaine"	"3"	392	39	431	388	55	443	409	28	437	419	19	438	1	92
"MT"	2000	"Blaine"	"8"	182	228	410	232	188	420	235	180	415	266	155	421	1	92
"MT"	2000	"Broadwater"	"1"	53	257	310	99	223	322	88	239	327	101	229	330	1	40
"MT"	2000	"Broadwater"	"11"	145	432	577	218	374	592	214	380	594	206	395	601	1	40
"MT"	2000	"Broadwater"	"12"	147	396	543	221	342	563	202	346	548	204	356	560	1	40
"MT"	2000	"Broadwater"	"13"	48	254	302	82	229	311	94	216	310	88	216	304	1	40
"MT"	2000	"Broadwater"	"7"	69	149	218	104	126	230	102	122	224	108	120	228	1	40
"MT"	2000	"Carbon"	"1"	88	213	301	134	185	319	132	182	314	122	188	310	1	23
"MT"	2000	"Carbon"	"10"	208	185	393	252	170	422	244	176	420	248	173	421	1	23
"MT"	2000	"Carbon"	"11"	174	398	572	262	358	620	251	378	629	243	380	623	1	23
"MT"	2000	"Carbon"	"12"	31	96	127	55	80	135	53	76	129	54	72	126	1	23
"MT"	2000	"Carbon"	"13"	12	60	72	15	57	72	19	54	73	8	65	73	1	23
"MT"	2000	"Carbon"	"14"	37	116	153	56	106	162	45	115	160	55	106	161	1	23
"MT"	2000	"Carbon"	"15"	106	224	330	163	199	362	148	217	365	148	218	366	1	23
"MT"	2000	"Carbon"	"16"	38	104	142	55	91	146	49	95	144	40	103	143	1	23
"MT"	2000	"Carbon"	"2"	88	202	290	132	166	298	105	190	295	132	168	300	1	23
"MT"	2000	"Carbon"	"3"	81	214	295	130	185	315	113	190	303	118	197	315	1	23
"MT"	2000	"Carbon"	"4"	93	203	296	155	179	334	162	173	335	149	184	333	1	23
"MT"	2000	"Carbon"	"5"	55	223	278	107	183	290	91	200	291	95	195	290	1	23
"MT"	2000	"Carbon"	"6"	53	191	244	97	165	262	91	170	261	93	168	261	1	23
"MT"	2000	"Carbon"	"7"	81	240	321	140	216	356	151	199	350	118	235	353	1	23
"MT"	2000	"Carbon"	"8"	180	216	396	239	186	425	216	203	419	239	182	421	1	23
"MT"	2000	"Carbon"	"9"	109	123	232	159	110	269	148	117	265	157	105	262	1	23
"MT"	2000	"Carter"	"1"	0	43	43	0	41	41	6	36	42	0	41	41	1	1
"MT"	2000	"Carter"	"11"	1	21	22	3	19	22	2	19	21	3	17	20	1	1
"MT"	2000	"Carter"	"13"	38	153	191	39	156	195	57	141	198	67	130	197	1	1
"MT"	2000	"Carter"	"14"	14	160	174	14	164	178	21	153	174	24	148	172	1	1
"MT"	2000	"Carter"	"2"	0	22	22	0	22	22	1	19	20	0	19	19	1	1
"MT"	2000	"Carter"	"3"	0	47	47	3	44	47	6	41	47	2	44	46	1	1
"MT"	2000	"Carter"	"4"	0	24	24	0	25	25	2	22	24	5	17	22	1	1
"MT"	2000	"Carter"	"5"	0	31	31	0	31	31	3	28	31	0	31	31	1	1
"MT"	2000	"Carter"	"6"	0	43	43	1	44	45	4	43	47	2	44	46	1	1
"MT"	2000	"Carter"	"8"	0	14	14	0	14	14	2	12	14	0	13	13	1	1
"MT"	2000	"Carter"	"9"	0	15	15	2	11	13	1	13	14	3	11	14	1	1
"MT"	2000	"Cascade"	"40A"	13	22	35	16	22	38	20	18	38	17	20	37	1	40
"MT"	2000	"Cascade"	"40B"	42	80	122	48	78	126	57	65	122	63	65	128	1	40
"MT"	2000	"Cascade"	"40C"	24	92	116	40	80	120	39	80	119	36	84	120	1	40
"MT"	2000	"Cascade"	"41A"	79	414	493	381	368	749	377	351	728	382	363	745	1	41
"MT"	2000	"Cascade"	"41B"	284	384	668	106	348	454	124	328	452	133	315	448	1	41
"MT"	2000	"Cascade"	"41C"	79	223	302	257	167	424	238	185	423	259	161	420	1	41
"MT"	2000	"Cascade"	"42A"	173	659	832	633	542	1175	620	561	1181	653	527	1180	1	42
"MT"	2000	"Cascade"	"42B"	536	697	1233	652	599	1251	663	581	1244	698	544	1242	1	42
"MT"	2000	"Cascade"	"42C"	486	671	1157	595	589	1184	606	572	1178	642	543	1185	1	42
"MT"	2000	"Cascade"	"43A"	1039	1111	2150	1280	952	2232	1277	954	2231	1354	891	2245	1	43
"MT"	2000	"Cascade"	"43B"	634	961	1595	788	869	1657	772	885	1657	852	807	1659	1	43
"MT"	2000	"Cascade"	"44A"	467	445	912	605	353	958	569	372	941	612	341	953	1	44
"MT"	2000	"Cascade"	"44B"	539	473	1012	685	373	1058	669	381	1050	721	337	1058	1	44
"MT"	2000	"Cascade"	"44C"	335	472	807	434	397	831	430	412	842	446	389	835	1	44
"MT"	2000	"Cascade"	"45A"	635	710	1345	860	562	1422	789	638	1427	854	566	1420	1	45
"MT"	2000	"Cascade"	"45B"	717	903	1620	950	707	1657	910	741	1651	964	703	1667	1	45
"MT"	2000	"Cascade"	"46A"	393	304	697	494	251	745	492	247	739	514	223	737	1	46
"MT"	2000	"Cascade"	"46B"	605	595	1200	769	520	1289	743	529	1272	788	493	1281	1	46
"MT"	2000	"Cascade"	"46C"	172	157	329	242	108	350	221	129	350	238	116	354	1	46
"MT"	2000	"Cascade"	"47A"	647	799	1446	844	682	1526	798	723	1521	889	640	1529	1	47
"MT"	2000	"Cascade"	"47B"	707	1010	1717	952	806	1758	898	856	1754	982	775	1757	1	47
"MT"	2000	"Cascade"	"47C"	116	245	361	173	204	377	156	206	362	193	182	375	1	47
"MT"	2000	"Cascade"	"47D"	101	226	327	173	182	355	147	201	348	175	177	352	1	47
"MT"	2000	"Cascade"	"48A"	528	505	1033	689	405	1094	663	423	1086	719	374	1093	1	48
"MT"	2000	"Cascade"	"48B"	850	871	1721	1115	688	1803	1094	717	1811	1171	630	1801	1	48
"MT"	2000	"Cascade"	"48C"	171	266	437	255	211	466	242	216	458	259	209	468	1	48
"MT"	2000	"Cascade"	"49A"	321	747	1068	418	684	1102	393	698	1091	450	645	1095	1	49
"MT"	2000	"Cascade"	"49B"	390	971	1361	547	846	1393	518	876	1394	584	814	1398	1	49
"MT"	2000	"Cascade"	"49C"	112	221	333	160	179	339	148	188	336	173	166	339	1	49
"MT"	2000	"Cascade"	"49D"	170	250	420	238	199	437	222	210	432	243	194	437	1	49
"MT"	2000	"Cascade"	"49E"	130	271	401	172	238	410	178	241	419	213	199	412	1	49
"MT"	2000	"Cascade"	"49F"	345	639	984	427	569	996	403	606	1009	436	564	1000	1	49
"MT"	2000	"Cascade"	"50A"	89	194	283	147	152	299	135	165	300	151	144	295	1	50
"MT"	2000	"Cascade"	"50B"	79	145	224	106	125	231	96	137	233	122	113	235	1	50
"MT"	2000	"Cascade"	"50C"	314	650	964	462	564	1026	474	537	1011	491	515	1006	1	50
"MT"	2000	"Cascade"	"87A"	128	299	427	180	275	455	186	274	460	202	251	453	1	87
"MT"	2000	"Cascade"	"87B"	91	145	236	103	130	233	107	140	247	125	123	248	1	87
"MT"	2000	"Cascade"	"93A"	213	377	590	292	274	566	277	283	560	292	276	568	1	93
"MT"	2000	"Chouteau"	"1"	97	236	333	129	218	347	158	192	350	150	202	352	1	89
"MT"	2000	"Chouteau"	"10"	33	147	180	54	135	189	80	108	188	72	114	186	1	89
"MT"	2000	"Chouteau"	"11"	0	47	47	4	45	49	7	41	48	8	40	48	1	89
"MT"	2000	"Chouteau"	"12"	30	129	159	60	102	162	64	98	162	72	94	166	1	89
"MT"	2000	"Chouteau"	"13"	52	166	218	75	151	226	78	144	222	80	146	226	1	89
"MT"	2000	"Chouteau"	"14"	7	17	24	8	19	27	8	19	27	8	17	25	1	89
"MT"	2000	"Chouteau"	"15"	19	106	125	35	96	131	43	84	127	45	81	126	1	89
"MT"	2000	"Chouteau"	"16"	10	59	69	15	50	65	11	53	64	22	45	67	1	89
"MT"	2000	"Chouteau"	"17"	57	163	220	75	146	221	73	149	222	78	147	225	1	89
"MT"	2000	"Chouteau"	"18"	47	6	53	51	8	59	55	3	58	56	4	60	1	92
"MT"	2000	"Chouteau"	"2"	94	237	331	128	215	343	135	210	345	144	199	343	1	89
"MT"	2000	"Chouteau"	"3"	94	194	288	145	163	308	143	159	302	151	153	304	1	89
"MT"	2000	"Chouteau"	"4"	33	94	127	57	82	139	57	81	138	59	76	135	1	89
"MT"	2000	"Chouteau"	"5"	8	48	56	12	45	57	13	44	57	7	49	56	1	89
"MT"	2000	"Chouteau"	"6"	53	193	246	71	188	259	77	177	254	77	181	258	1	89
"MT"	2000	"Chouteau"	"7"	33	110	143	47	103	150	60	87	147	54	98	152	1	89
"MT"	2000	"Chouteau"	"8"	11	56	67	21	45	66	18	47	65	19	47	66	1	89
"MT"	2000	"Chouteau"	"9"	8	31	39	11	29	40	10	29	39	10	29	39	1	89
"MT"	2000	"Custer"	"1"	299	427	726	422	345	767	425	342	767	451	316	767	1	4
"MT"	2000	"Custer"	"12"	0	13	13	0	15	15	0	15	15	0	15	15	1	3
"MT"	2000	"Custer"	"14"	40	167	207	66	149	215	68	147	215	67	148	215	1	3
"MT"	2000	"Custer"	"17"	2	22	24	3	24	27	8	19	27	7	18	25	1	3
"MT"	2000	"Custer"	"18"	0	32	32	1	31	32	1	32	33	1	31	32	1	3
"MT"	2000	"Custer"	"19"	4	47	51	8	41	49	10	41	51	5	45	50	1	3
"MT"	2000	"Custer"	"2"	299	581	880	419	507	926	428	513	941	468	474	942	1	4
"MT"	2000	"Custer"	"23"	5	33	38	8	30	38	7	28	35	8	29	37	1	3
"MT"	2000	"Custer"	"25"	5	28	33	5	28	33	10	24	34	7	24	31	1	3
"MT"	2000	"Custer"	"27"	5	36	41	8	33	41	5	36	41	9	32	41	1	3
"MT"	2000	"Custer"	"3"	286	472	758	375	417	792	369	425	794	386	401	787	1	4
"MT"	2000	"Custer"	"30"	11	37	48	8	40	48	15	33	48	16	33	49	1	3
"MT"	2000	"Custer"	"31"	238	675	913	365	577	942	355	584	939	388	547	935	1	3
"MT"	2000	"Custer"	"4"	269	470	739	408	415	823	403	415	818	442	387	829	1	4
"MT"	2000	"Custer"	"5"	38	116	154	62	99	161	53	106	159	78	82	160	1	3
"MT"	2000	"Daniels"	"1"	9	37	46	7	39	46	18	31	49	14	31	45	1	96
"MT"	2000	"Daniels"	"2"	30	44	74	48	30	78	45	29	74	39	35	74	1	96
"MT"	2000	"Daniels"	"3"	33	179	212	45	176	221	43	173	216	51	163	214	1	96
"MT"	2000	"Daniels"	"4"	27	113	140	38	104	142	35	119	154	35	108	143	1	96
"MT"	2000	"Daniels"	"5"	106	187	293	111	182	293	121	170	291	120	177	297	1	96
"MT"	2000	"Daniels"	"6"	76	166	242	95	157	252	105	147	252	91	159	250	1	96
"MT"	2000	"Daniels"	"7"	22	24	46	26	21	47	31	17	48	27	18	45	1	96
"MT"	2000	"Dawson"	"1"	117	241	358	149	217	366	162	199	361	147	222	369	1	2
"MT"	2000	"Dawson"	"10"	37	128	165	50	115	165	57	111	168	48	122	170	1	2
"MT"	2000	"Dawson"	"2"	238	283	521	267	281	548	305	247	552	281	253	534	1	2
"MT"	2000	"Dawson"	"3"	266	499	765	334	453	787	350	433	783	332	451	783	1	2
"MT"	2000	"Dawson"	"4"	208	245	453	253	243	496	252	240	492	255	238	493	1	2
"MT"	2000	"Dawson"	"5"	44	173	217	69	163	232	74	157	231	67	168	235	1	99
"MT"	2000	"Dawson"	"6"	17	83	100	28	73	101	31	67	98	23	75	98	1	99
"MT"	2000	"Dawson"	"7"	9	63	72	11	62	73	17	55	72	19	50	69	1	99
"MT"	2000	"Dawson"	"8"	65	149	214	90	130	220	98	119	217	87	132	219	1	99
"MT"	2000	"Dawson"	"9"	363	859	1222	473	788	1261	514	729	1243	501	722	1223	1	2
"MT"	2000	"Deer Lodge"	"1"	479	279	758	590	216	806	619	193	812	579	238	817	1	57
"MT"	2000	"Deer Lodge"	"10"	2	29	31	6	27	33	8	26	34	5	29	34	1	57
"MT"	2000	"Deer Lodge"	"1A"	73	54	127	95	46	141	108	32	140	93	49	142	1	56
"MT"	2000	"Deer Lodge"	"2"	271	167	438	328	139	467	334	134	468	314	156	470	1	57
"MT"	2000	"Deer Lodge"	"3"	457	227	684	564	155	719	559	163	722	561	167	728	1	57
"MT"	2000	"Deer Lodge"	"4"	302	150	452	380	106	486	377	120	497	363	137	500	1	57
"MT"	2000	"Deer Lodge"	"5"	269	125	394	321	100	421	325	104	429	324	108	432	1	57
"MT"	2000	"Deer Lodge"	"6"	404	129	533	473	110	583	487	101	588	483	107	590	1	57
"MT"	2000	"Deer Lodge"	"7"	149	66	215	186	41	227	188	43	231	195	34	229	1	57
"MT"	2000	"Deer Lodge"	"8"	166	134	300	220	99	319	236	82	318	235	84	319	1	56
"MT"	2000	"Deer Lodge"	"9"	100	133	233	134	115	249	148	108	256	145	109	254	1	56
"MT"	2000	"Fallon"	"1"	96	300	396	150	276	426	133	259	392	135	255	390	1	1
"MT"	2000	"Fallon"	"2"	87	282	369	110	228	338	105	256	361	127	240	367	1	1
"MT"	2000	"Fallon"	"3"	34	202	236	65	166	231	64	165	229	78	148	226	1	1
"MT"	2000	"Fallon"	"4"	25	191	216	47	163	210	45	177	222	60	156	216	1	1
"MT"	2000	"Fallon"	"7"	10	55	65	17	48	65	20	49	69	20	48	68	1	1
"MT"	2000	"Fallon"	"8"	4	31	35	2	33	35	5	28	33	6	23	29	1	1
"MT"	2000	"Fergus"	"1"	46	196	242	87	171	258	88	164	252	87	166	253	1	93
"MT"	2000	"Fergus"	"10"	116	211	327	149	169	318	149	177	326	140	197	337	1	94
"MT"	2000	"Fergus"	"11"	138	332	470	191	289	480	191	284	475	198	282	480	1	94
"MT"	2000	"Fergus"	"13"	97	292	389	136	267	403	136	262	398	134	263	397	1	94
"MT"	2000	"Fergus"	"14"	83	349	432	151	305	456	142	310	452	128	319	447	1	93
"MT"	2000	"Fergus"	"15"	25	158	183	37	151	188	50	139	189	51	135	186	1	93
"MT"	2000	"Fergus"	"16"	24	208	232	54	184	238	57	172	229	59	177	236	1	93
"MT"	2000	"Fergus"	"17"	112	510	622	184	467	651	184	457	641	189	464	653	1	94
"MT"	2000	"Fergus"	"2"	67	197	264	95	180	275	95	167	262	94	180	274	1	94
"MT"	2000	"Fergus"	"3"	66	325	391	107	301	408	106	289	395	100	303	403	1	93
"MT"	2000	"Fergus"	"4"	71	296	367	116	255	371	128	239	367	127	241	368	1	93
"MT"	2000	"Fergus"	"5"	49	272	321	101	247	348	116	222	338	104	236	340	1	93
"MT"	2000	"Fergus"	"6"	172	406	578	254	341	595	254	332	586	257	331	588	1	94
"MT"	2000	"Fergus"	"7"	147	332	479	213	288	501	213	289	502	206	291	497	1	94
"MT"	2000	"Fergus"	"9"	139	269	408	189	235	424	189	239	428	187	244	431	1	94
"MT"	2000	"Flathead"	"1"	170	421	591	243	380	623	256	369	625	216	402	618	1	77
"MT"	2000	"Flathead"	"11"	116	560	676	209	493	702	193	503	696	196	507	703	1	84
"MT"	2000	"Flathead"	"12"	81	221	302	137	181	318	127	190	317	134	184	318	1	78
"MT"	2000	"Flathead"	"13"	242	722	964	364	649	1013	318	682	1000	328	663	991	1	76
"MT"	2000	"Flathead"	"14"	189	579	768	326	510	836	298	510	808	316	500	816	1	83
"MT"	2000	"Flathead"	"15"	92	340	432	137	306	443	131	303	434	129	307	436	1	84
"MT"	2000	"Flathead"	"16"	171	447	618	290	385	675	276	387	663	277	395	672	1	83
"MT"	2000	"Flathead"	"17"	74	95	169	104	89	193	111	88	199	99	102	201	1	83
"MT"	2000	"Flathead"	"19"	147	488	635	257	420	677	250	428	678	245	431	676	1	79
"MT"	2000	"Flathead"	"2"	91	180	271	137	158	295	133	164	297	122	168	290	1	78
"MT"	2000	"Flathead"	"20"	351	411	762	540	350	890	492	400	892	493	397	890	1	80
"MT"	2000	"Flathead"	"21"	164	503	667	292	424	716	297	412	709	279	418	697	1	83
"MT"	2000	"Flathead"	"21*"	208	580	788	355	492	847	348	486	834	333	502	835	1	83
"MT"	2000	"Flathead"	"24"	209	907	1116	388	826	1214	380	817	1197	367	836	1203	1	79
"MT"	2000	"Flathead"	"25"	211	626	837	361	516	877	354	537	891	323	554	877	1	84
"MT"	2000	"Flathead"	"26"	55	292	347	98	280	378	19	266	285	107	266	373	1	79
"MT"	2000	"Flathead"	"26*"	2	30	32	5	31	36	5	30	35	10	24	34	1	79
"MT"	2000	"Flathead"	"29"	195	580	775	329	513	842	323	506	829	283	541	824	1	76
"MT"	2000	"Flathead"	"3"	173	271	444	250	246	496	246	249	495	223	271	494	1	78
"MT"	2000	"Flathead"	"30"	355	807	1162	533	765	1298	525	783	1308	474	816	1290	1	77
"MT"	2000	"Flathead"	"30*"	112	358	470	196	322	518	192	327	519	169	345	514	1	77
"MT"	2000	"Flathead"	"31"	116	303	419	182	270	452	168	282	450	177	277	454	1	78
"MT"	2000	"Flathead"	"32"	250	500	750	408	407	815	377	412	789	388	413	801	1	78
"MT"	2000	"Flathead"	"33"	222	699	921	354	602	956	334	622	956	328	621	949	1	76
"MT"	2000	"Flathead"	"34"	230	734	964	373	665	1038	352	660	1012	336	687	1023	1	76
"MT"	2000	"Flathead"	"35"	156	486	642	252	404	656	254	401	655	244	418	662	1	83
"MT"	2000	"Flathead"	"36"	222	904	1126	381	806	1187	351	835	1186	343	847	1190	1	79
"MT"	2000	"Flathead"	"38"	365	1017	1382	560	900	1460	546	912	1458	483	968	1451	1	75
"MT"	2000	"Flathead"	"38*"	19	47	66	20	44	64	30	40	70	24	44	68	1	75
"MT"	2000	"Flathead"	"39"	51	199	250	103	162	265	114	148	262	105	160	265	1	80
"MT"	2000	"Flathead"	"4"	204	423	627	287	380	667	281	380	661	270	392	662	1	78
"MT"	2000	"Flathead"	"40"	154	356	510	233	307	540	201	334	535	212	318	530	1	78
"MT"	2000	"Flathead"	"41"	193	557	750	309	491	800	288	509	797	286	519	805	1	77
"MT"	2000	"Flathead"	"42"	188	558	746	296	500	796	296	493	789	259	528	787	1	75
"MT"	2000	"Flathead"	"43"	313	860	1173	508	776	1284	491	765	1256	470	790	1260	1	76
"MT"	2000	"Flathead"	"44"	313	654	967	492	557	1049	451	588	1039	438	591	1029	1	79
"MT"	2000	"Flathead"	"45"	257	463	720	428	383	811	401	406	807	370	425	795	1	80
"MT"	2000	"Flathead"	"47"	255	337	592	429	262	691	363	317	680	371	316	687	1	80
"MT"	2000	"Flathead"	"48"	366	565	931	562	470	1032	567	475	1042	527	503	1030	1	80
"MT"	2000	"Flathead"	"49"	199	378	577	317	334	651	284	367	651	269	375	644	1	80
"MT"	2000	"Flathead"	"50"	160	741	901	341	602	943	330	596	926	282	646	928	1	84
"MT"	2000	"Flathead"	"6"	111	439	550	182	379	561	174	384	558	158	395	553	1	79
"MT"	2000	"Flathead"	"7"	357	1046	1403	525	937	1462	491	972	1463	467	996	1463	1	77
"MT"	2000	"Flathead"	"8"	220	835	1055	402	711	1113	386	718	1104	368	734	1102	1	84
"MT"	2000	"Gallatin"	"1"	311	223	534	464	196	660	448	207	655	439	212	651	1	29
"MT"	2000	"Gallatin"	"10"	278	206	484	402	196	598	378	207	585	391	194	585	1	30
"MT"	2000	"Gallatin"	"11"	241	338	579	340	302	642	313	323	636	343	305	648	1	30
"MT"	2000	"Gallatin"	"12"	67	160	227	121	135	256	95	149	244	119	130	249	1	30
"MT"	2000	"Gallatin"	"13"	154	260	414	219	242	461	212	247	459	227	225	452	1	28
"MT"	2000	"Gallatin"	"14"	407	656	1063	552	576	1128	527	601	1128	555	570	1125	1	28
"MT"	2000	"Gallatin"	"15"	396	621	1017	479	596	1075	490	581	1071	510	570	1080	1	28
"MT"	2000	"Gallatin"	"16"	120	196	316	170	165	335	162	175	337	164	168	332	1	28
"MT"	2000	"Gallatin"	"17"	190	378	568	275	349	624	251	374	625	282	337	619	1	28
"MT"	2000	"Gallatin"	"18"	211	406	617	307	362	669	270	390	660	294	373	667	1	28
"MT"	2000	"Gallatin"	"19"	472	702	1174	593	661	1254	566	662	1228	598	640	1238	1	28
"MT"	2000	"Gallatin"	"2"	317	208	525	492	184	676	449	209	658	474	183	657	1	29
"MT"	2000	"Gallatin"	"20"	181	293	474	241	263	504	219	287	506	236	266	502	1	27
"MT"	2000	"Gallatin"	"21"	121	217	338	188	181	369	164	197	361	183	183	366	1	27
"MT"	2000	"Gallatin"	"22"	409	553	962	582	484	1066	549	521	1070	564	498	1062	1	27
"MT"	2000	"Gallatin"	"23"	81	253	334	134	225	359	117	237	354	118	237	355	1	27
"MT"	2000	"Gallatin"	"24"	369	795	1164	547	698	1245	505	740	1245	507	723	1230	1	27
"MT"	2000	"Gallatin"	"25"	204	561	765	293	503	796	274	531	805	304	496	800	1	27
"MT"	2000	"Gallatin"	"26"	350	630	980	488	537	1025	434	596	1030	461	565	1026	1	27
"MT"	2000	"Gallatin"	"27"	94	269	363	143	245	388	140	251	391	152	237	389	1	27
"MT"	2000	"Gallatin"	"28"	33	64	97	18	60	78	18	57	75	13	62	75	1	27
"MT"	2000	"Gallatin"	"29"	36	74	110	47	66	113	44	70	114	37	77	114	1	27
"MT"	2000	"Gallatin"	"3"	306	220	526	427	190	617	412	209	621	435	185	620	1	29
"MT"	2000	"Gallatin"	"30"	151	442	593	230	392	622	200	416	616	224	403	627	1	32
"MT"	2000	"Gallatin"	"31"	246	792	1038	395	714	1109	377	747	1124	412	714	1126	1	32
"MT"	2000	"Gallatin"	"32"	146	305	451	207	271	478	181	299	480	215	264	479	1	32
"MT"	2000	"Gallatin"	"33"	94	797	891	173	791	964	129	839	968	153	807	960	1	32
"MT"	2000	"Gallatin"	"34"	152	478	630	243	427	670	231	439	670	233	433	666	1	32
"MT"	2000	"Gallatin"	"35"	66	222	288	117	194	311	125	177	302	109	198	307	1	32
"MT"	2000	"Gallatin"	"36"	156	602	758	272	543	815	232	570	802	277	522	799	1	32
"MT"	2000	"Gallatin"	"37"	54	429	483	108	402	510	92	417	509	99	419	518	1	32
"MT"	2000	"Gallatin"	"38"	251	421	672	312	395	707	325	386	711	339	362	701	1	31
"MT"	2000	"Gallatin"	"39"	164	254	418	240	219	459	221	228	449	234	221	455	1	31
"MT"	2000	"Gallatin"	"4"	299	232	531	441	203	644	411	223	634	428	200	628	1	29
"MT"	2000	"Gallatin"	"40"	144	380	524	203	349	552	188	365	553	191	358	549	1	31
"MT"	2000	"Gallatin"	"41"	150	322	472	228	272	500	211	288	499	205	291	496	1	31
"MT"	2000	"Gallatin"	"42"	157	496	653	270	439	709	213	492	705	244	459	703	1	31
"MT"	2000	"Gallatin"	"43"	236	683	919	351	611	962	323	644	967	365	601	966	1	31
"MT"	2000	"Gallatin"	"44"	86	360	446	151	323	474	133	333	466	154	312	466	1	31
"MT"	2000	"Gallatin"	"45"	209	589	798	330	514	844	305	541	846	352	495	847	1	31
"MT"	2000	"Gallatin"	"46"	212	315	527	308	274	582	278	299	577	299	277	576	1	31
"MT"	2000	"Gallatin"	"47"	246	562	808	396	448	844	333	508	841	364	477	841	1	33
"MT"	2000	"Gallatin"	"48"	41	116	157	82	86	168	64	104	168	79	89	168	1	33
"MT"	2000	"Gallatin"	"49"	343	699	1042	495	604	1099	467	637	1104	497	609	1106	1	27
"MT"	2000	"Gallatin"	"5"	267	346	613	392	327	719	389	326	715	405	305	710	1	29
"MT"	2000	"Gallatin"	"6"	175	173	348	248	163	411	250	159	409	248	129	377	1	29
"MT"	2000	"Gallatin"	"7"	220	140	360	334	139	473	331	135	466	345	126	471	1	30
"MT"	2000	"Gallatin"	"8"	189	130	319	240	131	371	241	129	370	246	125	371	1	30
"MT"	2000	"Gallatin"	"9"	229	265	494	324	232	556	308	253	561	315	247	562	1	30
"MT"	2000	"Garfield"	"1"	44	352	396	102	305	407	89	317	406	88	319	407	1	99
"MT"	2000	"Garfield"	"13"	1	15	16	2	16	18	5	14	19	2	17	19	1	99
"MT"	2000	"Garfield"	"14"	3	59	62	4	59	63	9	52	61	5	56	61	1	99
"MT"	2000	"Garfield"	"19"	10	84	94	9	83	92	16	81	97	14	81	95	1	99
"MT"	2000	"Garfield"	"4"	0	9	9	0	10	10	2	7	9	2	8	10	1	99
"MT"	2000	"Garfield"	"5"	1	42	43	5	38	43	12	28	40	7	34	41	1	99
"MT"	2000	"Garfield"	"7"	1	61	62	8	54	62	5	57	62	6	56	62	1	99
"MT"	2000	"Garfield"	"8"	1	29	30	5	24	29	2	26	28	1	26	27	1	99
"MT"	2000	"Glacier"	"1"	99	339	438	158	299	457	162	292	454	174	286	460	1	86
"MT"	2000	"Glacier"	"10"	143	63	206	177	57	234	174	59	233	178	58	236	1	86
"MT"	2000	"Glacier"	"11"	45	14	59	48	16	64	54	11	65	51	12	63	1	85
"MT"	2000	"Glacier"	"12"	183	17	200	203	15	218	204	14	218	200	15	215	1	85
"MT"	2000	"Glacier"	"13"	122	20	142	131	17	148	136	15	151	127	22	149	1	85
"MT"	2000	"Glacier"	"14"	2	31	33	6	26	32	5	26	31	4	30	34	1	85
"MT"	2000	"Glacier"	"15"	107	63	170	125	55	180	131	50	181	127	62	189	1	85
"MT"	2000	"Glacier"	"19"	102	22	124	118	21	139	124	13	137	117	20	137	1	85
"MT"	2000	"Glacier"	"2"	129	253	382	192	200	392	167	227	394	174	221	395	1	86
"MT"	2000	"Glacier"	"21C"	223	12	235	241	8	249	245	9	254	237	15	252	1	85
"MT"	2000	"Glacier"	"3"	105	181	286	140	153	293	125	163	288	145	143	288	1	86
"MT"	2000	"Glacier"	"4"	52	153	205	98	115	213	80	125	205	111	103	214	1	85
"MT"	2000	"Glacier"	"5"	78	356	434	153	294	447	135	308	443	154	286	440	1	85
"MT"	2000	"Glacier"	"6"	46	77	123	70	56	126	65	61	126	72	55	127	1	86
"MT"	2000	"Glacier"	"7"	4	2	6	5	1	6	4	2	6	5	0	5	1	86
"MT"	2000	"Glacier"	"8"	135	15	150	140	14	154	148	5	153	143	13	156	1	86
"MT"	2000	"Glacier"	"9"	636	91	727	677	68	745	699	53	752	681	69	750	1	85
"MT"	2000	"Golden Valley"	"1"	39	211	250	81	171	252	63	182	245	66	194	260	1	8
"MT"	2000	"Golden Valley"	"2"	49	194	243	76	172	248	82	169	251	71	188	259	1	8
"MT"	2000	"Granite"	"1"	75	288	363	162	227	389	145	237	382	146	238	384	1	58
"MT"	2000	"Granite"	"10"	81	366	447	156	313	469	173	292	465	157	314	471	1	58
"MT"	2000	"Granite"	"2"	109	328	437	176	289	465	203	263	466	168	285	453	1	58
"MT"	2000	"Granite"	"9"	30	199	229	58	177	235	64	267	331	57	173	230	1	58
"MT"	2000	"Hill"	"1"	116	136	252	174	104	278	144	134	278	178	99	277	1	91
"MT"	2000	"Hill"	"10"	102	63	165	128	48	176	123	55	178	127	42	169	1	91
"MT"	2000	"Hill"	"11"	95	89	184	141	65	206	133	74	207	145	58	203	1	91
"MT"	2000	"Hill"	"12"	134	143	277	161	115	276	162	117	279	174	100	274	1	91
"MT"	2000	"Hill"	"13"	91	136	227	151	95	246	126	116	242	153	92	245	1	90
"MT"	2000	"Hill"	"14"	76	240	316	135	198	333	123	204	327	136	190	326	1	92
"MT"	2000	"Hill"	"15"	148	222	370	197	194	391	187	203	390	221	169	390	1	90
"MT"	2000	"Hill"	"16"	178	227	405	242	171	413	223	187	410	258	157	415	1	91
"MT"	2000	"Hill"	"18"	76	21	97	75	27	102	82	20	102	78	18	96	1	92
"MT"	2000	"Hill"	"19"	31	128	159	67	102	169	74	92	166	60	101	161	1	90
"MT"	2000	"Hill"	"2"	88	96	184	129	68	197	112	82	194	116	77	193	1	91
"MT"	2000	"Hill"	"20"	33	141	174	68	113	181	73	102	175	63	113	176	1	90
"MT"	2000	"Hill"	"21"	44	120	164	67	98	165	70	98	168	64	99	163	1	90
"MT"	2000	"Hill"	"22"	47	154	201	87	125	212	82	126	208	81	129	210	1	90
"MT"	2000	"Hill"	"23"	21	96	117	38	83	121	37	83	120	41	79	120	1	89
"MT"	2000	"Hill"	"25"	51	163	214	80	133	213	79	136	215	85	130	215	1	91
"MT"	2000	"Hill"	"28"	476	28	504	451	88	539	535	18	553	504	34	538	1	92
"MT"	2000	"Hill"	"3"	142	188	330	193	152	345	177	173	350	215	131	346	1	90
"MT"	2000	"Hill"	"4"	159	188	347	206	151	357	191	162	353	225	131	356	1	90
"MT"	2000	"Hill"	"5"	53	67	120	78	53	131	72	65	137	83	52	135	1	91
"MT"	2000	"Hill"	"6"	114	155	269	166	121	287	157	131	288	179	105	284	1	90
"MT"	2000	"Hill"	"7"	148	173	321	194	129	323	185	144	329	201	128	329	1	90
"MT"	2000	"Hill"	"8"	166	256	422	233	206	439	218	218	436	237	202	439	1	90
"MT"	2000	"Hill"	"9"	171	162	333	225	118	343	222	124	346	234	108	342	1	90
"MT"	2000	"Jefferson"	"1"	234	499	733	336	428	764	327	423	750	293	466	759	1	39
"MT"	2000	"Jefferson"	"12"	43	74	117	69	51	120	67	38	105	61	64	125	1	39
"MT"	2000	"Jefferson"	"15"	23	33	56	36	22	58	33	23	56	33	24	57	1	39
"MT"	2000	"Jefferson"	"2"	77	133	210	119	109	228	107	110	217	105	126	231	1	39
"MT"	2000	"Jefferson"	"20"	143	240	383	215	189	404	200	194	394	187	209	396	1	39
"MT"	2000	"Jefferson"	"27"	361	774	1135	523	656	1179	481	693	1174	461	712	1173	1	39
"MT"	2000	"Jefferson"	"3"	152	227	379	211	184	395	213	182	395	214	187	401	1	39
"MT"	2000	"Jefferson"	"4"	120	324	444	207	267	474	187	279	466	178	301	479	1	39
"MT"	2000	"Jefferson"	"5"	205	660	865	333	563	896	311	566	877	311	573	884	1	39
"MT"	2000	"Jefferson"	"7"	147	237	384	218	192	410	212	189	401	221	203	424	1	39
"MT"	2000	"Jefferson"	"8"	8	107	115	21	101	122	21	98	119	22	102	124	1	39
"MT"	2000	"Judith Basin"	"1"	25	88	113	45	73	118	42	79	121	42	79	121	1	93
"MT"	2000	"Judith Basin"	"2"	42	145	187	70	115	185	71	116	187	67	121	188	1	93
"MT"	2000	"Judith Basin"	"3"	121	421	542	226	343	569	241	323	564	212	345	557	1	93
"MT"	2000	"Judith Basin"	"4"	90	403	493	131	362	493	145	353	498	138	360	498	1	93
"MT"	2000	"Lake"	"1"	110	294	404	163	274	437	147	281	428	148	285	433	1	74
"MT"	2000	"Lake"	"10"	182	312	494	261	265	526	221	292	513	251	276	527	1	74
"MT"	2000	"Lake"	"11"	271	391	662	386	330	716	355	364	719	370	353	723	1	74
"MT"	2000	"Lake"	"12"	181	398	579	292	335	627	265	361	626	264	375	639	1	74
"MT"	2000	"Lake"	"13"	300	396	696	394	323	717	394	328	722	364	358	722	1	74
"MT"	2000	"Lake"	"14"	103	207	310	165	178	343	151	190	341	156	191	347	1	75
"MT"	2000	"Lake"	"15"	86	152	238	110	151	261	111	146	257	120	141	261	1	75
"MT"	2000	"Lake"	"16"	239	325	564	326	268	594	311	289	600	319	284	603	1	73
"MT"	2000	"Lake"	"17"	268	394	662	366	328	694	331	370	701	326	368	694	1	73
"MT"	2000	"Lake"	"18"	168	358	526	241	324	565	222	340	562	242	326	568	1	73
"MT"	2000	"Lake"	"19"	150	265	415	209	235	444	203	245	448	191	254	445	1	73
"MT"	2000	"Lake"	"2"	125	231	356	151	216	367	150	216	366	138	229	367	1	74
"MT"	2000	"Lake"	"20"	144	144	288	181	131	312	171	143	314	196	155	351	1	73
"MT"	2000	"Lake"	"21"	193	157	350	250	152	402	241	150	391	249	147	396	1	73
"MT"	2000	"Lake"	"22"	299	247	546	420	207	627	431	199	630	432	196	628	1	73
"MT"	2000	"Lake"	"3"	241	583	824	372	510	882	326	560	886	317	570	887	1	74
"MT"	2000	"Lake"	"4"	121	344	465	197	305	502	193	312	505	191	316	507	1	75
"MT"	2000	"Lake"	"5"	173	371	544	241	337	578	213	365	578	224	356	580	1	75
"MT"	2000	"Lake"	"6"	174	232	406	232	202	434	205	230	435	200	223	423	1	75
"MT"	2000	"Lake"	"7"	29	134	163	54	118	172	51	117	168	47	122	169	1	75
"MT"	2000	"Lake"	"8"	169	270	439	236	246	482	228	264	492	223	262	485	1	75
"MT"	2000	"Lake"	"9"	158	236	394	224	197	421	199	222	421	211	219	430	1	74
"MT"	2000	"Lewis & Clark"	"1"	426	250	676	611	227	838	609	223	832	599	238	837	1	53
"MT"	2000	"Lewis & Clark"	"10"	172	263	435	257	210	467	230	235	465	252	215	467	1	54
"MT"	2000	"Lewis & Clark"	"11"	272	294	566	414	221	635	385	257	642	372	268	640	1	54
"MT"	2000	"Lewis & Clark"	"12"	366	534	900	503	449	952	472	479	951	470	479	949	1	54
"MT"	2000	"Lewis & Clark"	"13"	310	438	748	441	343	784	423	357	780	392	387	779	1	54
"MT"	2000	"Lewis & Clark"	"14"	208	337	545	333	244	577	290	289	579	286	290	576	1	52
"MT"	2000	"Lewis & Clark"	"15"	348	409	757	472	335	807	439	365	804	439	368	807	1	52
"MT"	2000	"Lewis & Clark"	"16"	263	323	586	359	265	624	333	288	621	337	283	620	1	52
"MT"	2000	"Lewis & Clark"	"17"	418	337	755	576	287	863	565	292	857	554	314	868	1	52
"MT"	2000	"Lewis & Clark"	"18"	347	444	791	454	376	830	457	378	835	427	395	822	1	52
"MT"	2000	"Lewis & Clark"	"19"	391	554	945	514	473	987	499	493	992	497	498	995	1	52
"MT"	2000	"Lewis & Clark"	"2"	244	212	456	333	181	514	333	185	518	335	183	518	1	53
"MT"	2000	"Lewis & Clark"	"20"	183	196	379	250	160	410	231	182	413	244	169	413	1	51
"MT"	2000	"Lewis & Clark"	"21"	223	399	622	336	334	670	311	355	666	327	338	665	1	55
"MT"	2000	"Lewis & Clark"	"22"	209	342	551	303	284	587	294	291	585	286	300	586	1	55
"MT"	2000	"Lewis & Clark"	"23"	226	447	673	343	361	704	320	381	701	309	396	705	1	55
"MT"	2000	"Lewis & Clark"	"24"	207	478	685	314	403	717	285	435	720	301	415	716	1	55
"MT"	2000	"Lewis & Clark"	"25"	208	430	638	324	352	676	295	373	668	302	375	677	1	55
"MT"	2000	"Lewis & Clark"	"26"	168	366	534	264	297	561	233	327	560	259	308	567	1	55
"MT"	2000	"Lewis & Clark"	"27"	143	372	515	239	308	547	215	332	547	225	322	547	1	55
"MT"	2000	"Lewis & Clark"	"28"	45	131	176	73	114	187	72	121	193	64	129	193	1	55
"MT"	2000	"Lewis & Clark"	"29"	135	421	556	254	332	586	244	340	584	220	365	585	1	50
"MT"	2000	"Lewis & Clark"	"3"	428	298	726	605	233	838	574	248	822	581	235	816	1	53
"MT"	2000	"Lewis & Clark"	"30"	66	310	376	117	278	395	142	254	396	116	275	391	1	50
"MT"	2000	"Lewis & Clark"	"31"	5	32	37	6	34	40	9	28	37	7	31	38	1	50
"MT"	2000	"Lewis & Clark"	"32"	28	90	118	45	44	89	54	65	119	53	66	119	1	50
"MT"	2000	"Lewis & Clark"	"33"	33	111	144	55	100	155	63	96	159	65	92	157	1	50
"MT"	2000	"Lewis & Clark"	"34"	233	610	843	398	484	882	347	531	878	372	507	879	1	50
"MT"	2000	"Lewis & Clark"	"35"	128	329	457	199	284	483	183	295	478	184	289	473	1	50
"MT"	2000	"Lewis & Clark"	"36"	116	314	430	207	235	442	176	259	435	206	234	440	1	50
"MT"	2000	"Lewis & Clark"	"37"	190	543	733	339	424	763	292	460	752	294	470	764	1	40
"MT"	2000	"Lewis & Clark"	"38"	60	77	137	86	60	146	77	70	147	81	66	147	1	40
"MT"	2000	"Lewis & Clark"	"39"	171	363	534	253	330	583	258	327	585	259	326	585	1	40
"MT"	2000	"Lewis & Clark"	"4"	340	336	676	480	276	756	477	283	760	459	298	757	1	53
"MT"	2000	"Lewis & Clark"	"40"	106	219	325	157	187	344	147	197	344	167	179	346	1	40
"MT"	2000	"Lewis & Clark"	"41"	218	434	652	342	326	668	367	299	666	333	338	671	1	51
"MT"	2000	"Lewis & Clark"	"42"	219	380	599	348	295	643	325	315	640	324	305	629	1	51
"MT"	2000	"Lewis & Clark"	"43"	350	417	767	501	313	814	449	354	803	447	363	810	1	51
"MT"	2000	"Lewis & Clark"	"44"	94	153	247	141	112	253	129	122	251	130	125	255	1	51
"MT"	2000	"Lewis & Clark"	"45"	175	357	532	276	299	575	259	313	572	253	321	574	1	51
"MT"	2000	"Lewis & Clark"	"46"	279	570	849	404	485	889	395	489	884	364	525	889	1	51
"MT"	2000	"Lewis & Clark"	"5"	351	228	579	460	189	649	454	198	652	431	218	649	1	53
"MT"	2000	"Lewis & Clark"	"6"	95	128	223	131	115	246	130	116	246	131	114	245	1	53
"MT"	2000	"Lewis & Clark"	"7"	308	276	584	396	232	628	365	260	625	382	243	625	1	54
"MT"	2000	"Lewis & Clark"	"8"	287	322	609	386	282	668	374	287	661	341	318	659	1	54
"MT"	2000	"Lewis & Clark"	"9"	190	217	407	265	167	432	245	191	436	227	212	439	1	54
"MT"	2000	"Liberty"	"1"	49	211	260	91	174	265	96	172	268	86	180	266	1	89
"MT"	2000	"Liberty"	"2"	64	166	230	92	145	237	85	150	235	88	143	231	1	89
"MT"	2000	"Liberty"	"3"	67	179	246	119	141	260	108	153	261	101	149	250	1	89
"MT"	2000	"Liberty"	"4"	58	164	222	84	160	244	86	156	242	92	150	242	1	89
"MT"	2000	"Liberty"	"WH1"	5	32	37	7	28	35	6	30	36	7	30	37	1	89
"MT"	2000	"Lincoln"	"1"	50	226	276	93	213	306	99	202	301	74	213	287	1	81
"MT"	2000	"Lincoln"	"10"	171	585	756	252	541	793	296	497	793	285	512	797	1	81
"MT"	2000	"Lincoln"	"11"	35	195	230	64	168	232	71	162	233	75	159	234	1	81
"MT"	2000	"Lincoln"	"12"	155	525	680	233	486	719	293	411	704	276	430	706	1	82
"MT"	2000	"Lincoln"	"13"	163	428	591	241	374	615	290	359	649	288	325	613	1	82
"MT"	2000	"Lincoln"	"14"	17	72	89	28	67	95	37	57	94	35	59	94	1	81
"MT"	2000	"Lincoln"	"15"	160	439	599	225	404	629	269	364	633	259	370	629	1	82
"MT"	2000	"Lincoln"	"16"	270	727	997	408	640	1048	466	579	1045	436	598	1034	1	82
"MT"	2000	"Lincoln"	"2"	37	178	215	76	159	235	82	148	230	63	169	232	1	81
"MT"	2000	"Lincoln"	"3"	196	955	1151	336	878	1214	388	828	1216	327	876	1203	1	81
"MT"	2000	"Lincoln"	"4"	71	306	377	151	246	397	154	245	399	141	255	396	1	81
"MT"	2000	"Lincoln"	"5"	26	69	95	32	67	99	32	65	97	37	62	99	1	81
"MT"	2000	"Lincoln"	"6"	28	108	136	61	105	166	66	93	159	67	94	161	1	81
"MT"	2000	"Lincoln"	"7"	97	260	357	175	210	385	190	194	384	184	197	381	1	81
"MT"	2000	"Lincoln"	"8"	131	424	555	213	385	598	249	344	593	241	352	593	1	72
"MT"	2000	"Lincoln"	"9"	22	81	103	41	67	108	52	58	110	45	64	109	1	81
"MT"	2000	"Madison"	"15_1"	22	163	185	49	148	197	47	148	195	50	145	195	1	33
"MT"	2000	"Madison"	"15_2"	57	243	300	90	229	319	99	212	311	88	226	314	1	33
"MT"	2000	"Madison"	"1_1"	44	66	110	61	54	115	57	60	117	58	62	120	1	33
"MT"	2000	"Madison"	"1_2"	27	142	169	57	121	178	55	125	180	50	130	180	1	33
"MT"	2000	"Madison"	"20"	202	700	902	313	614	927	309	624	933	283	645	928	1	33
"MT"	2000	"Madison"	"21"	121	300	421	173	267	440	195	249	444	179	262	441	1	33
"MT"	2000	"Madison"	"5"	166	584	750	268	515	783	255	530	785	242	552	794	1	33
"MT"	2000	"Madison"	"7"	119	458	577	196	431	627	197	415	612	165	446	611	1	33
"MT"	2000	"McCone"	"16"	1	27	28	1	31	32	3	29	32	7	25	32	1	99
"MT"	2000	"McCone"	"24"	5	18	23	8	17	25	9	16	25	6	19	25	1	99
"MT"	2000	"McCone"	"27"	36	105	141	40	100	140	44	96	140	46	95	141	1	99
"MT"	2000	"McCone"	"30"	52	70	122	69	62	131	78	54	132	70	61	131	1	99
"MT"	2000	"McCone"	"33"	6	23	29	10	19	29	10	19	29	11	19	30	1	99
"MT"	2000	"McCone"	"5"	30	85	115	44	84	128	64	62	126	57	65	122	1	99
"MT"	2000	"McCone"	"7"	81	253	334	112	227	339	123	205	328	128	213	341	1	99
"MT"	2000	"McCone"	"8"	56	246	302	74	237	311	85	222	307	104	202	306	1	99
"MT"	2000	"Meagher"	"10"	22	68	90	24	65	89	23	65	88	25	65	90	1	40
"MT"	2000	"Meagher"	"4"	72	311	383	130	268	398	149	248	397	111	292	403	1	40
"MT"	2000	"Meagher"	"6"	74	234	308	101	211	312	128	196	324	109	219	328	1	40
"MT"	2000	"Meagher"	"8"	8	40	48	10	37	47	13	36	49	13	34	47	1	40
"MT"	2000	"Meagher"	"9"	0	45	45	2	44	46	4	40	44	0	46	46	1	40
"MT"	2000	"Mineral"	"22"	60	138	198	138	118	256	128	126	254	151	102	253	1	71
"MT"	2000	"Mineral"	"24"	60	100	160	101	79	180	83	91	174	95	83	178	1	71
"MT"	2000	"Mineral"	"25"	83	232	315	138	204	342	133	200	333	155	182	337	1	71
"MT"	2000	"Mineral"	"26"	70	212	282	112	180	292	112	174	286	122	172	294	1	71
"MT"	2000	"Mineral"	"27"	20	95	115	43	74	117	51	70	121	58	56	114	1	71
"MT"	2000	"Mineral"	"30"	89	302	391	141	271	412	171	238	409	163	241	404	1	71
"MT"	2000	"Missoula"	"1"	203	75	278	406	67	473	383	78	461	391	77	468	1	66
"MT"	2000	"Missoula"	"10"	146	56	202	307	45	352	276	63	339	287	51	338	1	67
"MT"	2000	"Missoula"	"11"	330	247	577	538	202	740	516	221	737	531	206	737	1	67
"MT"	2000	"Missoula"	"12"	266	232	498	445	177	622	409	204	613	440	180	620	1	68
"MT"	2000	"Missoula"	"13"	50	43	93	76	39	115	71	45	116	75	42	117	1	68
"MT"	2000	"Missoula"	"14"	278	157	435	437	147	584	419	161	580	421	161	582	1	65
"MT"	2000	"Missoula"	"15"	142	91	233	268	76	344	259	83	342	261	79	340	1	66
"MT"	2000	"Missoula"	"16"	142	191	333	207	155	362	192	170	362	212	150	362	1	68
"MT"	2000	"Missoula"	"17"	104	161	265	150	135	285	135	145	280	144	138	282	1	68
"MT"	2000	"Missoula"	"18"	218	262	480	329	218	547	301	242	543	321	226	547	1	64
"MT"	2000	"Missoula"	"19"	331	263	594	491	229	720	459	256	715	467	251	718	1	69
"MT"	2000	"Missoula"	"2"	176	83	259	396	79	475	378	82	460	398	71	469	1	66
"MT"	2000	"Missoula"	"20"	386	415	801	602	341	943	576	359	935	608	333	941	1	69
"MT"	2000	"Missoula"	"21"	231	387	618	401	298	699	367	332	699	415	285	700	1	69
"MT"	2000	"Missoula"	"22"	182	300	482	295	239	534	272	259	531	312	212	524	1	58
"MT"	2000	"Missoula"	"23"	246	505	751	426	395	821	380	487	867	455	361	816	1	58
"MT"	2000	"Missoula"	"24"	213	204	417	322	166	488	303	188	491	315	172	487	1	67
"MT"	2000	"Missoula"	"25"	106	287	393	189	252	441	175	263	438	213	226	439	1	58
"MT"	2000	"Missoula"	"26"	8	51	59	27	40	67	20	48	68	35	33	68	1	58
"MT"	2000	"Missoula"	"27"	253	635	888	423	511	934	400	542	942	412	524	936	1	58
"MT"	2000	"Missoula"	"28"	91	192	283	130	170	300	142	156	298	153	138	291	1	58
"MT"	2000	"Missoula"	"29"	331	430	761	457	344	801	423	350	773	449	350	799	1	70
"MT"	2000	"Missoula"	"3"	264	133	397	474	120	594	448	140	588	466	123	589	1	66
"MT"	2000	"Missoula"	"30"	321	328	649	470	266	736	434	390	824	452	296	748	1	64
"MT"	2000	"Missoula"	"31"	400	1050	1450	707	886	1593	671	925	1596	721	575	1296	1	71
"MT"	2000	"Missoula"	"32"	82	151	233	146	129	275	128	138	266	155	119	274	1	71
"MT"	2000	"Missoula"	"33"	339	124	463	594	120	714	563	137	700	600	104	704	1	67
"MT"	2000	"Missoula"	"34"	268	185	453	410	153	563	376	193	569	398	159	557	1	64
"MT"	2000	"Missoula"	"35"	318	571	889	501	460	961	454	511	965	509	456	965	1	70
"MT"	2000	"Missoula"	"36"	140	254	394	210	220	430	186	239	425	210	214	424	1	70
"MT"	2000	"Missoula"	"37"	127	253	380	194	216	410	176	236	412	175	289	464	1	63
"MT"	2000	"Missoula"	"38"	240	535	775	377	439	816	345	468	813	369	444	813	1	62
"MT"	2000	"Missoula"	"39"	270	112	382	386	103	489	362	119	481	390	102	492	1	65
"MT"	2000	"Missoula"	"4"	205	152	357	346	132	478	318	149	467	355	116	471	1	66
"MT"	2000	"Missoula"	"40"	399	289	688	679	240	919	641	268	909	660	263	923	1	65
"MT"	2000	"Missoula"	"41"	221	239	460	315	194	509	276	228	504	302	206	508	1	64
"MT"	2000	"Missoula"	"42"	322	470	792	442	425	867	431	433	864	439	428	867	1	64
"MT"	2000	"Missoula"	"43"	238	238	476	403	194	597	358	227	585	399	183	582	1	67
"MT"	2000	"Missoula"	"44"	187	205	392	269	173	442	227	207	434	252	176	428	1	63
"MT"	2000	"Missoula"	"45"	197	384	581	288	324	612	266	347	613	300	309	609	1	68
"MT"	2000	"Missoula"	"46"	344	306	650	524	216	740	507	272	779	495	288	783	1	64
"MT"	2000	"Missoula"	"47"	239	211	450	362	151	513	345	194	539	359	156	515	1	68
"MT"	2000	"Missoula"	"48"	64	126	190	108	105	213	102	107	209	101	111	212	1	62
"MT"	2000	"Missoula"	"49"	336	466	802	508	384	892	450	488	938	472	420	892	1	63
"MT"	2000	"Missoula"	"5"	143	163	306	207	135	342	199	140	339	201	142	343	1	66
"MT"	2000	"Missoula"	"50"	119	136	255	187	104	291	168	110	278	186	101	287	1	68
"MT"	2000	"Missoula"	"51"	216	314	530	324	254	578	297	289	586	310	272	582	1	63
"MT"	2000	"Missoula"	"52"	364	252	616	639	171	810	594	191	785	566	228	794	1	65
"MT"	2000	"Missoula"	"53"	61	174	235	111	143	254	98	151	249	100	151	251	1	70
"MT"	2000	"Missoula"	"54"	261	90	351	433	82	515	415	90	505	426	85	511	1	66
"MT"	2000	"Missoula"	"55"	272	356	628	423	287	710	390	316	706	404	314	718	1	69
"MT"	2000	"Missoula"	"56"	369	470	839	500	410	910	480	435	915	460	444	904	1	69
"MT"	2000	"Missoula"	"57"	422	927	1349	623	791	1414	563	866	1429	606	821	1427	1	63
"MT"	2000	"Missoula"	"58"	344	332	676	506	259	765	464	300	764	487	287	774	1	68
"MT"	2000	"Missoula"	"59"	301	404	705	445	322	767	398	360	758	438	331	769	1	63
"MT"	2000	"Missoula"	"6"	405	781	1186	616	677	1293	564	721	1285	580	701	1281	1	62
"MT"	2000	"Missoula"	"60"	194	382	576	330	316	646	312	331	643	382	316	698	1	62
"MT"	2000	"Missoula"	"61"	412	435	847	552	365	917	537	378	915	524	393	917	1	64
"MT"	2000	"Missoula"	"62"	231	419	650	331	359	690	318	370	688	332	353	685	1	62
"MT"	2000	"Missoula"	"63"	118	306	424	199	263	462	190	274	464	218	281	499	1	62
"MT"	2000	"Missoula"	"64"	300	218	518	431	182	613	412	197	609	471	189	660	1	69
"MT"	2000	"Missoula"	"65"	341	390	731	499	344	843	497	350	847	497	351	848	1	69
"MT"	2000	"Missoula"	"66"	198	279	477	325	218	543	312	239	551	334	221	555	1	67
"MT"	2000	"Missoula"	"67"	260	379	639	403	321	724	373	351	724	402	324	726	1	70
"MT"	2000	"Missoula"	"68"	272	371	643	382	309	691	353	338	691	373	325	698	1	70
"MT"	2000	"Missoula"	"69"	366	643	1009	544	558	1102	524	571	1095	539	554	1093	1	63
"MT"	2000	"Missoula"	"7"	215	164	379	431	121	552	417	141	558	420	136	556	1	66
"MT"	2000	"Missoula"	"70"	234	504	738	362	415	777	337	443	780	380	394	774	1	70
"MT"	2000	"Missoula"	"71"	196	111	307	460	94	554	480	109	589	445	104	549	1	67
"MT"	2000	"Missoula"	"72"	4	11	15	8	10	18	6	12	18	8	8	16	1	64
"MT"	2000	"Missoula"	"74"	7	34	41	23	23	46	15	31	46	17	30	47	1	71
"MT"	2000	"Missoula"	"8"	320	138	458	563	124	687	531	133	664	539	137	676	1	65
"MT"	2000	"Missoula"	"9"	348	212	560	602	169	771	575	196	771	570	202	772	1	65
"MT"	2000	"Musselshell"	"1"	145	314	459	188	281	469	198	259	457	189	275	464	1	8
"MT"	2000	"Musselshell"	"3"	137	263	400	180	228	408	173	238	411	196	217	413	1	8
"MT"	2000	"Musselshell"	"5"	65	330	395	105	306	411	103	303	406	108	299	407	1	8
"MT"	2000	"Musselshell"	"6"	125	473	598	201	413	614	161	448	609	206	403	609	1	8
"MT"	2000	"Musselshell"	"7"	23	119	142	29	113	142	37	107	144	42	103	145	1	8
"MT"	2000	"Musselshell"	"8"	17	83	100	29	73	102	18	80	98	25	74	99	1	8
"MT"	2000	"Park"	"1"	286	338	624	434	287	721	386	326	712	455	270	725	1	26
"MT"	2000	"Park"	"2"	247	369	616	362	329	691	341	362	703	374	328	702	1	26
"MT"	2000	"Park"	"2-B"													1	26
"MT"	2000	"Park"	"2_B"	200	386	586	298	320	618	276	345	621	288	336	624	1	26
"MT"	2000	"Park"	"3"	319	553	872	463	469	932	424	508	932	471	464	935	1	26
"MT"	2000	"Park"	"4"	286	385	671	396	337	733	380	355	735	411	331	742	1	26
"MT"	2000	"Park"	"5_A"	97	426	523	156	404	560	143	426	569	154	410	564	1	25
"MT"	2000	"Park"	"5_B"	256	528	784	372	463	835	356	475	831	356	480	836	1	25
"MT"	2000	"Park"	"5_C"	23	54	77	33	44	77	40	38	78	42	37	79	1	25
"MT"	2000	"Park"	"5_D"	69	234	303	109	220	329	109	224	333	104	228	332	1	25
"MT"	2000	"Park"	"6_A"	26	100	126	48	86	134	48	86	134	262	85	347	1	25
"MT"	2000	"Park"	"6_B"	175	430	605	265	372	637	244	394	638	49	380	429	1	25
"MT"	2000	"Park"	"7_A"	23	59	82	34	52	86	37	47	84	37	49	86	1	25
"MT"	2000	"Park"	"7_B"	9	36	45	10	35	45	10	34	44	11	34	45	1	25
"MT"	2000	"Park"	"7_C"	45	240	285	86	213	299	75	220	295	66	224	290	1	25
"MT"	2000	"Park"	"7_D"	93	385	478	163	340	503	176	333	509	163	348	511	1	25
"MT"	2000	"Petroleum"	"1"	36	254	290	63	240	303	75	230	305	70	235	305	1	93
"MT"	2000	"Phillips"	"11"	4	61	65	5	60	65	7	57	64	9	59	68	1	95
"MT"	2000	"Phillips"	"12"	55	411	466	108	368	476	117	357	474	96	381	477	1	95
"MT"	2000	"Phillips"	"15"	17	13	30	20	15	35	20	13	33	19	14	33	1	92
"MT"	2000	"Phillips"	"16"	14	92	106	25	82	107	30	75	105	24	81	105	1	95
"MT"	2000	"Phillips"	"2_1"	17	37	54	21	32	53	24	28	52	24	29	53	1	95
"MT"	2000	"Phillips"	"2_A"	12	50	62	19	49	68	22	45	67	17	49	66	1	95
"MT"	2000	"Phillips"	"5"	4	49	53	6	46	52	8	45	53	11	40	51	1	95
"MT"	2000	"Phillips"	"6"	1	24	25	2	23	25	4	21	25	4	20	24	1	95
"MT"	2000	"Phillips"	"7"	4	62	66	9	60	69	13	55	68	14	54	68	1	95
"MT"	2000	"Phillips"	"8_1"	38	61	99	46	58	104	46	58	104	44	60	104	1	95
"MT"	2000	"Phillips"	"8_A"	22	120	142	28	117	145	49	95	144	30	115	145	1	95
"MT"	2000	"Phillips"	"9_1"	110	238	348	152	205	357	159	192	351	142	223	365	1	95
"MT"	2000	"Phillips"	"9_2"	125	509	634	189	452	641	175	453	628	158	473	631	1	95
"MT"	2000	"Pondera"	"19"	60	132	192	87	110	197	97	105	202	92	105	197	1	88
"MT"	2000	"Pondera"	"20"	163	15	178	179	16	195	194	10	204	187	14	201	1	86
"MT"	2000	"Pondera"	"22"	86	204	290	133	153	286	123	171	294	140	154	294	1	88
"MT"	2000	"Pondera"	"23"	17	99	116	35	78	113	24	88	112	33	76	109	1	86
"MT"	2000	"Pondera"	"24"	94	216	310	147	175	322	130	196	326	156	177	333	1	86
"MT"	2000	"Pondera"	"25"	26	130	156	62	99	161	43	123	166	61	109	170	1	86
"MT"	2000	"Pondera"	"26"	104	248	352	141	203	344	131	230	361	158	200	358	1	86
"MT"	2000	"Pondera"	"27"	70	210	280	126	161	287	120	183	303	138	166	304	1	88
"MT"	2000	"Pondera"	"28"	69	339	408	150	268	418	140	284	424	145	279	424	1	88
"MT"	2000	"Pondera"	"34"	67	194	261	103	167	270	103	166	269	111	160	271	1	86
"MT"	2000	"Pondera"	"35"	36	161	197	71	133	204	66	142	208	79	129	208	1	86
"MT"	2000	"Powder River"	"1"	0	15	15	2	14	16	3	13	16	0	15	15	1	1
"MT"	2000	"Powder River"	"10"	2	39	41	2	40	42	3	37	40	4	36	40	1	1
"MT"	2000	"Powder River"	"11"	5	136	141	11	130	141	29	111	140	22	113	135	1	1
"MT"	2000	"Powder River"	"12"	69	417	486	106	381	487	111	363	474	126	363	489	1	1
"MT"	2000	"Powder River"	"3"	3	29	32	5	27	32	6	26	32	6	26	32	1	1
"MT"	2000	"Powder River"	"4"	5	41	46	8	41	49	13	37	50	8	41	49	1	1
"MT"	2000	"Powder River"	"5"	15	69	84	20	67	87	15	67	82	24	61	85	1	1
"MT"	2000	"Powder River"	"6"	1	29	30	3	24	27	4	23	27	6	21	27	1	1
"MT"	2000	"Powder River"	"7"	4	19	23	7	18	25	7	18	25	6	17	23	1	1
"MT"	2000	"Powder River"	"9"	11	66	77	14	64	78	22	53	75	27	52	79	1	1
"MT"	2000	"Powell"	"1"	15	114	129	22	108	130	25	107	132	13	115	128	1	56
"MT"	2000	"Powell"	"10"	11	61	72	21	59	80	30	51	81	21	59	80	1	56
"MT"	2000	"Powell"	"11"	12	61	73	17	57	74	14	60	74	18	55	73	1	56
"MT"	2000	"Powell"	"12"	20	111	131	47	100	147	48	92	140	38	101	139	1	58
"MT"	2000	"Powell"	"14"	31	121	152	54	114	168	63	104	167	65	99	164	1	58
"MT"	2000	"Powell"	"16"	31	103	134	57	90	147	63	83	146	54	89	143	1	56
"MT"	2000	"Powell"	"3"	69	266	335	117	236	353	128	228	356	117	235	352	1	56
"MT"	2000	"Powell"	"4"	95	223	318	134	201	335	153	178	331	160	167	327	1	56
"MT"	2000	"Powell"	"5"	93	271	364	154	233	387	149	237	386	155	226	381	1	56
"MT"	2000	"Powell"	"6"	95	271	366	165	236	401	174	223	397	177	217	394	1	56
"MT"	2000	"Powell"	"7"	114	241	355	183	205	388	182	204	386	186	204	390	1	56
"MT"	2000	"Powell"	"8"	52	128	180	86	110	196	77	117	194	73	121	194	1	56
"MT"	2000	"Prairie"	"1"	57	130	187	78	118	196	81	116	197	79	126	205	1	3
"MT"	2000	"Prairie"	"2"	52	116	168	66	116	182	79	103	182	63	111	174	1	3
"MT"	2000	"Prairie"	"3"	34	134	168	51	113	164	62	103	165	55	109	164	1	3
"MT"	2000	"Prairie"	"4"	21	161	182	32	153	185	36	148	184	34	152	186	1	3
"MT"	2000	"Ravalli"	"1"	23	126	149	31	127	158	33	121	154	45	111	156	1	59
"MT"	2000	"Ravalli"	"10"	548	828	1376	734	729	1463	744	749	1493	778	710	1488	1	60
"MT"	2000	"Ravalli"	"11"	599	1892	2491	1046	1632	2678	930	1756	2686	997	1690	2687	1	60
"MT"	2000	"Ravalli"	"12"	1	165	166	12	181	193	9	191	200	12	182	194	1	60
"MT"	2000	"Ravalli"	"13"	402	1015	1417	622	861	1483	579	908	1487	612	880	1492	1	61
"MT"	2000	"Ravalli"	"14"	518	1427	1945	842	1245	2087	750	1343	2093	823	1266	2089	1	61
"MT"	2000	"Ravalli"	"15"	250	392	642	352	334	686	326	367	693	348	337	685	1	61
"MT"	2000	"Ravalli"	"16"	331	829	1160	540	676	1216	489	714	1203	510	686	1196	1	61
"MT"	2000	"Ravalli"	"17"	268	711	979	455	615	1070	431	635	1066	459	608	1067	1	61
"MT"	2000	"Ravalli"	"18"	192	405	597	326	331	657	303	351	654	320	336	656	1	62
"MT"	2000	"Ravalli"	"2"	101	303	404	166	274	440	182	244	426	177	255	432	1	59
"MT"	2000	"Ravalli"	"3"	111	529	640	178	483	661	185	473	658	189	473	662	1	59
"MT"	2000	"Ravalli"	"4"	59	197	256	79	191	270	89	180	269	91	172	263	1	59
"MT"	2000	"Ravalli"	"5"	67	264	331	122	223	345	109	233	342	126	218	344	1	59
"MT"	2000	"Ravalli"	"6"	200	494	694	326	427	753	309	433	742	339	409	748	1	59
"MT"	2000	"Ravalli"	"7"	447	961	1408	657	831	1488	612	878	1490	672	818	1490	1	59
"MT"	2000	"Ravalli"	"8"	155	365	520	215	328	543	204	343	547	225	317	542	1	59
"MT"	2000	"Ravalli"	"9"	179	338	517	263	302	565	241	324	565	259	304	563	1	60
"MT"	2000	"Richland"	"1"	87	167	254	99	159	258	115	148	263	98	165	263	1	100
"MT"	2000	"Richland"	"12"	109	332	441	139	312	451	199	253	452	141	315	456	1	99
"MT"	2000	"Richland"	"17"	18	68	86	22	67	89	37	52	89	17	2	19	1	99
"MT"	2000	"Richland"	"19"	26	106	132	46	89	135	62	71	133	42	89	131	1	99
"MT"	2000	"Richland"	"2"	67	176	243	78	163	241	111	140	251	87	162	249	1	100
"MT"	2000	"Richland"	"22"	72	306	378	84	297	381	138	244	382	107	271	378	1	100
"MT"	2000	"Richland"	"23"	100	351	451	123	343	466	171	287	458	131	328	459	1	100
"MT"	2000	"Richland"	"3"	114	183	297	134	177	311	146	165	311	127	182	309	1	100
"MT"	2000	"Richland"	"4"	80	228	308	97	212	309	125	186	311	113	198	311	1	100
"MT"	2000	"Richland"	"5"	80	215	295	103	207	310	153	154	307	108	198	306	1	99
"MT"	2000	"Richland"	"7"	49	110	159	61	104	165	89	89	178	62	103	165	1	99
"MT"	2000	"Richland"	"8"	175	462	637	179	458	637	264	375	639	203	435	638	1	100
"MT"	2000	"Richland"	"9"	41	154	195	55	145	200	79	116	195	57	140	197	1	100
"MT"	2000	"Roosevelt"	"10"	44	115	159	68	93	161	80	92	172	72	93	165	1	97
"MT"	2000	"Roosevelt"	"12"	150	224	374	139	236	375	179	194	373	178	199	377	1	97
"MT"	2000	"Roosevelt"	"15"	151	38	189	153	45	198	176	22	198	166	29	195	1	98
"MT"	2000	"Roosevelt"	"18"	721	221	942	708	260	968	802	174	976	786	177	963	1	98
"MT"	2000	"Roosevelt"	"2"	45	88	133	34	108	142	54	86	140	62	80	142	1	97
"MT"	2000	"Roosevelt"	"20"	22	42	64	32	35	67	33	35	68	40	28	68	1	97
"MT"	2000	"Roosevelt"	"24"	317	147	464	322	159	481	366	122	488	347	134	481	1	98
"MT"	2000	"Roosevelt"	"26"	214	356	570	247	347	594	271	333	604	287	322	609	1	98
"MT"	2000	"Roosevelt"	"27"	312	148	460	325	141	466	345	127	472	340	127	467	1	98
"MT"	2000	"Roosevelt"	"28"	11	95	106	15	93	108	24	83	107	29	79	108	1	97
"MT"	2000	"Roosevelt"	"31"	61	80	141	75	67	142	76	70	146	79	65	144	1	97
"MT"	2000	"Roosevelt"	"35"	11	51	62	24	45	69	29	41	70	31	36	67	1	97
"MT"	2000	"Rosebud"	"10"	24	101	125	44	96	140	60	78	138	50	91	141	1	3
"MT"	2000	"Rosebud"	"11"	5	58	63	9	51	60	14	49	63	10	49	59	1	7
"MT"	2000	"Rosebud"	"15"	420	80	500	437	87	524	465	58	523	472	53	525	1	5
"MT"	2000	"Rosebud"	"17"	111	98	209	140	85	225	121	96	217	146	67	213	1	5
"MT"	2000	"Rosebud"	"2"	10	50	60	22	40	62	20	39	59	19	42	61	1	7
"MT"	2000	"Rosebud"	"20"	28	78	106	44	67	111	48	65	113	51	62	113	1	3
"MT"	2000	"Rosebud"	"21"	28	126	154	49	107	156	47	110	157	49	105	154	1	7
"MT"	2000	"Rosebud"	"25"	1	14	15	1	14	15	2	13	15	3	12	15	1	3
"MT"	2000	"Rosebud"	"26"	5	66	71	11	66	77	11	65	76	13	60	73	1	7
"MT"	2000	"Rosebud"	"3"	164	277	441	237	239	476	242	234	476	243	230	473	1	3
"MT"	2000	"Rosebud"	"30"	27	59	86	25	56	81	27	59	86	30	54	84	1	5
"MT"	2000	"Rosebud"	"32"	392	564	956	557	460	1017	519	496	1015	583	439	1022	1	7
"MT"	2000	"Rosebud"	"6"	171	215	386	253	178	431	258	171	429	264	168	432	1	3
"MT"	2000	"Rosebud"	"7"	8	40	48	18	36	54	21	36	57	22	34	56	1	5
"MT"	2000	"Sanders"	"1"	45	103	148	74	85	159	69	91	160	63	96	159	1	71
"MT"	2000	"Sanders"	"11"	76	74	150	98	77	175	108	68	176	94	74	168	1	71
"MT"	2000	"Sanders"	"12"	171	334	505	278	290	568	260	307	567	234	318	552	1	71
"MT"	2000	"Sanders"	"2"	204	469	673	283	421	704	281	415	696	294	406	700	1	72
"MT"	2000	"Sanders"	"2A"	123	376	499	212	317	529	192	327	519	237	283	520	1	72
"MT"	2000	"Sanders"	"4"	158	413	571	241	376	617	261	352	613	276	340	616	1	72
"MT"	2000	"Sanders"	"4A"	158	540	698	278	452	730	269	459	728	280	445	725	1	72
"MT"	2000	"Sanders"	"6"	22	106	128	33	97	130	45	86	131	38	91	129	1	72
"MT"	2000	"Sanders"	"7"	80	360	440	132	328	460	174	284	458	166	286	452	1	72
"MT"	2000	"Sanders"	"8"	70	220	290	104	207	311	112	193	305	136	165	301	1	72
"MT"	2000	"Sanders"	"9"	58	149	207	86	145	231	86	137	223	93	129	222	1	72
"MT"	2000	"Sheridan"	"1"	44	87	131	57	82	139	70	67	137	60	77	137	1	97
"MT"	2000	"Sheridan"	"10"	108	194	302	138	176	314	171	132	303	135	175	310	1	97
"MT"	2000	"Sheridan"	"17"	69	148	217	87	138	225	125	103	228	99	126	225	1	97
"MT"	2000	"Sheridan"	"18"	64	96	160	78	88	166	94	75	169	82	82	164	1	97
"MT"	2000	"Sheridan"	"20"	146	188	334	164	172	336	186	153	339	168	167	335	1	97
"MT"	2000	"Sheridan"	"5"	43	113	156	69	94	163	73	91	164	60	104	164	1	97
"MT"	2000	"Sheridan"	"8"	100	164	264	110	160	270	139	132	271	126	134	260	1	97
"MT"	2000	"Sheridan"	"9"	128	186	314	151	170	321	171	154	325	138	187	325	1	97
"MT"	2000	"Silver Bow"	"1"	365	202	567	452	155	607	455	137	592	435	176	611	1	36
"MT"	2000	"Silver Bow"	"10"													1	38
"MT"	2000	"Silver Bow"	"11"													1	38
"MT"	2000	"Silver Bow"	"12"													1	38
"MT"	2000	"Silver Bow"	"13"													1	38
"MT"	2000	"Silver Bow"	"14"													1	38
"MT"	2000	"Silver Bow"	"15"													1	38
"MT"	2000	"Silver Bow"	"16"	423	298	721	540	256	796	552	236	788	510	292	802	1	37
"MT"	2000	"Silver Bow"	"17"													1	38
"MT"	2000	"Silver Bow"	"18"	274	100	374	322	80	402	304	88	392	301	107	408	1	36
"MT"	2000	"Silver Bow"	"19"	105	62	167	139	45	184	117	63	180	128	54	182	1	37
"MT"	2000	"Silver Bow"	"2"	430	242	672	512	191	703	528	171	699	507	198	705	1	36
"MT"	2000	"Silver Bow"	"20"	372	354	726	505	271	776	519	265	784	478	310	788	1	35
"MT"	2000	"Silver Bow"	"21"	470	252	722	569	229	798	573	211	784	548	245	793	1	36
"MT"	2000	"Silver Bow"	"22"	395	218	613	482	179	661	470	180	650	464	198	662	1	37
"MT"	2000	"Silver Bow"	"23"	345	226	571	471	155	626	453	162	615	443	175	618	1	37
"MT"	2000	"Silver Bow"	"24"	494	304	798	636	225	861	650	213	863	618	248	866	1	37
"MT"	2000	"Silver Bow"	"25"													1	38
"MT"	2000	"Silver Bow"	"26"	69	68	137	104	50	154	103	49	152	100	55	155	1	37
"MT"	2000	"Silver Bow"	"27"	145	207	352	223	150	373	216	161	377	191	190	381	1	37
"MT"	2000	"Silver Bow"	"28"	23	65	88	44	49	93	38	56	94	40	54	94	1	33
"MT"	2000	"Silver Bow"	"29"	23	63	86	40	61	101	47	53	100	27	74	101	1	33
"MT"	2000	"Silver Bow"	"3"	414	226	640	475	208	683	510	176	686	466	228	694	1	36
"MT"	2000	"Silver Bow"	"4"	399	291	690	473	256	729	496	234	730	430	301	731	1	36
"MT"	2000	"Silver Bow"	"5"	428	262	690	540	204	744	542	195	737	529	214	743	1	35
"MT"	2000	"Silver Bow"	"6"	367	288	655	441	242	683	483	209	692	415	275	690	1	35
"MT"	2000	"Silver Bow"	"7"	321	282	603	382	257	639	420	209	629	375	263	638	1	35
"MT"	2000	"Silver Bow"	"8"	447	594	1041	568	538	1106	612	478	1090	536	570	1106	1	35
"MT"	2000	"Silver Bow"	"9"	524	630	1154	751	511	1262	747	508	1255	712	556	1268	1	35
"MT"	2000	"Still Water"	"1"	360	1018	1378	583	845	1428	597	830	1427	555	868	1423	1	24
"MT"	2000	"Still Water"	"10"	37	122	159	64	107	171	59	110	169	49	112	161	1	24
"MT"	2000	"Still Water"	"11"	42	146	188	65	135	200	79	125	204	67	136	203	1	24
"MT"	2000	"Still Water"	"13"	176	574	750	284	491	775	302	475	777	274	500	774	1	24
"MT"	2000	"Still Water"	"2"	235	565	800	386	451	837	335	486	821	356	477	833	1	24
"MT"	2000	"Still Water"	"4"	33	122	155	44	116	160	44	111	155	41	115	156	1	24
"MT"	2000	"Still Water"	"7"	7	84	91	15	78	93	18	74	92	16	77	93	1	24
"MT"	2000	"Still Water"	"9"	32	134	166	46	119	165	55	112	167	34	132	166	1	24
"MT"	2000	"Sweet Grass"	"1"	113	401	514	145	370	515	184	343	527	143	386	529	1	25
"MT"	2000	"Sweet Grass"	"2"	75	220	295	95	195	290	102	194	296	93	204	297	1	25
"MT"	2000	"Sweet Grass"	"3"	42	244	286	64	221	285	72	223	295	70	227	297	1	24
"MT"	2000	"Sweet Grass"	"4"	30	312	342	52	293	345	62	286	348	47	298	345	1	25
"MT"	2000	"Sweet Grass"	"5"	45	273	318	68	267	335	89	246	335	69	267	336	1	24
"MT"	2000	"Teton"	"1"	385	966	1351	541	811	1352	573	841	1414	599	810	1409	1	87
"MT"	2000	"Teton"	"11"	24	154	178	48	130	178	64	118	182	51	135	186	1	87
"MT"	2000	"Teton"	"17"	96	281	377	140	241	381	144	243	387	168	220	388	1	87
"MT"	2000	"Teton"	"6"	88	225	313	136	195	331	112	219	331	157	174	331	1	87
"MT"	2000	"Teton"	"7"	254	668	922	350	570	920	358	583	941	385	553	938	1	87
"MT"	2000	"Toole"	"Devon Hall"	22	60	82	39	43	82	34	50	84	46	39	85	1	88
"MT"	2000	"Toole"	"Galata Hall"	29	62	91	32	59	91	33	57	90	37	54	91	1	88
"MT"	2000	"Toole"	"Kevin #1"	28	53	81	40	42	82	35	51	86	38	45	83	1	88
"MT"	2000	"Toole"	"Kevin #3"	67	122	189	99	99	198	104	101	205	103	104	207	1	88
"MT"	2000	"Toole"	"Phoenix Energy"	9	56	65	20	43	63	13	55	68	25	42	67	1	88
"MT"	2000	"Toole"	"Shelby #1"	99	309	408	189	228	417	151	260	411	188	236	424	1	88
"MT"	2000	"Toole"	"Shelby #2"	157	280	437	217	216	433	202	248	450	234	214	448	1	88
"MT"	2000	"Toole"	"Shelby #3"	130	323	453	217	246	463	192	284	476	237	240	477	1	88
"MT"	2000	"Toole"	"Shelby #6"	44	181	225	67	162	229	67	166	233	78	154	232	1	88
"MT"	2000	"Toole"	"Sunburst Library"	17	98	115	27	82	109	37	78	115	33	79	112	1	88
"MT"	2000	"Toole"	"Sunburst School"	2	34	36	10	27	37	7	29	36	7	30	37	1	88
"MT"	2000	"Toole"	"Sweetgrass Hall"	26	61	87	35	55	90	33	51	84	45	46	91	1	88
"MT"	2000	"Treasure"	"3"	1	39	40	9	32	41	9	34	43	8	35	43	1	7
"MT"	2000	"Treasure"	"4"	102	271	373	167	215	382	156	219	375	145	245	390	1	7
"MT"	2000	"Treasure"	"6"	3	34	37	6	29	35	8	27	35	10	26	36	1	7
"MT"	2000	"Valley"	"1"	215	422	637	280	373	653	271	380	651	284	364	648	1	96
"MT"	2000	"Valley"	"2"	143	209	352	190	184	374	201	175	376	196	165	361	1	96
"MT"	2000	"Valley"	"3"	206	318	524	263	274	537	267	271	538	278	258	536	1	96
"MT"	2000	"Valley"	"4"	115	175	290	168	140	308	176	131	307	171	129	300	1	96
"MT"	2000	"Valley"	"6"	51	147	198	79	129	208	77	133	210	80	124	204	1	96
"MT"	2000	"Valley"	"8"	64	219	283	102	184	286	113	174	287	98	187	285	1	95
"MT"	2000	"Valley"	"9"	42	207	249	95	165	260	68	190	258	81	171	252	1	95
"MT"	2000	"Valley"	"Court 7"	195	482	677	289	436	725	282	449	731	266	455	721	1	95
"MT"	2000	"Valley"	"Frazer 5"	123	61	184	127	58	185	149	38	187	141	45	186	1	96
"MT"	2000	"Valley"	"Lustre 5"	5	145	150	14	135	149	12	141	153	10	142	152	1	96
"MT"	2000	"Valley"	"Peck 7"	114	115	229	139	104	243	150	95	245	145	97	242	1	95
"MT"	2000	"Wheatland"	"1"	11	54	65	15	52	67	14	51	65	11	56	67	1	8
"MT"	2000	"Wheatland"	"2"	124	283	407	167	251	418	163	252	415	151	268	419	1	8
"MT"	2000	"Wheatland"	"3"	9	59	68	15	56	71	12	59	71	11	60	71	1	8
"MT"	2000	"Wheatland"	"4"	35	119	154	42	115	157	46	111	157	35	125	160	1	8
"MT"	2000	"Wheatland"	"9"	64	193	257	96	168	264	95	168	263	90	179	269	1	8
"MT"	2000	"Wibaux"	"1"	74	148	222	90	135	225	97	121	218	91	124	215	1	1
"MT"	2000	"Wibaux"	"2"	47	221	268	97	184	281	98	174	272	96	178	274	1	1
"MT"	2000	"Yellowstone"	"1"	25	138	163	48	118	166	51	108	159	45	116	161	1	7
"MT"	2000	"Yellowstone"	"10"	4	16	20	8	16	24	11	12	23	7	19	26	1	15
"MT"	2000	"Yellowstone"	"11"	20	163	183	34	152	186	38	147	185	36	151	187	1	8
"MT"	2000	"Yellowstone"	"12"	330	496	826	423	421	844	394	452	846	427	420	847	1	12
"MT"	2000	"Yellowstone"	"13"	129	111	240	162	100	262	152	108	260	166	94	260	1	13
"MT"	2000	"Yellowstone"	"14"	248	165	413	295	137	432	270	154	424	309	128	437	1	13
"MT"	2000	"Yellowstone"	"15"	121	211	332	165	181	346	166	177	343	177	169	346	1	7
"MT"	2000	"Yellowstone"	"16"	76	159	235	113	129	242	105	138	243	95	149	244	1	16
"MT"	2000	"Yellowstone"	"17"	40	95	135	60	80	140	54	87	141	56	85	141	1	12
"MT"	2000	"Yellowstone"	"18"	88	191	279	127	164	291	122	166	288	139	155	294	1	7
"MT"	2000	"Yellowstone"	"19"	80	196	276	112	176	288	96	190	286	105	181	286	1	15
"MT"	2000	"Yellowstone"	"2"	19	53	72	32	42	74	27	45	72	28	44	72	1	17
"MT"	2000	"Yellowstone"	"20"	201	352	553	297	278	575	262	310	572	281	295	576	1	22
"MT"	2000	"Yellowstone"	"21"	327	414	741	418	342	760	388	374	762	417	347	764	1	20
"MT"	2000	"Yellowstone"	"22"	83	237	320	138	195	333	128	199	327	137	194	331	1	9
"MT"	2000	"Yellowstone"	"23"	439	511	950	567	474	1041	550	475	1025	558	475	1033	1	14
"MT"	2000	"Yellowstone"	"24"	275	520	795	380	440	820	365	450	815	353	473	826	1	9
"MT"	2000	"Yellowstone"	"25"	215	459	674	307	390	697	292	408	700	320	384	704	1	16
"MT"	2000	"Yellowstone"	"26"	366	461	827	472	383	855	445	408	853	467	386	853	1	19
"MT"	2000	"Yellowstone"	"27"	259	568	827	376	480	856	377	471	848	385	471	856	1	7
"MT"	2000	"Yellowstone"	"28"	179	479	658	276	409	685	247	434	681	271	411	682	1	15
"MT"	2000	"Yellowstone"	"29"	234	253	487	291	219	510	261	245	506	294	215	509	1	18
"MT"	2000	"Yellowstone"	"3"	291	561	852	417	456	873	391	481	872	402	479	881	1	12
"MT"	2000	"Yellowstone"	"30"	192	464	656	307	364	671	264	408	672	300	376	676	1	15
"MT"	2000	"Yellowstone"	"31"	402	682	1084	526	577	1103	522	584	1106	529	587	1116	1	21
"MT"	2000	"Yellowstone"	"32"	385	391	776	495	298	793	456	337	793	498	298	796	1	17
"MT"	2000	"Yellowstone"	"33"	484	756	1240	594	669	1263	582	681	1263	578	690	1268	1	19
"MT"	2000	"Yellowstone"	"34"	300	359	659	277	303	580	273	305	578	272	301	573	1	12
"MT"	2000	"Yellowstone"	"35"	295	366	661	375	312	687	348	334	682	382	306	688	1	22
"MT"	2000	"Yellowstone"	"36"	306	588	894	426	498	924	369	539	908	389	529	918	1	22
"MT"	2000	"Yellowstone"	"37"	304	623	927	378	573	951	389	570	959	410	549	959	1	15
"MT"	2000	"Yellowstone"	"38"	164	222	386	228	181	409	212	192	404	217	190	407	1	13
"MT"	2000	"Yellowstone"	"39"	399	546	945	500	486	986	488	492	980	495	494	989	1	20
"MT"	2000	"Yellowstone"	"4"	311	825	1136	481	680	1161	445	703	1148	471	685	1156	1	21
"MT"	2000	"Yellowstone"	"40"	244	465	709	290	462	752	300	437	737	278	466	744	1	10
"MT"	2000	"Yellowstone"	"41"	198	169	367	259	129	388	234	157	391	245	151	396	1	13
"MT"	2000	"Yellowstone"	"42"	248	550	798	350	491	841	335	506	841	354	494	848	1	16
"MT"	2000	"Yellowstone"	"43"	228	315	543	267	294	561	271	279	550	278	281	559	1	18
"MT"	2000	"Yellowstone"	"44"	230	318	548	305	272	577	298	282	580	311	261	572	1	18
"MT"	2000	"Yellowstone"	"45"	333	441	774	421	383	804	409	383	792	456	353	809	1	16
"MT"	2000	"Yellowstone"	"46"	115	230	345	147	210	357	141	215	356	150	205	355	1	11
"MT"	2000	"Yellowstone"	"47"	419	669	1088	518	622	1140	533	599	1132	516	623	1139	1	10
"MT"	2000	"Yellowstone"	"48"	289	500	789	381	453	834	377	458	835	370	469	839	1	14
"MT"	2000	"Yellowstone"	"49"	294	384	678	359	359	718	365	347	712	352	368	720	1	10
"MT"	2000	"Yellowstone"	"5"	307	471	778	417	387	804	374	425	799	418	382	800	1	22
"MT"	2000	"Yellowstone"	"50"	280	560	840	376	483	859	382	485	867	415	462	877	1	11
"MT"	2000	"Yellowstone"	"51"	191	201	392	234	179	413	225	189	414	234	176	410	1	14
"MT"	2000	"Yellowstone"	"52"	229	324	553	321	285	606	303	310	613	318	295	613	1	13
"MT"	2000	"Yellowstone"	"53"	201	485	686	253	447	700	272	431	703	256	448	704	1	15
"MT"	2000	"Yellowstone"	"54"	87	201	288	133	156	289	126	166	292	123	170	293	1	12
"MT"	2000	"Yellowstone"	"55"	251	452	703	322	407	729	333	394	727	330	399	729	1	10
"MT"	2000	"Yellowstone"	"56"	246	333	579	294	291	585	295	291	586	287	303	590	1	20
"MT"	2000	"Yellowstone"	"57"	228	424	652	297	363	660	271	383	654	292	375	667	1	19
"MT"	2000	"Yellowstone"	"58"	293	379	672	392	309	701	381	326	707	400	306	706	1	18
"MT"	2000	"Yellowstone"	"59"	400	533	933	493	456	949	466	494	960	509	464	973	1	20
"MT"	2000	"Yellowstone"	"6"	435	395	830	554	354	908	532	357	889	544	363	907	1	14
"MT"	2000	"Yellowstone"	"60"	121	220	341	171	186	357	162	186	348	167	185	352	1	15
"MT"	2000	"Yellowstone"	"61"	366	458	824	455	400	855	446	404	850	497	358	855	1	18
"MT"	2000	"Yellowstone"	"62"	351	625	976	482	509	991	468	528	996	506	504	1010	1	21
"MT"	2000	"Yellowstone"	"63"	159	381	540	207	343	550	21	329	350	226	323	549	1	11
"MT"	2000	"Yellowstone"	"64"	47	107	154	74	78	152	63	90	153	72	81	153	1	21
"MT"	2000	"Yellowstone"	"65"	230	294	524	302	233	535	265	261	526	280	250	530	1	19
"MT"	2000	"Yellowstone"	"66"	181	273	454	254	221	475	247	224	471	234	241	475	1	19
"MT"	2000	"Yellowstone"	"67"	261	522	783	319	498	817	312	510	822	293	529	822	1	10
"MT"	2000	"Yellowstone"	"68"	320	732	1052	410	671	1081	410	669	1079	403	690	1093	1	10
"MT"	2000	"Yellowstone"	"69"	176	355	531	211	332	543	222	323	545	198	343	541	1	20
"MT"	2000	"Yellowstone"	"7"	308	334	642	398	271	669	381	283	664	389	278	667	1	22
"MT"	2000	"Yellowstone"	"70"	350	702	1052	425	656	1081	437	643	1080	399	684	1083	1	9
"MT"	2000	"Yellowstone"	"71"	116	113	229	147	95	242	147	88	235	151	92	243	1	13
"MT"	2000	"Yellowstone"	"72"	256	322	578	314	288	602	304	284	588	306	290	596	1	19
"MT"	2000	"Yellowstone"	"73"	248	285	533	338	219	557	304	251	555	324	234	558	1	17
"MT"	2000	"Yellowstone"	"74"	380	344	724	499	277	776	461	309	770	480	287	767	1	17
"MT"	2000	"Yellowstone"	"75"	234	261	495	287	221	508	266	239	505	283	232	515	1	21
"MT"	2000	"Yellowstone"	"76"	453	1301	1754	600	1175	1775	582	1184	1766	574	1202	1776	1	9
"MT"	2000	"Yellowstone"	"77"	302	342	644	383	279	662	361	299	660	378	283	661	1	12
"MT"	2000	"Yellowstone"	"78"	204	635	839	254	608	862	266	587	853	241	615	856	1	9
"MT"	2000	"Yellowstone"	"79"	316	535	851	423	455	878	431	439	870	430	455	885	1	16
"MT"	2000	"Yellowstone"	"8"	10	40	50	19	41	60	17	41	58	18	41	59	1	9
"MT"	2000	"Yellowstone"	"80"	183	468	651	282	389	671	280	392	672	258	418	676	1	15
"MT"	2000	"Yellowstone"	"81"	157	290	447	220	248	468	205	254	459	218	246	464	1	17
"MT"	2000	"Yellowstone"	"82"	103	295	398	174	241	415	160	253	413	156	254	410	1	15
"MT"	2000	"Yellowstone"	"83"	383	702	1085	448	652	1100	452	650	1102	450	659	1109	1	9
"MT"	2000	"Yellowstone"	"84"	38	74	112	50	70	120	49	64	113	48	68	116	1	6
"MT"	2000	"Yellowstone"	"85"	245	506	751	322	450	772	328	444	772	320	456	776	1	11
"MT"	2000	"Yellowstone"	"86"	357	675	1032	464	583	1047	457	591	1048	476	575	1051	1	11
"MT"	2000	"Yellowstone"	"9"	278	300	578	370	230	600	332	266	598	345	256	601	1	22
