state	year	county	precinct	g2004_USP_dv	g2004_USP_rv	g2004_USP_tv	g2004_USH_dv	g2004_USH_rv	g2004_USH_tv	g2004_GOV_dv	g2004_GOV_rv	g2004_GOV_tv	g2004_STS_dv	g2004_STS_rv	g2004_STS_tv	g2004_STH_dv	g2004_STH_rv	g2004_STH_tv	cd	ld	sd
"MT"	2004	"Beaverhead"	"1"	168	251	419	145	264	409	227	190	417		328	328		321	321	1	72	36
"MT"	2004	"Beaverhead"	"12"	204	310	514	154	353	507	261	243	504		405	405		401	401	1	72	36
"MT"	2004	"Beaverhead"	"14"	94	160	254	76	170	246	130	115	245		201	201		191	191	1	72	36
"MT"	2004	"Beaverhead"	"17"	22	64	86	18	64	82	31	45	76		72	72		67	67	1	72	36
"MT"	2004	"Beaverhead"	"19"	14	71	85	12	69	81	19	61	80		72	72		72	72	1	72	36
"MT"	2004	"Beaverhead"	"2"	113	374	487	85	383	468	172	290	462		423	423		418	418	1	72	36
"MT"	2004	"Beaverhead"	"20"	2	73	75	4	71	75	8	66	74		77	77		72	72	1	72	36
"MT"	2004	"Beaverhead"	"21"	20	121	141	12	126	138	38	105	143		132	132		120	120	1	72	36
"MT"	2004	"Beaverhead"	"23"	24	84	108	22	80	102	36	70	106		97	97		93	93	1	72	36
"MT"	2004	"Beaverhead"	"3"	132	404	536	110	413	523	185	344	529		433	433		425	425	1	72	36
"MT"	2004	"Beaverhead"	"4"	29	140	169	26	133	159	52	106	158		150	150		152	152	1	72	36
"MT"	2004	"Beaverhead"	"5"	7	124	131	9	122	131	21	100	121		122	122		115	115	1	72	36
"MT"	2004	"Beaverhead"	"6"	122	335	457	104	350	454	195	256	451		402	402		386	386	1	72	36
"MT"	2004	"Beaverhead"	"7"	46	218	264	35	230	265	97	165	262		237	237		238	238	1	72	36
"MT"	2004	"Beaverhead"	"8"	7	69	76	6	64	70	12	58	70		69	69		65	65	1	72	36
"MT"	2004	"Beaverhead"	"9"	99	269	368	81	275	356	154	205	359		314	314		304	304	1	72	36
"MT"	2004	"Big Horn"	"10"	3	54	57	4	53	57	8	51	59	22		22	15		15	1	41	21
"MT"	2004	"Big Horn"	"14"	139	84	223	143	66	209	149	46	195	192		192	187		187	1	41	21
"MT"	2004	"Big Horn"	"19"	158	253	411	126	278	404	219	179	398	305		305	296		296	1	41	21
"MT"	2004	"Big Horn"	"25"	35	21	56	34	22	56	34	18	52	42		42	41		41	1	41	21
"MT"	2004	"Big Horn"	"26"	177	105	282	172	108	280	187	76	263	239		239	248		248	1	41	21
"MT"	2004	"Big Horn"	"3E"	7	39	46	6	42	48	16	29	45	22		22	20		20	1	41	21
"MT"	2004	"Big Horn"	"4E"	30	64	94	29	66	95	41	53	94	58		58	60		60	1	41	21
"MT"	2004	"Big Horn"	"5"	133	54	187	130	55	185	144	37	181	166		166	162		162	1	41	21
"MT"	2004	"Big Horn"	"6"	13	53	66	8	57	65	19	43	62	36		36	42		42	1	41	21
"MT"	2004	"Big Horn"	"1"	63	123	186	52	131	183	73	107	180	127		127	130		130	1	42	21
"MT"	2004	"Big Horn"	"15"	192	94	286	192	84	276	205	52	257	276		276	272		272	1	42	21
"MT"	2004	"Big Horn"	"17"	119	221	340	96	242	338	171	155	326	224		224	227		227	1	42	21
"MT"	2004	"Big Horn"	"18"	112	227	339	90	240	330	157	166	323	234		234	230		230	1	42	21
"MT"	2004	"Big Horn"	"2"	39	82	121	40	80	120	52	67	119	91		91	88		88	1	42	21
"MT"	2004	"Big Horn"	"21"	251	137	388	279	103	382	277	81	358	336		336	338		338	1	42	21
"MT"	2004	"Big Horn"	"3"	12	65	77	10	62	72	22	51	73	40		40	38		38	1	42	21
"MT"	2004	"Big Horn"	"4"	22	98	120	13	107	120	34	84	118	74		74	74		74	1	42	21
"MT"	2004	"Big Horn"	"7"	537	135	672	539	123	662	548	77	625	637		637	631		631	1	42	21
"MT"	2004	"Big Horn"	"8"	48	60	108	46	60	106	57	41	98	76		76	68		68	1	42	21
"MT"	2004	"Big Horn"	"9"	125	59	184	129	47	176	130	32	162	176		176	169		169	1	42	21
"MT"	2004	"Blaine"	"10"	75	277	352	64	276	340	167	178	345							1	32	16
"MT"	2004	"Blaine"	"15"	277	49	326	261	57	318	275	25	300							1	32	16
"MT"	2004	"Blaine"	"17"	8	88	96	10	84	94	13	81	94							1	32	16
"MT"	2004	"Blaine"	"20"	93	26	119	87	30	117	87	15	102							1	32	16
"MT"	2004	"Blaine"	"3"	293	56	349	282	63	345	289	32	321							1	32	16
"MT"	2004	"Blaine"	"9"	95	17	112	84	25	109	91	10	101							1	32	16
"MT"	2004	"Blaine"	"1"	39	176	215	21	191	212	77	131	208							1	34	17
"MT"	2004	"Blaine"	"11"	77	204	281	61	225	286	134	141	275							1	34	17
"MT"	2004	"Blaine"	"12"	131	228	359	98	244	342	179	160	339							1	34	17
"MT"	2004	"Blaine"	"13"	15	82	97	18	79	97	36	56	92							1	34	17
"MT"	2004	"Blaine"	"8"	197	221	418	175	242	417	240	167	407							1	34	17
"MT"	2004	"Broadwater"	"1"	98	384	482	90	382	472	179	295	474		388	388	152	320	472	1	68	34
"MT"	2004	"Broadwater"	"12"	155	381	536	114	414	528	228	296	524		412	412	188	334	522	1	68	34
"MT"	2004	"Broadwater"	"13"	68	278	346	68	278	346	127	213	340		288	288	99	244	343	1	68	34
"MT"	2004	"Broadwater"	"7"	122	341	463	109	351	460	192	268	460		358	358	153	305	458	1	68	34
"MT"	2004	"Broadwater"	"11"	90	394	484	72	405	477	169	308	477					381	381	1	83	42
"MT"	2004	"Carbon"	"1"	112	260	372	91	275	366	165	199	364				161	201	362	1	57	29
"MT"	2004	"Carbon"	"10"	168	173	341	149	186	335	207	128	335				202	143	345	1	59	30
"MT"	2004	"Carbon"	"11"	310	416	726	245	481	726	390	332	722				418	309	727	1	59	30
"MT"	2004	"Carbon"	"12"	28	110	138	27	114	141	51	87	138				38	103	141	1	59	30
"MT"	2004	"Carbon"	"14"	35	143	178	34	146	180	68	110	178				61	117	178	1	59	30
"MT"	2004	"Carbon"	"15"	108	260	368	85	281	366	173	185	358				145	238	383	1	59	30
"MT"	2004	"Carbon"	"16"	66	145	211	58	155	213	80	128	208				91	119	210	1	59	30
"MT"	2004	"Carbon"	"2"	98	210	308	88	223	311	155	146	301				124	189	313	1	59	30
"MT"	2004	"Carbon"	"3"	91	245	336	90	242	332	142	187	329				119	213	332	1	59	30
"MT"	2004	"Carbon"	"4"	109	200	309	85	224	309	184	130	314				146	179	325	1	59	30
"MT"	2004	"Carbon"	"5"	79	251	330	73	256	329	163	162	325				119	213	332	1	59	30
"MT"	2004	"Carbon"	"6"	94	224	318	80	241	321	147	160	307				139	185	324	1	59	30
"MT"	2004	"Carbon"	"7"	108	277	385	97	282	379	170	200	370				178	209	387	1	59	30
"MT"	2004	"Carbon"	"8"	196	222	418	161	252	413	238	166	404				246	178	424	1	59	30
"MT"	2004	"Carbon"	"9"	229	149	378	180	191	371	272	101	373				272	113	385	1	59	30
"MT"	2004	"Carbon"	"13"	16	57	73	15	55	70	22	50	72				15	56	71	1	60	30
"MT"	2004	"Carter"	"1"	7	92	99	1	96	97	13	83	96					84	84	1	39	20
"MT"	2004	"Carter"	"13"	40	169	209	30	172	202	71	129	200					171	171	1	39	20
"MT"	2004	"Carter"	"14"	27	316	343	19	326	345	60	279	339					303	303	1	39	20
"MT"	2004	"Carter"	"3"	2	46	48	2	43	45	6	38	44					46	46	1	39	20
"MT"	2004	"Cascade"	"18A"	403	732	1135	287	829	1116	519	600	1119		913	913	424	681	1105	1	18	9
"MT"	2004	"Cascade"	"18B"	455	1073	1528	355	1173	1528	658	852	1510		1262	1262	503	986	1489	1	18	9
"MT"	2004	"Cascade"	"18C"	462	765	1227	350	891	1241	587	649	1236		1014	1014	490	751	1241	1	18	9
"MT"	2004	"Cascade"	"18D"	71	130	201	60	142	202	120	82	202		172	172	89	112	201	1	18	9
"MT"	2004	"Cascade"	"18E"	59	133	192	46	149	195	101	93	194		172	172	83	110	193	1	18	9
"MT"	2004	"Cascade"	"18F"	105	206	311	102	219	321	151	160	311		274	274	190	133	323	1	18	9
"MT"	2004	"Cascade"	"18G"	125	243	368	108	257	365	179	180	359		334	334	220	153	373	1	18	9
"MT"	2004	"Cascade"	"19A"	69	110	179	55	126	181	93	83	176	88	87	175	74	92	166	1	19	10
"MT"	2004	"Cascade"	"19B"	259	457	716	191	526	717	344	357	701	313	400	713	274	360	634	1	19	10
"MT"	2004	"Cascade"	"19C"	101	178	279	86	196	282	133	151	284	134	148	282	116	142	258	1	19	10
"MT"	2004	"Cascade"	"19D"	465	579	1044	389	680	1069	673	397	1070	647	422	1069	593	401	994	1	19	10
"MT"	2004	"Cascade"	"19E"	261	425	686	196	501	697	360	326	686	319	362	681	283	370	653	1	19	10
"MT"	2004	"Cascade"	"19F"	323	613	936	255	686	941	482	450	932	447	481	928	279	625	904	1	19	10
"MT"	2004	"Cascade"	"19G"	101	287	388	96	300	396	168	214	382	159	236	395	108	265	373	1	19	10
"MT"	2004	"Cascade"	"20A"	572	629	1201	428	759	1187	702	481	1183	671	492	1163	727	473	1200	1	20	10
"MT"	2004	"Cascade"	"20B"	558	558	1116	425	700	1125	746	379	1125	688	438	1126	754	379	1133	1	20	10
"MT"	2004	"Cascade"	"20C"	447	748	1195	345	872	1217	594	598	1192	560	639	1199	582	615	1197	1	20	10
"MT"	2004	"Cascade"	"21a"	436	399	835	367	483	850	572	257	829				642	160	802	1	21	11
"MT"	2004	"Cascade"	"21b"	771	895	1666	574	1060	1634	976	658	1634				1171	307	1478	1	21	11
"MT"	2004	"Cascade"	"21c"	564	749	1313	435	868	1303	757	535	1292				905	289	1194	1	21	11
"MT"	2004	"Cascade"	"22A"	387	312	699	307	410	717	468	232	700				453	231	684	1	22	11
"MT"	2004	"Cascade"	"22B"	506	616	1122	407	712	1119	679	435	1114				636	383	1019	1	22	11
"MT"	2004	"Cascade"	"22C"	576	729	1305	485	869	1354	812	506	1318				806	443	1249	1	22	11
"MT"	2004	"Cascade"	"23A"	448	398	846	384	455	839	530	275	805				557	92	649	1	23	12
"MT"	2004	"Cascade"	"23B"	508	579	1087	423	674	1097	641	436	1077				699	85	784	1	23	12
"MT"	2004	"Cascade"	"23C"	531	643	1174	443	744	1187	714	448	1162				841	86	927	1	23	12
"MT"	2004	"Cascade"	"24A"	202	661	863	183	651	834	332	497	829				437		437	1	24	12
"MT"	2004	"Cascade"	"24B"	426	479	905	334	582	916	582	322	904				669		669	1	24	12
"MT"	2004	"Cascade"	"24C"	194	216	410	150	256	406	262	135	397				277		277	1	24	12
"MT"	2004	"Cascade"	"25A"	423	538	961	316	666	982	552	406	958				786		786	1	25	13
"MT"	2004	"Cascade"	"25B"	631	857	1488	492	1032	1524	964	552	1516				1303		1303	1	25	13
"MT"	2004	"Cascade"	"25C"	648	884	1532	501	1035	1536	889	639	1528				1253		1253	1	25	13
"MT"	2004	"Cascade"	"25D"	135	236	371	109	254	363	199	162	361				285		285	1	25	13
"MT"	2004	"Cascade"	"26A"	403	375	778	342	441	783	545	228	773				208	286	494	1	26	13
"MT"	2004	"Cascade"	"26B"	558	604	1162	503	648	1151	744	385	1129				719	442	1161	1	26	13
"MT"	2004	"Cascade"	"26C"	112	195	307	113	209	322	185	129	314				179	139	318	1	26	13
"MT"	2004	"Cascade"	"26D"	239	401	640	195	442	637	376	265	641				305	331	636	1	26	13
"MT"	2004	"Cascade"	"26E"	167	396	563	147	425	572	270	294	564				227	323	550	1	26	13
"MT"	2004	"Chouteau"	"1"	135	229	364	83	281	364	184	173	357				139	230	369	1	28	14
"MT"	2004	"Chouteau"	"2"	110	221	331	70	249	319	144	172	316				103	228	331	1	28	14
"MT"	2004	"Chouteau"	"3"	138	208	346	91	250	341	172	174	346				133	214	347	1	28	14
"MT"	2004	"Chouteau"	"4"	45	121	166	37	125	162	66	96	162				42	126	168	1	28	14
"MT"	2004	"Chouteau"	"5"	23	94	117	13	101	114	28	85	113				36	82	118	1	28	14
"MT"	2004	"Chouteau"	"7"	33	98	131	22	105	127	46	77	123				41	83	124	1	28	14
"MT"	2004	"Chouteau"	"8"	130	344	474	95	367	462	192	273	465				134	347	481	1	28	14
"MT"	2004	"Chouteau"	"10"	54	128	182	31	154	185	76	106	182				45	136	181	1	29	15
"MT"	2004	"Chouteau"	"11"	49	120	169	25	140	165	62	109	171				55	120	175	1	29	15
"MT"	2004	"Chouteau"	"6"	75	199	274	52	220	272	99	173	272				73	196	269	1	29	15
"MT"	2004	"Chouteau"	"9"	41	138	179	28	155	183	69	108	177				39	136	175	1	29	15
"MT"	2004	"Chouteau"	"12"	113	13	126	103	22	125	100	10	110	117		117	115	10	125	1	32	16
"MT"	2004	"Custer"	"10"	8	31	39	6	33	39	7	28	35					28	28	1	39	20
"MT"	2004	"Custer"	"11"	4	28	32	3	29	32	11	21	32					26	26	1	39	20
"MT"	2004	"Custer"	"12"	3	25	28	4	24	28	4	24	28					23	23	1	39	20
"MT"	2004	"Custer"	"13"	4	41	45	2	46	48	8	39	47					41	41	1	39	20
"MT"	2004	"Custer"	"14"	3	25	28	2	26	28	4	24	28					21	21	1	39	20
"MT"	2004	"Custer"	"6"	97	278	375	99	279	378	183	196	379					318	318	1	39	20
"MT"	2004	"Custer"	"9"	4	12	16	4	14	18	9	9	18					15	15	1	39	20
"MT"	2004	"Custer"	"1"	314	502	816	265	555	820	457	345	802				722		722	1	40	20
"MT"	2004	"Custer"	"2"	326	600	926	247	712	959	435	505	940				853		853	1	40	20
"MT"	2004	"Custer"	"3"	352	705	1057	291	798	1089	498	569	1067				926		926	1	40	20
"MT"	2004	"Custer"	"4"	356	612	968	271	693	964	513	434	947				867		867	1	40	20
"MT"	2004	"Custer"	"8"	12	48	60	15	45	60	22	36	58	25	38	63	19	42	61	1	43	22
"MT"	2004	"Custer"	"5"	68	185	253	47	208	255	104	148	252					210	210	1	45	23
"MT"	2004	"Custer"	"7"	79	205	284	67	224	291	113	180	293					237	237	1	45	23
"MT"	2004	"Daniels"	"1"	11	32	43	5	39	44	14	27	41	11	33	44		34	34	1	36	18
"MT"	2004	"Daniels"	"2"	31	49	80	22	54	76	47	30	77	27	51	78		52	52	1	36	18
"MT"	2004	"Daniels"	"3"	43	181	224	31	193	224	68	151	219	51	175	226		189	189	1	36	18
"MT"	2004	"Daniels"	"4"	31	98	129	22	107	129	61	66	127	34	99	133		109	109	1	36	18
"MT"	2004	"Daniels"	"5"	95	217	312	65	228	293	133	156	289	64	240	304		251	251	1	36	18
"MT"	2004	"Daniels"	"6"	87	163	250	57	196	253	115	133	248	46	217	263		204	204	1	36	18
"MT"	2004	"Daniels"	"7"	28	24	52	25	26	51	32	20	52	18	34	52		43	43	1	36	18
"MT"	2004	"Dawson"	"5"	71	191	262	53	205	258	104	156	260	94	166	260		207	207	1	37	19
"MT"	2004	"Dawson"	"6A"	12	27	39	8	32	40	15	24	39	12	28	40		33	33	1	37	19
"MT"	2004	"Dawson"	"7"	12	58	70	11	59	70	22	49	71	16	50	66		59	59	1	37	19
"MT"	2004	"Dawson"	"1"	133	224	357	96	262	358	175	174	349				197	169	366	1	38	19
"MT"	2004	"Dawson"	"10"	345	750	1095	247	832	1079	512	576	1088				525	584	1109	1	38	19
"MT"	2004	"Dawson"	"2"	246	291	537	197	331	528	310	211	521				328	217	545	1	38	19
"MT"	2004	"Dawson"	"3"	291	540	831	224	594	818	383	432	815				458	379	837	1	38	19
"MT"	2004	"Dawson"	"4"	181	292	473	149	321	470	258	211	469				282	203	485	1	38	19
"MT"	2004	"Dawson"	"6B"	5	26	31	6	26	32	8	24	32				7	25	32	1	38	19
"MT"	2004	"Dawson"	"8"	149	329	478	136	343	479	252	232	484				223	268	491	1	38	19
"MT"	2004	"Dawson"	"6C"	5	33	38	6	36	42	16	25	41					32	32	1	39	20
"MT"	2004	"Dawson"	"9"	44	123	167	31	137	168	88	79	167					118	118	1	39	20
"MT"	2004	"Deer Lodge"	"01A"	73	54	127	63	64	127	81	44	125	108		108	69	51	120	1	85	43
"MT"	2004	"Deer Lodge"	"1A"	247	159	406	196	190	386	319	89	408	370		370	254	127	381	1	85	43
"MT"	2004	"Deer Lodge"	"2A"	2	2	4	2	2	4	2	2	4	4		4	3	1	4	1	85	43
"MT"	2004	"Deer Lodge"	"3A"	10	4	14	6	5	11	8	6	14	14		14	11	1	12	1	85	43
"MT"	2004	"Deer Lodge"	"4A"	22	17	39	21	17	38	21	17	38	37		37	21	18	39	1	85	43
"MT"	2004	"Deer Lodge"	"5-A"	23	14	37	23	13	36	25	10	35	35		35	22	12	34	1	85	43
"MT"	2004	"Deer Lodge"	"6A"	10	4	14	11	3	14	13	2	15	14		14	8	5	13	1	85	43
"MT"	2004	"Deer Lodge"	"7A"	90	40	130	81	55	136	109	31	140	125		125	91	37	128	1	85	43
"MT"	2004	"Deer Lodge"	"8"	198	140	338	168	158	326	255	79	334	307		307	216	112	328	1	85	43
"MT"	2004	"Deer Lodge"	"9"	123	169	292	95	184	279	166	123	289	249		249	101	186	287	1	85	43
"MT"	2004	"Deer Lodge"	"1"	259	166	425	229	199	428	286	110	396	386		386	328		328	1	86	43
"MT"	2004	"Deer Lodge"	"10"	7	30	37	6	31	37	11	24	35	20		20	20		20	1	86	43
"MT"	2004	"Deer Lodge"	"2"	263	199	462	192	250	442	333	125	458	429		429	392		392	1	86	43
"MT"	2004	"Deer Lodge"	"3"	440	233	673	349	314	663	525	141	666	631		631	587		587	1	86	43
"MT"	2004	"Deer Lodge"	"4"	297	142	439	240	191	431	343	88	431	400		400	386		386	1	86	43
"MT"	2004	"Deer Lodge"	"5"	201	133	334	170	146	316	249	81	330	313		313	291		291	1	86	43
"MT"	2004	"Deer Lodge"	"6"	369	176	545	306	219	525	416	102	518	525		525	495		495	1	86	43
"MT"	2004	"Deer Lodge"	"7"	66	43	109	48	43	91	69	22	91	94		94	93		93	1	86	43
"MT"	2004	"Fallon"	"1"	95	330	425	56	345	401	164	232	396					351	351	1	39	20
"MT"	2004	"Fallon"	"2"	83	293	376	53	315	368	156	212	368					320	320	1	39	20
"MT"	2004	"Fallon"	"3"	55	255	310	39	258	297	101	195	296					249	249	1	39	20
"MT"	2004	"Fallon"	"4"	31	202	233	22	205	227	57	168	225					192	192	1	39	20
"MT"	2004	"Fallon"	"7"	13	64	77	11	66	77	27	48	75					64	64	1	39	20
"MT"	2004	"Fallon"	"8"	12	34	46	8	37	45	17	28	45					35	35	1	39	20
"MT"	2004	"Fergus"	"16"	51	275	326	40	292	332	101	229	330				33	292	325	1	29	15
"MT"	2004	"Fergus"	"18"	25	91	116	17	97	114	40	72	112				21	96	117	1	29	15
"MT"	2004	"Fergus"	"3"	137	485	622	113	510	623	267	354	621				151	468	619	1	29	15
"MT"	2004	"Fergus"	"4"	76	256	332	51	290	341	106	229	335				105	236	341	1	29	15
"MT"	2004	"Fergus"	"6"	152	292	444	106	319	425	212	226	438				183	257	440	1	29	15
"MT"	2004	"Fergus"	"7"	110	260	370	86	275	361	161	205	366				123	247	370	1	29	15
"MT"	2004	"Fergus"	"8"	124	265	389	90	295	385	180	202	382				151	240	391	1	29	15
"MT"	2004	"Fergus"	"10"	136	230	366	109	240	349	186	165	351					279	279	1	30	15
"MT"	2004	"Fergus"	"11"	160	302	462	127	317	444	209	236	445					378	378	1	30	15
"MT"	2004	"Fergus"	"13"	121	316	437	85	349	434	171	262	433					369	369	1	30	15
"MT"	2004	"Fergus"	"14"	91	265	356	81	270	351	141	212	353					302	302	1	30	15
"MT"	2004	"Fergus"	"15"	4	56	60	5	54	59	11	47	58					51	51	1	30	15
"MT"	2004	"Fergus"	"17"	127	435	562	106	449	555	189	367	556					469	469	1	30	15
"MT"	2004	"Fergus"	"2"	115	346	461	110	347	457	166	295	461					380	380	1	30	15
"MT"	2004	"Fergus"	"5"	44	293	337	37	300	337	124	206	330					287	287	1	30	15
"MT"	2004	"Fergus"	"9"	109	258	367	87	278	365	162	202	364					296	296	1	30	15
"MT"	2004	"Flathead"	"14"	239	604	843	230	598	828	315	509	824	368	466	834	295	555	850	1	3	2
"MT"	2004	"Flathead"	"16"	232	485	717	215	491	706	333	380	713	365	359	724	292	426	718	1	3	2
"MT"	2004	"Flathead"	"17"	101	116	217	94	124	218	118	105	223	128	93	221	100	116	216	1	3	2
"MT"	2004	"Flathead"	"17*"	18	55	73	17	57	74	25	45	70	29	46	75	24	48	72	1	3	2
"MT"	2004	"Flathead"	"21"	119	324	443	100	319	419	167	251	418	179	242	421	150	277	427	1	3	2
"MT"	2004	"Flathead"	"21*"	297	645	942	287	638	925	387	530	917	428	519	947	346	587	933	1	3	2
"MT"	2004	"Flathead"	"33"	196	700	896	150	728	878	303	573	876				170	671	841	1	3	2
"MT"	2004	"Flathead"	"35"	272	612	884	238	623	861	375	490	865	353	508	861	290	555	845	1	3	2
"MT"	2004	"Flathead"	"20"	446	370	816	389	400	789	491	321	812	520	308	828	523	293	816	1	4	2
"MT"	2004	"Flathead"	"44"	425	806	1231	375	823	1198	525	696	1221	530	707	1237	505	730	1235	1	4	2
"MT"	2004	"Flathead"	"46"	300	345	645	252	380	632	337	309	646	354	294	648	356	288	644	1	4	2
"MT"	2004	"Flathead"	"47"	619	424	1043	526	464	990	662	356	1018	681	369	1050	686	352	1038	1	4	2
"MT"	2004	"Flathead"	"48"	457	562	1019	399	605	1004	543	477	1020	535	492	1027	530	487	1017	1	4	2
"MT"	2004	"Flathead"	"11"	225	764	989	189	766	955	301	675	976	263	686	949	297	648	945	1	5	3
"MT"	2004	"Flathead"	"19"	193	655	848	169	668	837	309	534	843	219	606	825	261	566	827	1	5	3
"MT"	2004	"Flathead"	"6"	181	524	705	155	543	698	225	479	704	211	456	667	208	455	663	1	5	3
"MT"	2004	"Flathead"	"7"	339	1019	1358	307	1021	1328	484	852	1336	385	911	1296	438	862	1300	1	5	3
"MT"	2004	"Flathead"	"8"	297	997	1294	270	1000	1270	469	793	1262	348	899	1247	368	862	1230	1	5	3
"MT"	2004	"Flathead"	"26"	52	296	348	59	284	343	88	253	341	67	284	351	79	269	348	1	6	3
"MT"	2004	"Flathead"	"26*"	15	27	42	11	30	41	14	28	42	15	24	39	14	25	39	1	6	3
"MT"	2004	"Flathead"	"30*"	379	933	1312	309	992	1301	477	840	1317	394	846	1240	433	830	1263	1	6	3
"MT"	2004	"Flathead"	"36"	382	1066	1448	345	1054	1399	496	928	1424	396	1005	1401	449	953	1402	1	6	3
"MT"	2004	"Flathead"	"39"	92	217	309	77	217	294	114	177	291	93	197	290	107	178	285	1	6	3
"MT"	2004	"Flathead"	"45"	145	213	358	118	225	343	181	168	349	137	203	340	159	175	334	1	6	3
"MT"	2004	"Flathead"	"49"	352	472	824	292	506	798	402	412	814	344	453	797	355	414	769	1	6	3
"MT"	2004	"Flathead"	"89"	143	483	626	123	481	604	213	394	607	148	464	612	184	420	604	1	6	3
"MT"	2004	"Flathead"	"25"	305	900	1205	270	889	1159	478	694	1172				345	758	1103	1	7	4
"MT"	2004	"Flathead"	"41"	554	1424	1978	466	1473	1939	674	1268	1942				544	1273	1817	1	7	4
"MT"	2004	"Flathead"	"50"	228	814	1042	194	819	1013	371	635	1006				241	694	935	1	7	4
"MT"	2004	"Flathead"	"1"	198	395	593	166	416	582	264	321	585				275	309	584	1	8	4
"MT"	2004	"Flathead"	"2"	270	517	787	249	514	763	358	407	765				401	379	780	1	8	4
"MT"	2004	"Flathead"	"3"	359	490	849	309	531	840	408	430	838				448	415	863	1	8	4
"MT"	2004	"Flathead"	"32"	303	511	814	260	532	792	390	413	803				479	342	821	1	8	4
"MT"	2004	"Flathead"	"4"	344	639	983	294	656	950	414	554	968				493	486	979	1	8	4
"MT"	2004	"Flathead"	"38"	537	1212	1749	445	1241	1686	616	1094	1710					1323	1323	1	9	5
"MT"	2004	"Flathead"	"42"	235	620	855	214	598	812	309	510	819					637	637	1	9	5
"MT"	2004	"Flathead"	"43"	340	851	1191	330	824	1154	471	707	1178					907	907	1	9	5
"MT"	2004	"Flathead"	"13"	287	825	1112	254	843	1097	396	704	1100				232	847	1079	1	10	5
"MT"	2004	"Flathead"	"29"	302	706	1008	236	753	989	400	595	995				237	712	949	1	10	5
"MT"	2004	"Flathead"	"34"	406	1144	1550	355	1152	1507	521	992	1513				380	1088	1468	1	10	5
"MT"	2004	"Flathead"	"34*"	210	524	734	175	549	724	261	453	714				182	516	698	1	10	5
"MT"	2004	"Flathead"	"24"	193	733	926	195	709	904	282	618	900	230	610	840	257	644	901	1	11	6
"MT"	2004	"Gallatin"	"20"	608	679	1287	562	720	1282	697	590	1287				628	668	1296	1	63	32
"MT"	2004	"Gallatin"	"21"	224	256	480	202	271	473	242	226	468				229	245	474	1	63	32
"MT"	2004	"Gallatin"	"22"	455	581	1036	393	625	1018	500	520	1020				474	545	1019	1	63	32
"MT"	2004	"Gallatin"	"23"	485	625	1110	423	668	1091	535	561	1096				513	600	1113	1	63	32
"MT"	2004	"Gallatin"	"24"	244	235	479	219	247	466	277	189	466				254	223	477	1	63	32
"MT"	2004	"Gallatin"	"25"	772	826	1598	658	899	1557	766	789	1555				791	773	1564	1	63	32
"MT"	2004	"Gallatin"	"41"	790	250	1040	732	279	1011	780	203	983				773	257	1030	1	64	32
"MT"	2004	"Gallatin"	"42"	621	361	982	568	370	938	653	277	930				652	299	951	1	64	32
"MT"	2004	"Gallatin"	"43"	267	385	652	211	412	623	311	317	628				290	336	626	1	64	32
"MT"	2004	"Gallatin"	"44"	464	651	1115	397	676	1073	545	536	1081				486	579	1065	1	64	32
"MT"	2004	"Gallatin"	"45"	350	453	803	298	480	778	395	377	772				306	470	776	1	64	32
"MT"	2004	"Gallatin"	"46"	117	196	313	108	190	298	165	137	302				140	176	316	1	64	32
"MT"	2004	"Gallatin"	"32"	459	384	843	405	422	827	465	355	820	514	290	804	477	328	805	1	65	33
"MT"	2004	"Gallatin"	"33"	544	218	762	473	252	725	533	199	732	564	185	749	520	209	729	1	65	33
"MT"	2004	"Gallatin"	"34"	649	415	1064	544	470	1014	658	367	1025	705	311	1016	636	360	996	1	65	33
"MT"	2004	"Gallatin"	"35"	476	456	932	383	493	876	490	376	866	461	382	843	431	412	843	1	65	33
"MT"	2004	"Gallatin"	"36"	771	258	1029	685	305	990	754	233	987	810	198	1008	227	772	999	1	66	33
"MT"	2004	"Gallatin"	"37"	630	203	833	554	242	796	616	182	798	652	158	810	187	615	802	1	66	33
"MT"	2004	"Gallatin"	"38"	607	364	971	494	428	922	617	299	916	632	275	907	325	576	901	1	66	33
"MT"	2004	"Gallatin"	"39"	444	477	921	360	506	866	496	372	868	483	386	869	412	441	853	1	66	33
"MT"	2004	"Gallatin"	"40"	343	544	887	300	577	877	401	476	877	452	413	865	456	379	835	1	66	33
"MT"	2004	"Gallatin"	"26"	168	501	669	130	527	657	234	410	644		550	550	161	482	643	1	67	34
"MT"	2004	"Gallatin"	"27"	171	336	507	152	342	494	229	268	497		389	389	182	316	498	1	67	34
"MT"	2004	"Gallatin"	"28"	417	1028	1445	361	1035	1396	566	820	1386		1163	1163	427	957	1384	1	67	34
"MT"	2004	"Gallatin"	"29"	312	843	1155	275	845	1120	418	708	1126		948	948	301	810	1111	1	67	34
"MT"	2004	"Gallatin"	"30"	162	394	556	132	418	550	190	361	551		428	428	148	384	532	1	67	34
"MT"	2004	"Gallatin"	"31"	211	441	652	197	433	630	284	351	635		486	486	238	387	625	1	67	34
"MT"	2004	"Gallatin"	"14"	135	397	532	128	391	519	199	324	523		433	433	159	363	522	1	68	34
"MT"	2004	"Gallatin"	"15"	27	92	119	22	96	118	36	80	116		96	96	29	86	115	1	68	34
"MT"	2004	"Gallatin"	"16"	86	102	188	71	117	188	95	89	184		132	132	93	91	184	1	68	34
"MT"	2004	"Gallatin"	"17"	202	473	675	175	484	659	242	412	654		501	501	243	433	676	1	68	34
"MT"	2004	"Gallatin"	"18"	285	627	912	233	671	904	346	546	892		709	709	333	557	890	1	68	34
"MT"	2004	"Gallatin"	"19"	348	613	961	310	620	930	418	530	948		658	658	360	576	936	1	68	34
"MT"	2004	"Gallatin"	"10"	70	396	466	66	389	455	117	339	456				98	358	456	1	69	35
"MT"	2004	"Gallatin"	"11"	195	521	716	176	515	691	258	438	696				261	444	705	1	69	35
"MT"	2004	"Gallatin"	"12"	299	885	1184	263	906	1169	436	719	1155				282	843	1125	1	69	35
"MT"	2004	"Gallatin"	"13"	167	632	799	165	620	785	252	532	784				185	592	777	1	69	35
"MT"	2004	"Gallatin"	"7"	121	260	381	107	272	379	179	207	386				221	170	391	1	69	35
"MT"	2004	"Gallatin"	"8"	279	548	827	225	588	813	386	419	805				443	384	827	1	69	35
"MT"	2004	"Gallatin"	"9"	180	992	1172	151	1014	1165	256	905	1161				200	947	1147	1	69	35
"MT"	2004	"Gallatin"	"1"	313	444	757	269	470	739	335	394	729				312	434	746	1	70	35
"MT"	2004	"Gallatin"	"2"	484	390	874	409	426	835	485	327	812				442	392	834	1	70	35
"MT"	2004	"Gallatin"	"3"	342	691	1033	318	697	1015	415	584	999				361	646	1007	1	70	35
"MT"	2004	"Gallatin"	"4"	527	708	1235	480	735	1215	597	613	1210				534	649	1183	1	70	35
"MT"	2004	"Gallatin"	"5"	85	703	788	251	696	947	353	596	949				278	659	937	1	70	35
"MT"	2004	"Gallatin"	"6"	299	558	857	260	580	840	353	483	836				299	525	824	1	70	35
"MT"	2004	"Garfield"	"1"	37	322	359	23	325	348	102	249	351					257	257	1	30	15
"MT"	2004	"Garfield"	"13"	2	17	19	1	18	19	2	18	20					20	20	1	30	15
"MT"	2004	"Garfield"	"14"	2	54	56	2	52	54	5	50	55					44	44	1	30	15
"MT"	2004	"Garfield"	"19"	8	68	76	8	69	77	19	57	76					49	49	1	30	15
"MT"	2004	"Garfield"	"5"	2	29	31	2	30	32	7	24	31					26	26	1	30	15
"MT"	2004	"Garfield"	"7"	0	70	70	2	69	71	7	63	70					62	62	1	30	15
"MT"	2004	"Garfield"	"8"	1	30	31	1	29	30	8	21	29					18	18	1	30	15
"MT"	2004	"Glacier"	"10"	205	76	281	176	102	278	216	59	275				255		255	1	15	8
"MT"	2004	"Glacier"	"8"	277	51	328	271	54	325	278	30	308				328		328	1	15	8
"MT"	2004	"Glacier"	"11"	49	24	73	44	30	74	55	17	72				58		58	1	16	8
"MT"	2004	"Glacier"	"12"	213	22	235	205	30	235	217	10	227				237		237	1	16	8
"MT"	2004	"Glacier"	"13"	148	29	177	139	33	172	144	20	164				165		165	1	16	8
"MT"	2004	"Glacier"	"14"	4	30	34	3	30	33	15	19	34				15		15	1	16	8
"MT"	2004	"Glacier"	"15"	130	86	216	121	90	211	147	63	210				191		191	1	16	8
"MT"	2004	"Glacier"	"19"	113	31	144	107	36	143	112	17	129				141		141	1	16	8
"MT"	2004	"Glacier"	"21C"	186	33	219	182	39	221	172	21	193				216		216	1	16	8
"MT"	2004	"Glacier"	"5"	154	367	521	128	392	520	236	276	512				340		340	1	16	8
"MT"	2004	"Glacier"	"9"	701	127	828	685	138	823	707	61	768				812		812	1	16	8
"MT"	2004	"Glacier"	"1"	139	318	457	81	366	447	202	240	442				177	271	448	1	27	14
"MT"	2004	"Glacier"	"2"	127	272	399	88	310	398	192	203	395				158	240	398	1	27	14
"MT"	2004	"Glacier"	"3"	117	178	295	85	200	285	173	114	287				155	133	288	1	27	14
"MT"	2004	"Glacier"	"4"	68	148	216	64	151	215	113	95	208				105	111	216	1	27	14
"MT"	2004	"Glacier"	"6"	10	36	46	7	40	47	15	30	45				12	36	48	1	27	14
"MT"	2004	"Golden Valley"	"1"	68	214	282	62	217	279	112	159	271					223	223	1	83	42
"MT"	2004	"Golden Valley"	"2"	51	182	233	40	185	225	78	150	228					197	197	1	83	42
"MT"	2004	"Granite"	"1"	86	213	299	71	215	286	130	156	286	197		197	217		217	1	86	43
"MT"	2004	"Granite"	"10"	108	391	499	101	389	490	183	307	490	316		316	327		327	1	86	43
"MT"	2004	"Granite"	"2"	159	329	488	118	354	472	199	263	462	339		339	341		341	1	86	43
"MT"	2004	"Granite"	"9"	51	211	262	34	216	250	93	163	256	156		156	152		152	1	86	43
"MT"	2004	"Hill"	"14"	66	184	250	45	194	239	100	135	235	141		141	92	149	241	1	32	16
"MT"	2004	"Hill"	"18"	90	41	131	77	50	127	88	32	120	116		116	109	25	134	1	32	16
"MT"	2004	"Hill"	"28"	514	36	550	432	99	531	446	29	475	519		519	507	48	555	1	32	16
"MT"	2004	"Hill"	"1"	117	155	272	93	173	266	154	104	258				186	85	271	1	33	17
"MT"	2004	"Hill"	"13"	124	135	259	97	158	255	166	89	255				184	67	251	1	33	17
"MT"	2004	"Hill"	"15"	162	290	452	152	302	454	255	195	450				311	151	462	1	33	17
"MT"	2004	"Hill"	"19"	56	104	160	32	127	159	82	72	154				104	56	160	1	33	17
"MT"	2004	"Hill"	"2"	165	129	294	122	156	278	187	98	285				204	86	290	1	33	17
"MT"	2004	"Hill"	"20"	44	128	172	38	135	173	80	87	167				111	61	172	1	33	17
"MT"	2004	"Hill"	"21"	51	101	152	35	119	154	87	64	151				91	63	154	1	33	17
"MT"	2004	"Hill"	"22"	71	138	209	50	160	210	92	112	204				112	89	201	1	33	17
"MT"	2004	"Hill"	"23"	27	69	96	12	84	96	48	47	95				43	53	96	1	33	17
"MT"	2004	"Hill"	"3"	152	191	343	107	223	330	205	130	335				251	93	344	1	33	17
"MT"	2004	"Hill"	"4"	163	185	348	112	230	342	227	117	344				258	90	348	1	33	17
"MT"	2004	"Hill"	"5"	66	64	130	51	77	128	82	47	129				99	36	135	1	33	17
"MT"	2004	"Hill"	"6"	99	108	207	74	125	199	119	81	200				156	57	213	1	33	17
"MT"	2004	"Hill"	"9"	202	222	424	163	256	419	259	159	418				305	121	426	1	33	17
"MT"	2004	"Hill"	"10"	236	268	504	193	307	500	312	167	479				377	128	505	1	34	17
"MT"	2004	"Hill"	"16"	169	253	422	157	257	414	251	156	407				315	113	428	1	34	17
"MT"	2004	"Hill"	"25"	55	169	224	40	176	216	114	120	234				128	114	242	1	34	17
"MT"	2004	"Hill"	"7"	201	276	477	160	323	483	290	189	479				353	127	480	1	34	17
"MT"	2004	"Hill"	"8"	167	259	426	146	278	424	242	177	419				302	123	425	1	34	17
"MT"	2004	"Jefferson"	"4"	133	378	511	118	380	498	215	287	502		432	432	139	368	507	1	71	36
"MT"	2004	"Jefferson"	"6"	216	600	816	199	606	805	316	475	791		644	644	211	574	785	1	71	36
"MT"	2004	"Jefferson"	"9"	8	39	47	3	45	48	13	32	45		40	40	4	43	47	1	71	36
"MT"	2004	"Jefferson"	"1"	321	504	825	273	536	809	409	407	816				381	447	828	1	77	39
"MT"	2004	"Jefferson"	"12"	59	88	147	53	89	142	83	56	139				66	76	142	1	77	39
"MT"	2004	"Jefferson"	"15"	24	30	54	18	34	52	33	17	50				24	28	52	1	77	39
"MT"	2004	"Jefferson"	"2"	103	170	273	89	175	264	140	123	263				136	135	271	1	77	39
"MT"	2004	"Jefferson"	"20"	155	262	417	145	259	404	210	194	404				193	222	415	1	77	39
"MT"	2004	"Jefferson"	"26"	212	435	647	173	455	628	283	348	631				225	408	633	1	77	39
"MT"	2004	"Jefferson"	"27"	250	569	819	207	600	807	374	443	817				313	502	815	1	77	39
"MT"	2004	"Jefferson"	"3"	157	288	445	149	277	426	233	197	430				189	253	442	1	77	39
"MT"	2004	"Jefferson"	"5"	58	147	205	56	141	197	82	120	202				58	148	206	1	77	39
"MT"	2004	"Jefferson"	"7"	174	268	442	155	275	430	236	197	433				212	238	450	1	77	39
"MT"	2004	"Jefferson"	"8"	11	66	77	12	68	80	22	57	79				11	71	82	1	77	39
"MT"	2004	"Judith"	"1"	34	85	119	23	90	113	52	64	116				37	78	115	1	29	15
"MT"	2004	"Judith"	"2"	45	128	173	24	136	160	69	105	174				75	100	175	1	29	15
"MT"	2004	"Judith"	"3"	129	385	514	101	398	499	187	309	496				222	282	504	1	29	15
"MT"	2004	"Judith"	"4"	114	346	460	73	380	453	134	321	455				139	322	461	1	29	15
"MT"	2004	"Lake"	"13"	185	337	522	156	353	509	235	272	507							1	9	5
"MT"	2004	"Lake"	"14"	208	397	605	191	403	594	251	345	596							1	9	5
"MT"	2004	"Lake"	"15"	25	87	112	24	85	109	29	83	112							1	9	5
"MT"	2004	"Lake"	"16"	217	270	487	186	300	486	242	242	484							1	9	5
"MT"	2004	"Lake"	"1"	123	336	459	116	337	453	172	293	465							1	11	6
"MT"	2004	"Lake"	"2"	155	237	392	140	244	384	191	191	382							1	11	6
"MT"	2004	"Lake"	"3"	433	811	1244	362	874	1236	562	663	1225							1	11	6
"MT"	2004	"Lake"	"4"	226	265	491	184	289	473	244	219	463							1	11	6
"MT"	2004	"Lake"	"5"	251	390	641	194	428	622	310	312	622							1	11	6
"MT"	2004	"Lake"	"6"	302	452	754	266	498	764	389	358	747							1	11	6
"MT"	2004	"Lake"	"10"	316	380	696	169	424	593	286	294	580							1	12	6
"MT"	2004	"Lake"	"11"	460	517	977	415	549	964	529	422	951							1	12	6
"MT"	2004	"Lake"	"12"	125	165	290	146	177	323	14	134	148							1	12	6
"MT"	2004	"Lake"	"7"	226	472	698	197	494	691	322	361	683							1	12	6
"MT"	2004	"Lake"	"8"	421	686	1107	366	736	1102	511	560	1071							1	12	6
"MT"	2004	"Lake"	"9"	214	239	453	161	285	446	249	176	425							1	12	6
"MT"	2004	"Lake"	"17"	29	68	97	25	74	99	36	62	98							1	15	8
"MT"	2004	"Lake"	"18"	112	114	226	94	158	252	124	124	248							1	15	8
"MT"	2004	"Lake"	"19"	487	582	1069	451	605	1056	536	487	1023							1	15	8
"MT"	2004	"Lake"	"20"	90	115	205	71	136	207	120	81	201							1	15	8
"MT"	2004	"Lake"	"21"	6	8	14	7	7	14	6	9	15							1	15	8
"MT"	2004	"Lake"	"22"	420	287	707	412	306	718	485	194	679							1	15	8
"MT"	2004	"Lewis & Clark"	"44"	190	408	598	146	440	586	263	332	595							1	17	9
"MT"	2004	"Lewis & Clark"	"45"	83	280	363	69	294	363	118	242	360							1	17	9
"MT"	2004	"Lewis & Clark"	"46"	4	20	24	1	21	22	7	17	24							1	17	9
"MT"	2004	"Lewis & Clark"	"25"	141	181	322	123	209	332	158	173	331							1	77	39
"MT"	2004	"Lewis & Clark"	"5"	234	221	455	183	262	445	265	189	454							1	77	39
"MT"	2004	"Lewis & Clark"	"23"	239	286	525	171	352	523	243	261	504							1	78	39
"MT"	2004	"Lewis & Clark"	"24"	97	119	216	80	140	220	118	101	219							1	78	39
"MT"	2004	"Lewis & Clark"	"50"	138	409	547	124	423	547	250	291	541							1	78	39
"MT"	2004	"Lewis & Clark"	"51"	238	478	716	201	511	712	381	323	704							1	78	39
"MT"	2004	"Lewis & Clark"	"52"	234	460	694	189	502	691	342	350	692							1	78	39
"MT"	2004	"Lewis & Clark"	"53"	371	466	837	313	529	842	522	307	829							1	78	39
"MT"	2004	"Lewis & Clark"	"54"	128	235	363	109	254	363	202	157	359							1	78	39
"MT"	2004	"Lewis & Clark"	"17"	102	129	231	84	146	230	141	89	230							1	79	40
"MT"	2004	"Lewis & Clark"	"18"	252	315	567	204	365	569	319	254	573							1	79	40
"MT"	2004	"Lewis & Clark"	"19"	588	541	1129	466	663	1129	651	476	1127							1	79	40
"MT"	2004	"Lewis & Clark"	"20"	331	272	603	285	319	604	370	241	611							1	79	40
"MT"	2004	"Lewis & Clark"	"21"	214	217	431	172	251	423	235	193	428							1	79	40
"MT"	2004	"Lewis & Clark"	"22"	273	318	591	204	372	576	311	289	600							1	79	40
"MT"	2004	"Lewis & Clark"	"33"	325	602	927	224	682	906	449	468	917							1	79	40
"MT"	2004	"Lewis & Clark"	"34"	133	261	394	117	280	397	182	217	399							1	79	40
"MT"	2004	"Lewis & Clark"	"13"	200	208	408	169	244	413	244	171	415							1	80	40
"MT"	2004	"Lewis & Clark"	"14"	418	309	727	369	342	711	495	228	723							1	80	40
"MT"	2004	"Lewis & Clark"	"15"	392	523	915	318	617	935	531	415	946							1	80	40
"MT"	2004	"Lewis & Clark"	"16"	283	310	593	222	373	595	353	241	594							1	80	40
"MT"	2004	"Lewis & Clark"	"30"	215	389	604	158	443	601	284	315	599							1	80	40
"MT"	2004	"Lewis & Clark"	"31"	244	454	698	198	487	685	330	350	680							1	80	40
"MT"	2004	"Lewis & Clark"	"32"	206	346	552	185	377	562	283	271	554							1	80	40
"MT"	2004	"Lewis & Clark"	"10"	256	163	419	216	196	412	262	154	416							1	81	41
"MT"	2004	"Lewis & Clark"	"11"	247	203	450	208	238	446	286	160	446							1	81	41
"MT"	2004	"Lewis & Clark"	"12"	268	371	639	193	437	630	331	298	629							1	81	41
"MT"	2004	"Lewis & Clark"	"29"	48	124	172	41	132	173	68	103	171							1	81	41
"MT"	2004	"Lewis & Clark"	"6"	560	212	772	494	297	791	596	203	799							1	81	41
"MT"	2004	"Lewis & Clark"	"7"	524	255	779	445	314	759	558	200	758							1	81	41
"MT"	2004	"Lewis & Clark"	"8"	380	214	594	326	257	583	421	173	594							1	81	41
"MT"	2004	"Lewis & Clark"	"9"	287	114	401	254	142	396	285	113	398							1	81	41
"MT"	2004	"Lewis & Clark"	"1"	482	186	668	446	241	687	506	186	692							1	82	41
"MT"	2004	"Lewis & Clark"	"2"	618	560	1178	498	703	1201	659	549	1208							1	82	41
"MT"	2004	"Lewis & Clark"	"26"	388	526	914	324	611	935	473	474	947							1	82	41
"MT"	2004	"Lewis & Clark"	"27"	53	57	110	49	62	111	64	43	107							1	82	41
"MT"	2004	"Lewis & Clark"	"28"	236	553	789	204	568	772	375	411	786							1	82	41
"MT"	2004	"Lewis & Clark"	"3"	116	102	218	88	125	213	131	82	213							1	82	41
"MT"	2004	"Lewis & Clark"	"4"	325	401	726	265	472	737	402	328	730							1	82	41
"MT"	2004	"Lewis & Clark"	"47"	70	86	156	59	99	158	90	68	158							1	83	42
"MT"	2004	"Lewis & Clark"	"48"	264	426	690	210	462	672	348	325	673							1	83	42
"MT"	2004	"Lewis & Clark"	"49"	222	531	753	189	564	753	331	426	757							1	83	42
"MT"	2004	"Lewis & Clark"	"35"	208	501	709	190	546	736	333	386	719							1	84	42
"MT"	2004	"Lewis & Clark"	"36"	182	428	610	142	467	609	291	327	618							1	84	42
"MT"	2004	"Lewis & Clark"	"37"	216	578	794	180	623	803	354	439	793							1	84	42
"MT"	2004	"Lewis & Clark"	"38"	169	373	542	137	401	538	237	302	539							1	84	42
"MT"	2004	"Lewis & Clark"	"39"	139	316	455	129	348	477	197	271	468							1	84	42
"MT"	2004	"Lewis & Clark"	"40"	87	121	208	64	138	202	95	120	215							1	84	42
"MT"	2004	"Lewis & Clark"	"41"	21	47	68	19	46	65	29	38	67							1	84	42
"MT"	2004	"Lewis & Clark"	"42"	40	137	177	45	133	178	63	110	173							1	84	42
"MT"	2004	"Lewis & Clark"	"43"	38	122	160	36	120	156	59	93	152							1	84	42
"MT"	2004	"Liberty"	"1"	55	210	265	42	228	270	100	165	265							1	28	14
"MT"	2004	"Liberty"	"2"	83	166	249	51	126	177	126	120	246							1	28	14
"MT"	2004	"Liberty"	"3"	77	182	259	52	115	167	115	143	258							1	28	14
"MT"	2004	"Liberty"	"4"	64	149	213	38	102	140	102	114	216							1	28	14
"MT"	2004	"Liberty"	"WH1"	2	27	29	0	29	29	2	23	25							1	28	14
"MT"	2004	"Lincoln"	"12"	304	800	1104	272	812	1084	448	605	1053							1	1	1
"MT"	2004	"Lincoln"	"13"	372	865	1237	318	899	1217	555	643	1198							1	1	1
"MT"	2004	"Lincoln"	"7"	160	237	397	145	245	390	206	170	376							1	1	1
"MT"	2004	"Lincoln"	"9"	332	635	967	266	675	941	461	478	939							1	1	1
"MT"	2004	"Lincoln"	"1"	82	252	334	77	256	333	113	210	323							1	2	1
"MT"	2004	"Lincoln"	"10"	123	344	467	108	350	458	177	289	466							1	2	1
"MT"	2004	"Lincoln"	"11"	67	292	359	68	279	347	114	232	346							1	2	1
"MT"	2004	"Lincoln"	"14"	24	90	114	27	83	110	39	73	112							1	2	1
"MT"	2004	"Lincoln"	"2"	70	209	279	67	200	267	99	174	273							1	2	1
"MT"	2004	"Lincoln"	"3"	349	1112	1461	315	1110	1425	476	932	1408							1	2	1
"MT"	2004	"Lincoln"	"4"	85	288	373	80	288	368	134	228	362							1	2	1
"MT"	2004	"Lincoln"	"5"	53	88	141	54	80	134	63	70	133							1	2	1
"MT"	2004	"Lincoln"	"6"	69	107	176	64	103	167	70	93	163							1	2	1
"MT"	2004	"Lincoln"	"8"	230	570	800	217	557	774	331	450	781							1	2	1
"MT"	2004	"Madison"	"15_1"	24	169	193	22	172	194	49	134	183							1	71	36
"MT"	2004	"Madison"	"15_2"	87	265	352	68	285	353	116	231	347							1	71	36
"MT"	2004	"Madison"	"1_1"	52	73	125	55	71	126	70	51	121							1	71	36
"MT"	2004	"Madison"	"1_2"	32	132	164	25	137	162	58	104	162							1	71	36
"MT"	2004	"Madison"	"20"	325	850	1175	261	874	1135	414	725	1139							1	71	36
"MT"	2004	"Madison"	"21"	117	318	435	102	325	427	194	237	431							1	71	36
"MT"	2004	"Madison"	"5"	196	594	790	166	603	769	289	472	761							1	71	36
"MT"	2004	"Madison"	"7"	150	467	617	132	498	630	226	386	612							1	71	36
"MT"	2004	"McCone"	"16"	1	31	32	0	34	34	4	28	32							1	30	15
"MT"	2004	"McCone"	"24"	4	17	21	2	19	21	8	11	19							1	30	15
"MT"	2004	"McCone"	"27"	53	112	165	45	122	167	68	96	164							1	30	15
"MT"	2004	"McCone"	"30"	55	68	123	35	89	124	73	56	129							1	30	15
"MT"	2004	"McCone"	"33"	10	28	38	6	33	39	15	22	37							1	30	15
"MT"	2004	"McCone"	"5"	37	62	99	19	82	101	57	42	99							1	30	15
"MT"	2004	"McCone"	"7"	27	57	84	19	64	83	34	46	80							1	30	15
"MT"	2004	"McCone"	"8"	19	106	125	9	115	124	46	77	123							1	30	15
"MT"	2004	"McCone"	"4"	114	481	595	71	350	421	177	240	417							1	39	20
"MT"	2004	"Meagher"	"10"	20	57	77	10	68	78	32	47	79							1	83	42
"MT"	2004	"Meagher"	"4"	109	303	412	80	324	404	167	236	403							1	83	42
"MT"	2004	"Meagher"	"6"	99	253	352	91	268	359	148	198	346							1	83	42
"MT"	2004	"Meagher"	"8"	16	45	61	16	41	57	20	36	56							1	83	42
"MT"	2004	"Meagher"	"9"	3	40	43	3	41	44	4	40	44							1	83	42
"MT"	2004	"Mineral"	"22"	111	176	287	96	191	287	152	132	284							1	14	7
"MT"	2004	"Mineral"	"24"	64	100	164	47	115	162	107	56	163							1	14	7
"MT"	2004	"Mineral"	"25"	107	288	395	88	292	380	167	204	371							1	14	7
"MT"	2004	"Mineral"	"26"	92	225	317	82	219	301	147	152	299							1	14	7
"MT"	2004	"Mineral"	"27"	42	107	149	38	103	141	58	83	141							1	14	7
"MT"	2004	"Mineral"	"30"	126	346	472	109	354	463	207	248	455							1	14	7
"MT"	2004	"Missoula"	"20"	33	40	73	35	40	75	46	29	75							1	14	7
"MT"	2004	"Missoula"	"34"	75	213	288	72	214	286	131	149	280							1	14	7
"MT"	2004	"Missoula"	"36"	250	642	892	230	645	875	389	484	873							1	14	7
"MT"	2004	"Missoula"	"37"	224	484	708	203	486	689	339	366	705							1	14	7
"MT"	2004	"Missoula"	"38"	36	85	121	35	86	121	65	53	118							1	14	7
"MT"	2004	"Missoula"	"39"	31	35	66	31	36	67	45	20	65							1	14	7
"MT"	2004	"Missoula"	"41"	70	67	137	67	69	136	88	44	132							1	14	7
"MT"	2004	"Missoula"	"1"	20	20	40	18	23	41	25	16	41							1	15	8
"MT"	2004	"Missoula"	"10"	39	88	127	35	90	125	59	64	123							1	91	46
"MT"	2004	"Missoula"	"100"	474	437	911	421	462	883	591	300	891							1	91	46
"MT"	2004	"Missoula"	"101"	288	386	674	255	407	662	403	269	672							1	91	46
"MT"	2004	"Missoula"	"12"	205	371	576	194	367	561	299	267	566							1	91	46
"MT"	2004	"Missoula"	"6"	22	39	61	20	39	59	31	28	59							1	91	46
"MT"	2004	"Missoula"	"8"	158	285	443	149	287	436	223	218	441							1	91	46
"MT"	2004	"Missoula"	"9"	327	599	926	306	598	904	512	415	927							1	91	46
"MT"	2004	"Missoula"	"91"	197	300	497	162	326	488	287	200	487							1	91	46
"MT"	2004	"Missoula"	"2"	89	199	288	90	189	279	112	165	277							1	92	46
"MT"	2004	"Missoula"	"3"	119	233	352	95	240	335	134	204	338							1	92	46
"MT"	2004	"Missoula"	"4"	218	508	726	184	516	700	286	407	693							1	92	46
"MT"	2004	"Missoula"	"5"	9	26	35	8	23	31	19	15	34							1	92	46
"MT"	2004	"Missoula"	"7"	21	41	62	18	39	57	32	28	60							1	92	46
"MT"	2004	"Missoula"	"71"	57	62	119	52	65	117	72	43	115							1	92	46
"MT"	2004	"Missoula"	"94"	238	99	337	199	106	305	232	80	312							1	92	46
"MT"	2004	"Missoula"	"95"	428	96	524	392	107	499	425	76	501							1	92	46
"MT"	2004	"Missoula"	"96"	444	204	648	389	256	645	470	187	657							1	92	46
"MT"	2004	"Missoula"	"97"	515	242	757	450	289	739	547	203	750							1	92	46
"MT"	2004	"Missoula"	"98"	539	375	914	455	439	894	588	323	911							1	92	46
"MT"	2004	"Missoula"	"99"	429	328	757	377	368	745	504	252	756							1	92	46
"MT"	2004	"Missoula"	"11"	74	70	144	67	73	140	84	56	140							1	93	47
"MT"	2004	"Missoula"	"43"	349	534	883	264	590	854	440	424	864							1	93	47
"MT"	2004	"Missoula"	"55"	450	468	918	357	544	901	500	397	897							1	93	47
"MT"	2004	"Missoula"	"56"	140	75	215	129	82	211	140	70	210							1	93	47
"MT"	2004	"Missoula"	"76"	638	288	926	502	343	845	593	273	866							1	93	47
"MT"	2004	"Missoula"	"77"	596	162	758	512	208	720	603	144	747							1	93	47
"MT"	2004	"Missoula"	"82"	630	194	824	537	260	797	650	169	819							1	93	47
"MT"	2004	"Missoula"	"83"	608	224	832	518	281	799	621	188	809							1	93	47
"MT"	2004	"Missoula"	"47"	73	97	170	65	98	163	92	75	167							1	94	47
"MT"	2004	"Missoula"	"48"	334	378	712	255	431	686	409	283	692							1	94	47
"MT"	2004	"Missoula"	"53"	406	412	818	326	467	793	464	357	821							1	94	47
"MT"	2004	"Missoula"	"54"	279	241	520	253	262	515	306	206	512							1	94	47
"MT"	2004	"Missoula"	"58"	285	212	497	211	260	471	321	155	476							1	94	47
"MT"	2004	"Missoula"	"81"	752	228	980	675	275	950	782	172	954							1	94	47
"MT"	2004	"Missoula"	"84"	336	217	553	266	269	535	355	198	553							1	94	47
"MT"	2004	"Missoula"	"85"	390	149	539	343	189	532	423	116	539							1	94	47
"MT"	2004	"Missoula"	"87"	209	252	461	165	282	447	280	173	453							1	94	47
"MT"	2004	"Missoula"	"46"	69	96	165	53	108	161	80	79	159							1	95	48
"MT"	2004	"Missoula"	"49"	476	441	917	396	497	893	575	334	909							1	95	48
"MT"	2004	"Missoula"	"50"	298	322	620	245	358	603	346	263	609							1	95	48
"MT"	2004	"Missoula"	"51"	189	245	434	151	275	426	248	182	430							1	95	48
"MT"	2004	"Missoula"	"52"	187	198	385	146	234	380	240	145	385							1	95	48
"MT"	2004	"Missoula"	"57"	378	371	749	313	415	728	436	294	730							1	95	48
"MT"	2004	"Missoula"	"59"	390	307	697	279	385	664	458	227	685							1	95	48
"MT"	2004	"Missoula"	"63"	73	34	107	45	50	95	75	29	104							1	95	48
"MT"	2004	"Missoula"	"78"	681	199	880	601	242	843	696	153	849							1	95	48
"MT"	2004	"Missoula"	"21"	190	222	412	152	241	393	213	191	404							1	96	48
"MT"	2004	"Missoula"	"44"	110	195	305	89	196	285	137	157	294							1	96	48
"MT"	2004	"Missoula"	"45"	63	98	161	47	105	152	76	79	155							1	96	48
"MT"	2004	"Missoula"	"60"	198	183	381	170	189	359	259	105	364							1	96	48
"MT"	2004	"Missoula"	"61"	349	281	630	305	303	608	430	184	614							1	96	48
"MT"	2004	"Missoula"	"62"	234	181	415	183	194	377	283	111	394							1	96	48
"MT"	2004	"Missoula"	"67"	292	489	781	229	537	766	368	404	772							1	96	48
"MT"	2004	"Missoula"	"79"	376	126	502	333	151	484	373	112	485							1	96	48
"MT"	2004	"Missoula"	"80"	485	244	729	413	283	696	545	165	710							1	96	48
"MT"	2004	"Missoula"	"22"	200	354	554	159	382	541	266	274	540							1	97	49
"MT"	2004	"Missoula"	"23"	276	328	604	221	379	600	360	239	599							1	97	49
"MT"	2004	"Missoula"	"64"	445	288	733	373	326	699	518	193	711							1	97	49
"MT"	2004	"Missoula"	"65"	182	205	387	139	233	372	230	140	370							1	97	49
"MT"	2004	"Missoula"	"66"	649	210	859	577	255	832	698	157	855							1	97	49
"MT"	2004	"Missoula"	"68"	195	216	411	159	218	377	241	153	394							1	97	49
"MT"	2004	"Missoula"	"70"	318	409	727	279	442	721	394	320	714							1	97	49
"MT"	2004	"Missoula"	"75"	617	101	718	524	233	757	602	90	692							1	97	49
"MT"	2004	"Missoula"	"24"	269	447	716	225	485	710	367	327	694							1	98	49
"MT"	2004	"Missoula"	"26"	170	282	452	141	306	447	227	214	441							1	98	49
"MT"	2004	"Missoula"	"27"	295	277	572	241	319	560	345	210	555							1	98	49
"MT"	2004	"Missoula"	"29"	277	266	543	224	290	514	337	193	530							1	98	49
"MT"	2004	"Missoula"	"32"	152	265	417	125	285	410	211	197	408							1	98	49
"MT"	2004	"Missoula"	"69"	218	231	449	184	244	428	267	167	434							1	98	49
"MT"	2004	"Missoula"	"72"	352	308	660	289	333	622	405	228	633							1	98	49
"MT"	2004	"Missoula"	"73"	47	30	77	41	29	70	49	22	71							1	98	49
"MT"	2004	"Missoula"	"74"	22	17	39	15	16	31	24	12	36							1	98	49
"MT"	2004	"Missoula"	"86"	22	32	54	13	39	52	33	20	53							1	98	49
"MT"	2004	"Missoula"	"89"	462	209	671	388	248	636	503	149	652							1	98	49
"MT"	2004	"Missoula"	"28"	670	761	1431	552	849	1401	790	621	1411							1	99	50
"MT"	2004	"Missoula"	"30"	177	222	399	157	236	393	223	175	398							1	99	50
"MT"	2004	"Missoula"	"33"	92	203	295	81	207	288	144	149	293							1	99	50
"MT"	2004	"Missoula"	"40"	23	29	52	17	30	47	27	19	46							1	99	50
"MT"	2004	"Missoula"	"42"	87	77	164	80	81	161	99	61	160							1	99	50
"MT"	2004	"Missoula"	"88"	750	127	877	663	175	838	734	116	850							1	99	50
"MT"	2004	"Missoula"	"90"	488	108	596	431	137	568	523	66	589							1	99	50
"MT"	2004	"Missoula"	"92"	445	114	559	392	115	507	474	64	538							1	99	50
"MT"	2004	"Missoula"	"93"	392	200	592	302	226	528	451	112	563							1	99	50
"MT"	2004	"Missoula"	"13"	238	477	715	209	487	696	347	347	694							1	100	50
"MT"	2004	"Missoula"	"14"	241	408	649	188	442	630	335	298	633							1	100	50
"MT"	2004	"Missoula"	"15"	252	515	767	226	520	746	364	378	742							1	100	50
"MT"	2004	"Missoula"	"16"	92	149	241	86	145	231	126	112	238							1	100	50
"MT"	2004	"Missoula"	"17"	93	106	199	78	117	195	109	90	199							1	100	50
"MT"	2004	"Missoula"	"18"	325	440	765	264	476	740	406	348	754							1	100	50
"MT"	2004	"Missoula"	"19"	94	145	239	85	145	230	113	115	228							1	100	50
"MT"	2004	"Missoula"	"25"	112	264	376	91	284	375	180	189	369							1	100	50
"MT"	2004	"Missoula"	"31"	19	21	40	15	21	36	18	11	29							1	100	50
"MT"	2004	"Missoula"	"35"	74	211	285	55	224	279	127	151	278							1	100	50
"MT"	2004	"Musselshell"	"1"	138	301	439	92	335	427	188	243	431							1	45	23
"MT"	2004	"Musselshell"	"3"	120	278	398	94	303	397	181	210	391							1	45	23
"MT"	2004	"Musselshell"	"5"	95	388	483	84	392	476	157	304	461							1	45	23
"MT"	2004	"Musselshell"	"6"	151	508	659	119	526	645	234	405	639							1	45	23
"MT"	2004	"Musselshell"	"7"	16	108	124	13	109	122	33	87	120							1	45	23
"MT"	2004	"Musselshell"	"8"	18	80	98	14	83	97	26	67	93							1	45	23
"MT"	2004	"Park"	"5-C"	33	42	75	33	39	72	43	30	73							1	61	31
"MT"	2004	"Park"	"5_A"	170	410	580	157	435	592	213	376	589							1	61	31
"MT"	2004	"Park"	"5_B"	396	463	859	354	498	852	423	402	825							1	61	31
"MT"	2004	"Park"	"5_D"	146	240	386	121	259	380	162	220	382							1	61	31
"MT"	2004	"Park"	"6_A"	54	113	167	47	120	167	79	85	164							1	61	31
"MT"	2004	"Park"	"6_B"	175	377	552	160	382	542	224	312	536							1	61	31
"MT"	2004	"Park"	"7_A"	28	80	108	32	74	106	41	60	101							1	61	31
"MT"	2004	"Park"	"7_B"	9	37	46	8	38	46	14	31	45							1	61	31
"MT"	2004	"Park"	"7_C"	74	252	326	64	265	329	115	208	323							1	61	31
"MT"	2004	"Park"	"7_D"	154	406	560	125	430	555	215	328	543							1	61	31
"MT"	2004	"Park"	"1"	418	380	798	361	408	769	484	284	768							1	62	31
"MT"	2004	"Park"	"2"	376	361	737	335	400	735	440	273	713							1	62	31
"MT"	2004	"Park"	"2_B"	317	570	887	270	609	879	429	440	869							1	62	31
"MT"	2004	"Park"	"3"	423	651	1074	388	662	1050	555	490	1045							1	62	31
"MT"	2004	"Park"	"4"	426	389	815	346	460	806	478	316	794							1	62	31
"MT"	2004	"Petroleum"	"1"	55	228	283	33	248	281	95	185	280							1	30	15
"MT"	2004	"Phillips"	"11"	5	51	56	4	49	53	9	47	56							1	32	16
"MT"	2004	"Phillips"	"12_S"	51	256	307	32	268	300	96	196	292							1	32	16
"MT"	2004	"Phillips"	"2_S"	23	31	54	14	37	51	29	23	52							1	32	16
"MT"	2004	"Phillips"	"5"	16	65	81	10	69	79	16	62	78							1	32	16
"MT"	2004	"Phillips"	"6"	1	28	29	2	27	29	6	24	30							1	32	16
"MT"	2004	"Phillips"	"8_S"	2	13	15	2	14	16	7	8	15							1	32	16
"MT"	2004	"Phillips"	"12_N"	32	144	176	26	146	172	68	19	87							1	35	18
"MT"	2004	"Phillips"	"16"	15	86	101	8	92	100	34	64	98							1	35	18
"MT"	2004	"Phillips"	"2_N"	22	49	71	22	49	71	40	29	69							1	35	18
"MT"	2004	"Phillips"	"7"	4	55	59	2	58	60	15	42	57							1	35	18
"MT"	2004	"Phillips"	"8_N"	68	166	234	41	188	229	116	116	232							1	35	18
"MT"	2004	"Phillips"	"9_1"	103	264	367	63	296	359	164	194	358							1	35	18
"MT"	2004	"Phillips"	"9_2"	114	469	583	75	491	566	230	339	569							1	35	18
"MT"	2004	"Pondera"	"20"	182	24	206	174	27	201	178	14	192							1	15	8
"MT"	2004	"Pondera"	"19"	87	107	194	53	138	191	113	75	188							1	27	14
"MT"	2004	"Pondera"	"23"	21	103	124	19	102	121	48	74	122							1	27	14
"MT"	2004	"Pondera"	"24"	212	489	701	147	538	685	316	366	682							1	27	14
"MT"	2004	"Pondera"	"27"	183	341	524	121	407	528	268	251	519							1	27	14
"MT"	2004	"Pondera"	"28"	135	438	573	98	477	575	234	327	561							1	27	14
"MT"	2004	"Pondera"	"34"	68	197	265	43	214	257	110	153	263							1	27	14
"MT"	2004	"Pondera"	"35"	68	154	222	47	176	223	106	116	222							1	27	14
"MT"	2004	"Powder River"	"1"	6	12	18	0	14	14	2	11	13							1	39	20
"MT"	2004	"Powder River"	"11"	11	170	181	13	166	179	45	133	178							1	39	20
"MT"	2004	"Powder River"	"12"	89	432	521	59	445	504	169	326	495							1	39	20
"MT"	2004	"Powder River"	"3"	5	33	38	6	30	36	9	29	38							1	39	20
"MT"	2004	"Powder River"	"7"	7	16	23	3	19	22	10	11	21							1	39	20
"MT"	2004	"Powder River"	"9"	14	59	73	9	59	68	17	50	67							1	39	20
"MT"	2004	"Powder River"	"4"	9	37	46	6	40	46	10	36	46							1	41	21
"MT"	2004	"Powder River"	"5"	15	74	89	10	76	86	25	59	84							1	41	21
"MT"	2004	"Powder River"	"6"	1	23	24	2	21	23	4	18	22							1	41	21
"MT"	2004	"Powell"	"12"	2	2	4	3	4	7	2	2	4							1	17	9
"MT"	2004	"Powell"	"14"	44	18	62	41	119	160	70	76	146							1	17	9
"MT"	2004	"Powell"	"1"	23	120	143	16	119	135	32	103	135							1	84	42
"MT"	2004	"Powell"	"10"	9	64	73	7	59	66	21	46	67							1	84	42
"MT"	2004	"Powell"	"11"	17	57	74	18	55	73	23	53	76							1	84	42
"MT"	2004	"Powell"	"12"	25	119	144	21	113	134	41	105	146							1	84	42
"MT"	2004	"Powell"	"14"	7	103	110	7	18	25	18	7	25							1	84	42
"MT"	2004	"Powell"	"16"	22	26	48	13	70	83	27	7	34							1	84	42
"MT"	2004	"Powell"	"3"	50	185	235	47	181	228	73	158	231							1	84	42
"MT"	2004	"Powell"	"8"	60	140	200	59	138	197	97	100	197							1	84	42
"MT"	2004	"Powell"	"16"	15	69	84	19	32	51	26	52	78							1	85	43
"MT"	2004	"Powell"	"3"	42	134	176	32	143	175	75	98	173							1	85	43
"MT"	2004	"Powell"	"4"	101	223	324	74	232	306	162	159	321							1	85	43
"MT"	2004	"Powell"	"5"	111	235	346	83	257	340	162	174	336							1	85	43
"MT"	2004	"Powell"	"6"	115	256	371	100	265	365	206	159	365							1	85	43
"MT"	2004	"Powell"	"7"	118	242	360	107	239	346	213	148	361							1	85	43
"MT"	2004	"Prairie"	"1"	63	120	183	46	135	181	77	107	184							1	39	20
"MT"	2004	"Prairie"	"2"	57	110	167	30	126	156	80	83	163							1	39	20
"MT"	2004	"Prairie"	"3"	39	139	178	36	136	172	58	117	175							1	39	20
"MT"	2004	"Prairie"	"4"	22	177	199	18	178	196	45	150	195							1	39	20
"MT"	2004	"Ravalli"	"1"	31	93	124	31	89	120	47	70	117							1	87	44
"MT"	2004	"Ravalli"	"10"	202	466	668	177	481	658	287	366	653							1	87	44
"MT"	2004	"Ravalli"	"13"	4	224	228	3	238	241	28	199	227							1	87	44
"MT"	2004	"Ravalli"	"14"	138	269	407	120	276	396	178	222	400							1	87	44
"MT"	2004	"Ravalli"	"2"	174	394	568	167	279	446	237	320	557							1	87	44
"MT"	2004	"Ravalli"	"3"	177	566	743	151	567	718	255	468	723							1	87	44
"MT"	2004	"Ravalli"	"4"	78	209	287	71	211	282	122	162	284							1	87	44
"MT"	2004	"Ravalli"	"5"	85	292	377	82	292	374	139	228	367							1	87	44
"MT"	2004	"Ravalli"	"6"	512	1095	1607	430	1139	1569	688	877	1565							1	87	44
"MT"	2004	"Ravalli"	"11"	158	415	573	143	421	564	238	324	562							1	88	44
"MT"	2004	"Ravalli"	"7"	478	860	1338	417	894	1311	695	591	1286							1	88	44
"MT"	2004	"Ravalli"	"8"	231	486	717	227	497	724	331	380	711							1	88	44
"MT"	2004	"Ravalli"	"9"	761	993	1754	662	1044	1706	940	758	1698							1	88	44
"MT"	2004	"Ravalli"	"12"	546	1404	1950	493	1432	1925	825	1077	1902							1	89	45
"MT"	2004	"Ravalli"	"15"	401	916	1317	362	911	1273	601	679	1280							1	89	45
"MT"	2004	"Ravalli"	"16"	399	1023	1422	362	1026	1388	595	796	1391							1	89	45
"MT"	2004	"Ravalli"	"19"	136	307	443	110	316	426	206	223	429							1	89	45
"MT"	2004	"Ravalli"	"17"	320	675	995	277	697	974	477	488	965							1	90	45
"MT"	2004	"Ravalli"	"18"	285	465	750	232	502	734	391	351	742							1	90	45
"MT"	2004	"Ravalli"	"20"	373	695	1068	332	721	1053	526	525	1051							1	90	45
"MT"	2004	"Ravalli"	"21"	399	941	1340	361	938	1299	584	721	1305							1	90	45
"MT"	2004	"Ravalli"	"22"	256	491	747	234	518	752	385	357	742							1	90	45
"MT"	2004	"Richland"	"12a"	4	29	33	5	27	32	10	22	32							1	36	18
"MT"	2004	"Richland"	"17"	21	86	107	20	91	111	40	69	109							1	36	18
"MT"	2004	"Richland"	"19"	28	114	142	26	112	138	62	75	137							1	36	18
"MT"	2004	"Richland"	"7a"	39	75	114	38	60	98	55	43	98							1	36	18
"MT"	2004	"Richland"	"1"	56	155	211	62	151	213	86	125	211							1	37	19
"MT"	2004	"Richland"	"12b"	117	320	437	105	312	417	187	231	418							1	37	19
"MT"	2004	"Richland"	"2"	100	237	337	90	236	326	148	178	326							1	37	19
"MT"	2004	"Richland"	"22"	85	313	398	73	324	397	144	250	394							1	37	19
"MT"	2004	"Richland"	"23"	125	409	534	120	412	532	193	323	516							1	37	19
"MT"	2004	"Richland"	"3"	146	230	376	122	242	364	167	204	371							1	37	19
"MT"	2004	"Richland"	"4"	74	220	294	71	223	294	104	181	285							1	37	19
"MT"	2004	"Richland"	"5"	98	214	312	87	224	311	147	159	306							1	37	19
"MT"	2004	"Richland"	"7b"	30	59	89	32	77	109	44	58	102							1	37	19
"MT"	2004	"Richland"	"8"	148	468	616	136	465	601	213	390	603							1	37	19
"MT"	2004	"Richland"	"9"	49	181	230	54	178	232	79	146	225							1	37	19
"MT"	2004	"Roosevelt"	"15"	178	45	223	144	72	216	169	29	198							1	31	16
"MT"	2004	"Roosevelt"	"16"	199	66	265	164	96	260	206	40	246							1	31	16
"MT"	2004	"Roosevelt"	"18"	533	230	763	422	323	745	536	150	686							1	31	16
"MT"	2004	"Roosevelt"	"22"	65	81	146	50	92	142	75	65	140							1	31	16
"MT"	2004	"Roosevelt"	"24"	297	145	442	227	194	421	301	97	398							1	31	16
"MT"	2004	"Roosevelt"	"26"	247	338	585	151	431	582	268	308	576							1	31	16
"MT"	2004	"Roosevelt"	"27"	271	84	355	222	121	343	269	43	312							1	31	16
"MT"	2004	"Roosevelt"	"10"	98	104	202	75	126	201	112	87	199							1	36	18
"MT"	2004	"Roosevelt"	"12"	130	294	424	91	319	410	203	204	407							1	36	18
"MT"	2004	"Roosevelt"	"17"	34	96	130	17	109	126	57	70	127							1	36	18
"MT"	2004	"Roosevelt"	"2"	64	131	195	44	147	191	69	112	181							1	36	18
"MT"	2004	"Roosevelt"	"20"	24	40	64	16	53	69	36	28	64							1	36	18
"MT"	2004	"Roosevelt"	"28"	55	108	163	34	127	161	76	90	166							1	36	18
"MT"	2004	"Rosebud"	"15"	412	109	521	388	126	514	396	55	451							1	41	21
"MT"	2004	"Rosebud"	"17"	156	137	293	134	146	280	168	93	261							1	41	21
"MT"	2004	"Rosebud"	"30"	19	37	56	19	37	56	28	28	56							1	41	21
"MT"	2004	"Rosebud"	"7"	15	44	59	15	44	59	20	38	58							1	41	21
"MT"	2004	"Rosebud"	"11"	10	55	65	14	56	70	19	46	65							1	43	22
"MT"	2004	"Rosebud"	"21"	23	679	702	23	86	109	36	76	112							1	43	22
"MT"	2004	"Rosebud"	"3"	186	276	462	141	317	458	250	208	458							1	43	22
"MT"	2004	"Rosebud"	"32"	404	88	492	331	751	1082	639	434	1073							1	43	22
"MT"	2004	"Rosebud"	"6"	200	226	426	149	273	422	275	142	417							1	43	22
"MT"	2004	"Rosebud"	"10"	34	119	153	24	128	152	65	82	147							1	45	23
"MT"	2004	"Rosebud"	"20"	52	156	208	37	162	199	75	127	202							1	45	23
"MT"	2004	"Rosebud"	"26"	9	56	65	7	60	67	19	49	68							1	45	23
"MT"	2004	"Sanders"	"1"	86	167	253	92	141	233	110	132	242							1	13	7
"MT"	2004	"Sanders"	"2"	101	229	330	102	221	323	141	186	327							1	13	7
"MT"	2004	"Sanders"	"3"	132	379	511	150	353	503	190	308	498							1	13	7
"MT"	2004	"Sanders"	"4"	37	110	147	35	111	146	50	92	142							1	13	7
"MT"	2004	"Sanders"	"5"	434	1017	1451	427	979	1406	570	853	1423							1	13	7
"MT"	2004	"Sanders"	"6"	343	992	1335	303	1017	1320	582	725	1307							1	13	7
"MT"	2004	"Sanders"	"7"	206	308	514	178	331	509	276	229	505							1	13	7
"MT"	2004	"Sanders"	"10"	91	91	182	82	97	179	105	70	175							1	14	7
"MT"	2004	"Sanders"	"8"	52	128	180	46	141	187	74	112	186							1	14	7
"MT"	2004	"Sanders"	"9"	20	40	60	18	42	60	26	34	60							1	14	7
"MT"	2004	"Sheridan"	"1"	72	136	208	44	160	204	91	115	206							1	36	18
"MT"	2004	"Sheridan"	"10"	120	182	302	93	201	294	138	154	292							1	36	18
"MT"	2004	"Sheridan"	"17"	91	118	209	59	148	207	116	95	211							1	36	18
"MT"	2004	"Sheridan"	"18"	106	107	213	78	130	208	128	81	209							1	36	18
"MT"	2004	"Sheridan"	"20"	153	158	311	104	203	307	175	131	306							1	36	18
"MT"	2004	"Sheridan"	"5"	60	94	154	41	114	155	73	82	155							1	36	18
"MT"	2004	"Sheridan"	"8"	116	176	292	83	202	285	133	149	282							1	36	18
"MT"	2004	"Sheridan"	"9"	128	188	316	96	209	305	151	142	293							1	36	18
"MT"	2004	"Silver Bow"	"16E&W"	445	274	719	366	347	713	531	176	707							1	73	37
"MT"	2004	"Silver Bow"	"19N&S"	238	176	414	196	210	406	314	95	409							1	73	37
"MT"	2004	"Silver Bow"	"22C"	364	229	593	302	268	570	410	156	566							1	73	37
"MT"	2004	"Silver Bow"	"23N&S"	327	223	550	271	246	517	419	115	534							1	73	37
"MT"	2004	"Silver Bow"	"24N&S"	521	282	803	433	339	772	628	168	796							1	73	37
"MT"	2004	"Silver Bow"	"26E&W"	82	78	160	72	86	158	110	50	160							1	73	37
"MT"	2004	"Silver Bow"	"27S"	169	192	361	140	226	366	238	129	367							1	73	37
"MT"	2004	"Silver Bow"	"28C"	39	60	99	39	62	101	62	39	101							1	73	37
"MT"	2004	"Silver Bow"	"29C"	21	47	68	17	50	67	36	32	68							1	73	37
"MT"	2004	"Silver Bow"	"20N&S"	324	262	586	267	306	573	408	159	567							1	74	37
"MT"	2004	"Silver Bow"	"5C"	441	250	691	350	328	678	512	176	688							1	74	37
"MT"	2004	"Silver Bow"	"6C"	379	277	656	304	333	637	470	168	638							1	74	37
"MT"	2004	"Silver Bow"	"7N&S"	367	314	681	269	412	681	438	242	680							1	74	37
"MT"	2004	"Silver Bow"	"8E&W"	577	597	1174	391	759	1150	687	440	1127							1	74	37
"MT"	2004	"Silver Bow"	"9E&W"	480	567	1047	371	679	1050	625	413	1038							1	74	37
"MT"	2004	"Silver Bow"	"18C"	249	117	366	210	138	348	299	60	359							1	75	38
"MT"	2004	"Silver Bow"	"1C"	386	202	588	312	259	571	460	117	577							1	75	38
"MT"	2004	"Silver Bow"	"21N&S"	418	260	678	335	317	652	498	160	658							1	75	38
"MT"	2004	"Silver Bow"	"2C"	419	268	687	325	353	678	506	167	673							1	75	38
"MT"	2004	"Silver Bow"	"3C"	409	261	670	322	331	653	500	152	652							1	75	38
"MT"	2004	"Silver Bow"	"4C"	393	284	677	309	357	666	479	192	671							1	75	38
"MT"	2004	"Silver Bow"	"9N"	162	149	311	130	181	311	183	130	313							1	75	38
"MT"	2004	"Silver Bow"	"10E,N&S"	237	102	339	196	137	333	284	50	334							1	76	38
"MT"	2004	"Silver Bow"	"11N&S"	320	175	495	273	211	484	387	104	491							1	76	38
"MT"	2004	"Silver Bow"	"12C"	213	66	279	175	103	278	235	26	261							1	76	38
"MT"	2004	"Silver Bow"	"13N&S"	351	146	497	286	199	485	360	118	478							1	76	38
"MT"	2004	"Silver Bow"	"14C"	273	120	393	239	145	384	292	92	384							1	76	38
"MT"	2004	"Silver Bow"	"15N&S"	377	193	570	320	234	554	410	136	546							1	76	38
"MT"	2004	"Silver Bow"	"17N&S"	272	136	408	227	162	389	307	78	385							1	76	38
"MT"	2004	"Silver Bow"	"25C"	30	45	75	25	47	72	38	34	72							1	76	38
"MT"	2004	"Silver Bow"	"27N"	24	29	53	18	36	54	35	16	51							1	76	38
"MT"	2004	"Still Water"	"1"	362	1180	1542	265	1251	1516	645	859	1504							1	60	30
"MT"	2004	"Still Water"	"10"	52	124	176	44	132	176	86	93	179							1	60	30
"MT"	2004	"Still Water"	"11"	60	142	202	40	157	197	84	105	189							1	60	30
"MT"	2004	"Still Water"	"13"	200	624	824	158	652	810	335	478	813							1	60	30
"MT"	2004	"Still Water"	"2"	281	657	938	245	690	935	467	442	909							1	60	30
"MT"	2004	"Still Water"	"4"	30	145	175	28	143	171	64	107	171							1	60	30
"MT"	2004	"Still Water"	"7"	14	87	101	9	92	101	35	66	101							1	60	30
"MT"	2004	"Still Water"	"9"	26	131	157	18	135	153	58	96	154							1	60	30
"MT"	2004	"Sweet Grass"	"5"	76	310	386	53	325	378	123	252	375							1	60	30
"MT"	2004	"Sweet Grass"	"1"	110	324	434	95	341	436	165	257	422							1	61	31
"MT"	2004	"Sweet Grass"	"2"	126	292	418	105	309	414	157	253	410							1	61	31
"MT"	2004	"Sweet Grass"	"3"	88	358	446	71	370	441	127	306	433							1	61	31
"MT"	2004	"Sweet Grass"	"4"	45	225	270	35	232	267	68	198	266							1	61	31
"MT"	2004	"Teton"	"1"	454	935	1389	346	993	1339	613	760	1373							1	17	9
"MT"	2004	"Teton"	"11"	44	165	209	29	157	186	93	104	197							1	17	9
"MT"	2004	"Teton"	"17"	121	242	363	92	271	363	177	190	367							1	17	9
"MT"	2004	"Teton"	"6"	113	209	322	66	247	313	148	173	321							1	17	9
"MT"	2004	"Teton"	"7"	315	681	996	244	717	961	461	521	982							1	17	9
"MT"	2004	"Toole"	"KE1"	24	50	74	21	49	70	38	35	73							1	16	8
"MT"	2004	"Toole"	"KE3"	5	29	34	6	28	34	12	22	34							1	16	8
"MT"	2004	"Toole"	"OI6"	9	52	61	10	54	64	22	36	58							1	16	8
"MT"	2004	"Toole"	"SH6"	62	157	219	44	171	215	87	124	211							1	16	8
"MT"	2004	"Toole"	"SU1"	83	121	204	74	130	204	107	89	196							1	16	8
"MT"	2004	"Toole"	"SU3"	28	78	106	16	90	106	45	58	103							1	16	8
"MT"	2004	"Toole"	"SW7"	26	61	87	21	60	81	46	38	84							1	16	8
"MT"	2004	"Toole"	"DG4"				34	130	164	90	70	160							1	27	14
"MT"	2004	"Toole"	"SH6"																1	27	14
"MT"	2004	"Toole"	"DG4"	56	114	170													1	28	14
"MT"	2004	"Toole"	"OI6"																1	28	14
"MT"	2004	"Toole"	"SH1"	110	308	418	90	320	410	180	211	391							1	28	14
"MT"	2004	"Toole"	"SH2"	141	292	433	118	193	311	207	209	416							1	28	14
"MT"	2004	"Toole"	"SH3"	146	321	467	108	349	457	221	241	462							1	28	14
"MT"	2004	"Toole"	"SH6"																1	28	14
"MT"	2004	"Toole"	"SU3"																1	28	14
"MT"	2004	"Toole"	"SW7"																1	28	14
"MT"	2004	"Treasure"	"3"	3	42	45	4	38	42	11	29	40							1	43	22
"MT"	2004	"Treasure"	"4"	113	273	386	76	305	381	168	200	368							1	43	22
"MT"	2004	"Treasure"	"6"	5	33	38	2	35	37	9	30	39							1	43	22
"MT"	2004	"Valley"	"5"	14	164	178	104	203	307	193	109	302							1	31	16
"MT"	2004	"Valley"	"5_11"	126	21	147	128	36	164	127	11	138							1	31	16
"MT"	2004	"Valley"	"7"	111	290	401	72	333	405	195	202	397							1	32	16
"MT"	2004	"Valley"	"1"	233	441	674	161	500	661	370	284	654							1	35	18
"MT"	2004	"Valley"	"2"	169	241	410	116	282	398	236	155	391							1	35	18
"MT"	2004	"Valley"	"3"	233	306	539	166	382	548	350	187	537							1	35	18
"MT"	2004	"Valley"	"4"	114	178	292	84	204	288	179	108	287							1	35	18
"MT"	2004	"Valley"	"4_10"	6	111	117	8	107	115	20	93	113							1	35	18
"MT"	2004	"Valley"	"6"	173	408	581	150	433	583	290	269	559							1	35	18
"MT"	2004	"Valley"	"8"	55	151	206	49	156	205	108	97	205							1	35	18
"MT"	2004	"Valley"	"9"	70	165	235	47	207	254	147	106	253							1	35	18
"MT"	2004	"Wheatland"	"1"	14	61	75	12	61	73	17	59	76							1	83	42
"MT"	2004	"Wheatland"	"2"	133	282	415	98	310	408	182	228	410							1	83	42
"MT"	2004	"Wheatland"	"3"	13	63	76	11	69	80	25	54	79							1	83	42
"MT"	2004	"Wheatland"	"4"	34	109	143	28	101	129	52	82	134							1	83	42
"MT"	2004	"Wheatland"	"9"	56	199	255	52	207	259	92	160	252							1	83	42
"MT"	2004	"Wibaux"	"1"	144	407	551	99	440	539	218	308	526							1	38	19
"MT"	2004	"Yellowstone"	"1"	60	142	202	56	138	194	95	107	202							1	42	21
"MT"	2004	"Yellowstone"	"2"	124	290	414	104	300	404	186	215	401							1	43	22
"MT"	2004	"Yellowstone"	"3"	379	857	1236	305	899	1204	602	612	1214							1	43	22
"MT"	2004	"Yellowstone"	"4"	34	152	186	34	151	185	71	110	181							1	43	22
"MT"	2004	"Yellowstone"	"5"	225	506	731	189	527	716	371	351	722							1	44	22
"MT"	2004	"Yellowstone"	"6"	1085	2057	3142	923	2152	3075	1680	1356	3036							1	44	22
"MT"	2004	"Yellowstone"	"7"	55	182	237	52	180	232	95	134	229							1	44	22
"MT"	2004	"Yellowstone"	"8"	351	927	1278	303	934	1237	580	652	1232							1	45	23
"MT"	2004	"Yellowstone"	"10"	149	355	504	123	374	497	225	264	489							1	46	23
"MT"	2004	"Yellowstone"	"11"	347	865	1212	310	874	1184	531	655	1186							1	46	23
"MT"	2004	"Yellowstone"	"12"	63	231	294	67	229	296	108	184	292							1	46	23
"MT"	2004	"Yellowstone"	"13"	296	695	991	276	693	969	460	518	978							1	46	23
"MT"	2004	"Yellowstone"	"14"	268	700	968	213	732	945	372	589	961							1	46	23
"MT"	2004	"Yellowstone"	"15"	98	255	353	94	253	347	154	195	349							1	46	23
"MT"	2004	"Yellowstone"	"16"	135	307	442	123	304	427	218	206	424							1	46	23
"MT"	2004	"Yellowstone"	"17"	110	204	314	92	208	300	156	153	309							1	46	23
"MT"	2004	"Yellowstone"	"9"	78	253	331	75	250	325	154	173	327							1	46	23
"MT"	2004	"Yellowstone"	"18"	820	1703	2523	710	1777	2487	1233	1241	2474							1	47	24
"MT"	2004	"Yellowstone"	"19"	603	1197	1800	503	1268	1771	893	876	1769							1	47	24
"MT"	2004	"Yellowstone"	"20"	188	381	569	151	407	558	259	299	558							1	47	24
"MT"	2004	"Yellowstone"	"21"	925	1434	2359	798	1515	2313	1335	962	2297							1	48	24
"MT"	2004	"Yellowstone"	"22"	334	635	969	293	658	951	509	427	936							1	48	24
"MT"	2004	"Yellowstone"	"23"	201	407	608	164	438	602	318	282	600							1	48	24
"MT"	2004	"Yellowstone"	"24"	594	594	1188	487	676	1163	733	418	1151							1	49	25
"MT"	2004	"Yellowstone"	"25"	692	646	1338	558	751	1309	830	486	1316							1	49	25
"MT"	2004	"Yellowstone"	"26"	440	620	1060	345	682	1027	566	455	1021							1	49	25
"MT"	2004	"Yellowstone"	"27"	644	901	1545	555	948	1503	825	704	1529							1	50	25
"MT"	2004	"Yellowstone"	"28"	622	813	1435	524	879	1403	800	604	1404							1	50	25
"MT"	2004	"Yellowstone"	"29"	262	347	609	205	398	603	325	277	602							1	50	25
"MT"	2004	"Yellowstone"	"30"	424	544	968	318	628	946	514	429	943							1	50	25
"MT"	2004	"Yellowstone"	"31"	471	622	1093	377	686	1063	634	418	1052							1	51	26
"MT"	2004	"Yellowstone"	"32"	718	763	1481	549	887	1436	895	562	1457							1	51	26
"MT"	2004	"Yellowstone"	"33"	125	131	256	107	129	236	161	81	242							1	51	26
"MT"	2004	"Yellowstone"	"34"	278	208	486	247	225	472	317	149	466							1	51	26
"MT"	2004	"Yellowstone"	"35"	402	618	1020	295	676	971	536	450	986							1	52	26
"MT"	2004	"Yellowstone"	"36"	393	509	902	322	559	881	539	343	882							1	52	26
"MT"	2004	"Yellowstone"	"37"	327	445	772	260	498	758	443	310	753							1	52	26
"MT"	2004	"Yellowstone"	"38"	399	448	847	304	495	799	487	310	797							1	52	26
"MT"	2004	"Yellowstone"	"39"	249	239	488	231	245	476	306	164	470							1	52	26
"MT"	2004	"Yellowstone"	"40"	279	386	665	236	419	655	367	286	653							1	53	27
"MT"	2004	"Yellowstone"	"41"	365	516	881	299	563	862	508	370	878							1	53	27
"MT"	2004	"Yellowstone"	"42"	420	630	1050	330	693	1023	581	447	1028							1	53	27
"MT"	2004	"Yellowstone"	"43"	175	258	433	155	268	423	250	165	415							1	53	27
"MT"	2004	"Yellowstone"	"44"	221	299	520	184	320	504	313	183	496							1	53	27
"MT"	2004	"Yellowstone"	"45"	176	202	378	157	207	364	221	127	348							1	53	27
"MT"	2004	"Yellowstone"	"46"	415	743	1158	342	800	1142	607	537	1144							1	54	27
"MT"	2004	"Yellowstone"	"47"	81	168	249	59	182	241	124	116	240							1	54	27
"MT"	2004	"Yellowstone"	"48"	469	538	1007	408	585	993	639	335	974							1	54	27
"MT"	2004	"Yellowstone"	"49"	375	418	793	330	448	778	475	286	761							1	54	27
"MT"	2004	"Yellowstone"	"50"	221	477	698	164	520	684	302	392	694							1	55	28
"MT"	2004	"Yellowstone"	"51"	456	723	1179	374	785	1159	611	537	1148							1	55	28
"MT"	2004	"Yellowstone"	"52"	261	451	712	221	484	705	368	336	704							1	55	28
"MT"	2004	"Yellowstone"	"53"	532	885	1417	432	956	1388	786	611	1397							1	55	28
"MT"	2004	"Yellowstone"	"54"	386	696	1082	307	748	1055	561	498	1059							1	55	28
"MT"	2004	"Yellowstone"	"55"	491	796	1287	394	889	1283	630	656	1286							1	56	28
"MT"	2004	"Yellowstone"	"56"	501	720	1221	398	800	1198	654	568	1222							1	56	28
"MT"	2004	"Yellowstone"	"57"	592	1179	1771	470	1271	1741	833	918	1751							1	56	28
"MT"	2004	"Yellowstone"	"58"	472	972	1444	385	1019	1404	650	766	1416							1	56	28
"MT"	2004	"Yellowstone"	"59"	473	850	1323	380	921	1301	632	680	1312							1	57	29
"MT"	2004	"Yellowstone"	"60"	365	1267	1632	317	1278	1595	608	992	1600							1	57	29
"MT"	2004	"Yellowstone"	"61"	215	556	771	200	565	765	369	394	763							1	57	29
"MT"	2004	"Yellowstone"	"62"	113	231	344	100	242	342	166	174	340							1	57	29
"MT"	2004	"Yellowstone"	"63"	281	741	1022	241	753	994	485	515	1000							1	57	29
"MT"	2004	"Yellowstone"	"64"	112	262	374	102	251	353	184	177	361							1	57	29
"MT"	2004	"Yellowstone"	"65"	506	1024	1530	470	1030	1500	749	754	1503							1	58	29
"MT"	2004	"Yellowstone"	"66"	324	545	869	278	585	863	478	382	860							1	58	29
"MT"	2004	"Yellowstone"	"67"	291	426	717	257	444	701	425	283	708							1	58	29
"MT"	2004	"Yellowstone"	"68"	274	364	638	254	380	634	364	256	620							1	58	29
"MT"	2004	"Yellowstone"	"69"	310	397	707	266	425	691	450	237	687							1	58	29
