state	year	county	precinct	g2002_USS_dv	g2002_USS_rv	g2002_USS_tv	g2002_USH_dv	g2002_USH_rv	g2002_USH_tv	cd	ld
"MT"	2002	"Beaverhead"	"1"	196	90	286	86	208	294	1	34
"MT"	2002	"Beaverhead"	"2"	131	169	300	48	285	333	1	34
"MT"	2002	"Beaverhead"	"3"	181	152	333	82	279	361	1	34
"MT"	2002	"Beaverhead"	"4"	45	72	117	26	93	119	1	34
"MT"	2002	"Beaverhead"	"5"	27	59	86	5	83	88	1	34
"MT"	2002	"Beaverhead"	"6"	223	128	351	98	266	364	1	34
"MT"	2002	"Beaverhead"	"7"	106	99	205	33	175	208	1	34
"MT"	2002	"Beaverhead"	"8"	8	42	50	4	56	60	1	34
"MT"	2002	"Beaverhead"	"9"	139	143	282	55	236	291	1	34
"MT"	2002	"Beaverhead"	"12"	260	140	400	119	293	412	1	34
"MT"	2002	"Beaverhead"	"14"	130	66	196	71	132	203	1	34
"MT"	2002	"Beaverhead"	"17"	24	22	46	11	38	49	1	34
"MT"	2002	"Beaverhead"	"18"	9	15	24	2	23	25	1	33
"MT"	2002	"Beaverhead"	"19"	10	39	49	9	44	53	1	34
"MT"	2002	"Beaverhead"	"20"	18	40	58	4	61	65	1	34
"MT"	2002	"Beaverhead"	"21"	39	63	102	14	97	111	1	34
"MT"	2002	"Beaverhead"	"23"	41	39	80	23	56	79	1	34
"MT"	2002	"Big Horn"	"1"	120	56	176	51	133	184	1	6
"MT"	2002	"Big Horn"	"2"	51	33	84	36	48	84	1	6
"MT"	2002	"Big Horn"	"3"	60	52	112	11	104	115	1	5
"MT"	2002	"Big Horn"	"4"	145	53	198	59	149	208	1	5
"MT"	2002	"Big Horn"	"5"	166	34	200	134	64	198	1	5
"MT"	2002	"Big Horn"	"6"	22	25	47	5	45	50	1	5
"MT"	2002	"Big Horn"	"7"	615	56	671	536	119	655	1	6
"MT"	2002	"Big Horn"	"8"	83	3	86	50	58	108	1	5
"MT"	2002	"Big Horn"	"9"	142	11	153	116	31	147	1	6
"MT"	2002	"Big Horn"	"10"	16	35	51	9	47	56	1	5
"MT"	2002	"Big Horn"	"14"	103	19	122	94	35	129	1	6
"MT"	2002	"Big Horn"	"15"	201	26	227	172	54	226	1	6
"MT"	2002	"Big Horn"	"17"	187	89	276	73	213	286	1	6
"MT"	2002	"Big Horn"	"18"	188	68	256	80	185	265	1	6
"MT"	2002	"Big Horn"	"19"	263	119	382	108	282	390	1	5
"MT"	2002	"Big Horn"	"21"	320	55	375	272	96	368	1	6
"MT"	2002	"Big Horn"	"25"	63	30	93	49	48	97	1	5
"MT"	2002	"Big Horn"	"26"	225	50	275	187	93	280	1	5
"MT"	2002	"Blaine"	"1"	95	82	177	19	172	191	1	92
"MT"	2002	"Blaine"	"3"	326	25	351	278	58	336	1	92
"MT"	2002	"Blaine"	"8"	354	85	439	204	239	443	1	92
"MT"	2002	"Blaine"	"11"	179	72	251	62	193	255	1	91
"MT"	2002	"Blaine"	"12"	196	102	298	89	220	309	1	91
"MT"	2002	"Blaine"	"13"	54	35	89	19	70	89	1	91
"MT"	2002	"Blaine"	"15"	219	13	232	177	50	227	1	92
"MT"	2002	"Blaine"	"17"	17	55	72	5	81	86	1	92
"MT"	2002	"Blaine"	"20"	92	4	96	71	23	94	1	92
"MT"	2002	"Broadwater"	"1"	182	129	311	50	263	313	1	40
"MT"	2002	"Broadwater"	"7"	150	58	208	55	145	200	1	40
"MT"	2002	"Broadwater"	"11"	275	198	473	109	392	501	1	40
"MT"	2002	"Broadwater"	"12"	292	191	483	115	367	482	1	40
"MT"	2002	"Broadwater"	"13"	149	117	266	58	214	272	1	40
"MT"	2002	"Carbon"	"1"	169	85	254	80	196	276	1	23
"MT"	2002	"Carbon"	"2"	171	76	247	62	198	260	1	23
"MT"	2002	"Carbon"	"3"	154	113	267	80	192	272	1	23
"MT"	2002	"Carbon"	"4"	196	74	270	75	214	289	1	23
"MT"	2002	"Carbon"	"5"	167	78	245	46	215	261	1	23
"MT"	2002	"Carbon"	"6"	165	85	250	48	204	252	1	23
"MT"	2002	"Carbon"	"7"	217	98	315	81	247	328	1	23
"MT"	2002	"Carbon"	"8"	219	74	293	114	192	306	1	23
"MT"	2002	"Carbon"	"9"	223	78	301	133	181	314	1	23
"MT"	2002	"Carbon"	"10"	214	81	295	117	180	297	1	23
"MT"	2002	"Carbon"	"11"	373	193	566	182	402	584	1	23
"MT"	2002	"Carbon"	"12"	77	35	112	26	86	112	1	23
"MT"	2002	"Carbon"	"13"	28	23	51	8	50	58	1	23
"MT"	2002	"Carbon"	"14"	78	53	131	31	113	144	1	23
"MT"	2002	"Carbon"	"15"	202	104	306	77	243	320	1	23
"MT"	2002	"Carbon"	"16"	84	56	140	34	105	139	1	23
"MT"	2002	"Carter"	"1"	17	21	38	2	35	37	1	1
"MT"	2002	"Carter"	"2"	4	17	21	0	24	24	1	1
"MT"	2002	"Carter"	"3"	10	27	37	2	42	44	1	1
"MT"	2002	"Carter"	"4"	6	12	18	2	16	18	1	1
"MT"	2002	"Carter"	"5"	9	18	27	0	27	27	1	1
"MT"	2002	"Carter"	"6"	9	30	39	1	39	40	1	1
"MT"	2002	"Carter"	"8"	5	15	20	2	17	19	1	1
"MT"	2002	"Carter"	"9"	4	15	19	3	17	20	1	1
"MT"	2002	"Carter"	"11"	13	10	23	2	21	23	1	1
"MT"	2002	"Carter"	"13"	104	76	180	34	146	180	1	1
"MT"	2002	"Carter"	"14"	77	101	178	20	169	189	1	1
"MT"	2002	"Cascade"	"50C"	499	221	720	206	559	765	1	50
"MT"	2002	"Cascade"	"87A"	204	132	336	97	257	354	1	87
"MT"	2002	"Cascade"	"87B"	128	64	192	63	144	207	1	87
"MT"	2002	"Cascade"	"93A"	319	123	442	150	311	461	1	93
"MT"	2002	"Cascade"	"40A"	20	13	33	9	25	34	1	40
"MT"	2002	"Cascade"	"40B"	69	34	103	26	76	102	1	40
"MT"	2002	"Cascade"	"40C"	61	26	87	18	81	99	1	40
"MT"	2002	"Cascade"	"41A"	422	166	588	198	409	607	1	41
"MT"	2002	"Cascade"	"41B"	53	77	130	23	118	141	1	41
"MT"	2002	"Cascade"	"41C"	258	81	339	117	244	361	1	41
"MT"	2002	"Cascade"	"42A"	663	221	884	297	612	909	1	42
"MT"	2002	"Cascade"	"42B"	615	215	830	299	582	881	1	42
"MT"	2002	"Cascade"	"42C"	653	221	874	283	634	917	1	42
"MT"	2002	"Cascade"	"43A"	1324	385	1709	628	1159	1787	1	43
"MT"	2002	"Cascade"	"43B"	831	369	1200	374	912	1286	1	43
"MT"	2002	"Cascade"	"44A"	463	152	615	285	355	640	1	44
"MT"	2002	"Cascade"	"44B"	594	150	744	307	470	777	1	44
"MT"	2002	"Cascade"	"44C"	449	184	633	182	487	669	1	44
"MT"	2002	"Cascade"	"45A"	774	282	1056	419	676	1095	1	45
"MT"	2002	"Cascade"	"45B"	957	284	1241	445	854	1299	1	45
"MT"	2002	"Cascade"	"46A"	380	90	470	214	261	475	1	46
"MT"	2002	"Cascade"	"46B"	644	211	855	379	527	906	1	46
"MT"	2002	"Cascade"	"46C"	229	51	280	131	154	285	1	46
"MT"	2002	"Cascade"	"47A"	913	309	1222	399	883	1282	1	47
"MT"	2002	"Cascade"	"47B"	1047	295	1342	433	950	1383	1	47
"MT"	2002	"Cascade"	"47C"	191	100	291	82	222	304	1	47
"MT"	2002	"Cascade"	"47D"	188	74	262	76	187	263	1	47
"MT"	2002	"Cascade"	"48A"	645	177	822	385	462	847	1	48
"MT"	2002	"Cascade"	"48B"	1029	271	1300	545	811	1356	1	48
"MT"	2002	"Cascade"	"48C"	211	90	301	89	223	312	1	48
"MT"	2002	"Cascade"	"49A"	553	302	855	191	716	907	1	49
"MT"	2002	"Cascade"	"49B"	701	371	1072	235	900	1135	1	49
"MT"	2002	"Cascade"	"49C"	162	69	231	68	177	245	1	49
"MT"	2002	"Cascade"	"49D"	238	90	328	114	234	348	1	49
"MT"	2002	"Cascade"	"49E"	206	102	308	87	244	331	1	49
"MT"	2002	"Cascade"	"49F"	539	224	763	218	604	822	1	49
"MT"	2002	"Cascade"	"50A"	150	88	238	79	186	265	1	50
"MT"	2002	"Cascade"	"50B"	109	64	173	57	132	189	1	50
"MT"	2002	"Chouteau"	"1"	223	85	308	73	248	321	1	89
"MT"	2002	"Chouteau"	"2"	196	77	273	61	220	281	1	89
"MT"	2002	"Chouteau"	"3"	199	74	273	74	214	288	1	89
"MT"	2002	"Chouteau"	"4"	98	29	127	32	100	132	1	89
"MT"	2002	"Chouteau"	"5"	24	13	37	1	48	49	1	89
"MT"	2002	"Chouteau"	"6"	125	90	215	30	199	229	1	89
"MT"	2002	"Chouteau"	"7"	96	31	127	24	111	135	1	89
"MT"	2002	"Chouteau"	"8"	35	17	52	3	47	50	1	89
"MT"	2002	"Chouteau"	"9"	17	14	31	4	31	35	1	89
"MT"	2002	"Chouteau"	"10"	110	48	158	18	145	163	1	89
"MT"	2002	"Chouteau"	"11"	23	20	43	1	43	44	1	89
"MT"	2002	"Chouteau"	"12"	105	44	149	37	115	152	1	89
"MT"	2002	"Chouteau"	"13"	121	75	196	38	171	209	1	89
"MT"	2002	"Chouteau"	"14"	10	4	14	9	11	20	1	89
"MT"	2002	"Chouteau"	"15"	69	35	104	12	100	112	1	89
"MT"	2002	"Chouteau"	"16"	37	14	51	14	43	57	1	89
"MT"	2002	"Chouteau"	"17"	109	89	198	40	172	212	1	89
"MT"	2002	"Chouteau"	"18"	100	7	107	86	16	102	1	92
"MT"	2002	"Custer"	"1"	426	143	569	190	388	578	1	4
"MT"	2002	"Custer"	"2"	532	180	712	188	580	768	1	4
"MT"	2002	"Custer"	"3"	428	175	603	185	462	647	1	4
"MT"	2002	"Custer"	"4"	472	149	621	179	462	641	1	4
"MT"	2002	"Custer"	"5"	79	28	107	29	83	112	1	3
"MT"	2002	"Custer"	"12"	1	13	14	0	15	15	1	3
"MT"	2002	"Custer"	"14"	99	65	164	36	139	175	1	3
"MT"	2002	"Custer"	"17"	9	18	27	1	24	25	1	3
"MT"	2002	"Custer"	"18"	4	21	25	0	28	28	1	3
"MT"	2002	"Custer"	"19"	13	24	37	3	35	38	1	3
"MT"	2002	"Custer"	"23"	21	15	36	9	27	36	1	3
"MT"	2002	"Custer"	"25"	15	10	25	4	22	26	1	3
"MT"	2002	"Custer"	"27"	17	17	34	3	33	36	1	3
"MT"	2002	"Custer"	"30"	15	12	27	9	24	33	1	3
"MT"	2002	"Custer"	"31"	548	244	792	190	641	831	1	3
"MT"	2002	"Daniels"	"1"	15	22	37	4	36	40	1	96
"MT"	2002	"Daniels"	"2"	53	20	73	28	40	68	1	96
"MT"	2002	"Daniels"	"3"	96	98	194	29	174	203	1	96
"MT"	2002	"Daniels"	"4"	61	59	120	29	98	127	1	96
"MT"	2002	"Daniels"	"5"	180	91	271	66	215	281	1	96
"MT"	2002	"Daniels"	"6"	160	78	238	68	178	246	1	96
"MT"	2002	"Daniels"	"7"	42	12	54	20	27	47	1	96
"MT"	2002	"Dawson"	"1"	170	106	276	90	198	288	1	2
"MT"	2002	"Dawson"	"2"	342	111	453	188	267	455	1	2
"MT"	2002	"Dawson"	"3"	448	205	653	211	451	662	1	2
"MT"	2002	"Dawson"	"4"	269	97	366	137	229	366	1	2
"MT"	2002	"Dawson"	"5"	122	94	216	50	167	217	1	99
"MT"	2002	"Dawson"	"6"	60	33	93	20	79	99	1	99
"MT"	2002	"Dawson"	"7"	19	34	53	6	55	61	1	99
"MT"	2002	"Dawson"	"8"	107	81	188	62	128	190	1	99
"MT"	2002	"Dawson"	"9"	679	369	1048	312	747	1059	1	2
"MT"	2002	"Dawson"	"10"	71	69	140	40	106	146	1	2
"MT"	2002	"Deer Lodge"	"1"	588	84	672	408	267	675	1	57
"MT"	2002	"Deer Lodge"	"2"	346	57	403	206	201	407	1	57
"MT"	2002	"Deer Lodge"	"3"	520	54	574	372	215	587	1	57
"MT"	2002	"Deer Lodge"	"4"	370	47	417	243	166	409	1	57
"MT"	2002	"Deer Lodge"	"5"	277	40	317	194	166	360	1	57
"MT"	2002	"Deer Lodge"	"6"	419	41	460	300	155	455	1	57
"MT"	2002	"Deer Lodge"	"7"	172	14	186	129	66	195	1	57
"MT"	2002	"Deer Lodge"	"8"	223	37	260	157	113	270	1	56
"MT"	2002	"Deer Lodge"	"9"	157	35	192	90	122	212	1	56
"MT"	2002	"Deer Lodge"	"10"	13	14	27	4	24	28	1	57
"MT"	2002	"Deer Lodge"	"1A"	84	16	100	62	40	102	1	56
"MT"	2002	"Fallon"	"1"	184	136	320	55	252	307	1	1
"MT"	2002	"Fallon"	"2"	194	154	348	64	288	352	1	1
"MT"	2002	"Fallon"	"3"	140	118	258	43	204	247	1	1
"MT"	2002	"Fallon"	"4"	93	104	197	27	170	197	1	1
"MT"	2002	"Fallon"	"7"	33	33	66	10	57	67	1	1
"MT"	2002	"Fallon"	"8"	17	16	33	5	22	27	1	1
"MT"	2002	"Fergus"	"1"	87	115	202	51	156	207	1	93
"MT"	2002	"Fergus"	"2"	109	120	229	59	180	239	1	94
"MT"	2002	"Fergus"	"3"	136	202	338	54	310	364	1	93
"MT"	2002	"Fergus"	"4"	161	123	284	45	260	305	1	93
"MT"	2002	"Fergus"	"5"	123	144	267	45	242	287	1	93
"MT"	2002	"Fergus"	"6"	294	182	476	143	355	498	1	94
"MT"	2002	"Fergus"	"7"	232	182	414	120	321	441	1	94
"MT"	2002	"Fergus"	"9"	180	127	307	75	231	306	1	94
"MT"	2002	"Fergus"	"10"	152	94	246	92	170	262	1	94
"MT"	2002	"Fergus"	"11"	240	161	401	107	301	408	1	94
"MT"	2002	"Fergus"	"13"	188	126	314	65	260	325	1	94
"MT"	2002	"Fergus"	"14"	195	195	390	86	330	416	1	93
"MT"	2002	"Fergus"	"15"	57	71	128	20	126	146	1	93
"MT"	2002	"Fergus"	"16"	81	110	191	20	179	199	1	93
"MT"	2002	"Fergus"	"17"	217	300	517	109	433	542	1	94
"MT"	2002	"Flathead"	"1"	326	199	525	155	401	556	1	77
"MT"	2002	"Flathead"	"2"	123	80	203	64	136	200	1	78
"MT"	2002	"Flathead"	"3"	257	129	386	152	237	389	1	78
"MT"	2002	"Flathead"	"4"	309	191	500	174	360	534	1	78
"MT"	2002	"Flathead"	"6"	216	203	419	79	351	430	1	79
"MT"	2002	"Flathead"	"7"	573	541	1114	263	913	1176	1	77
"MT"	2002	"Flathead"	"8"	394	393	787	189	632	821	1	84
"MT"	2002	"Flathead"	"11"	235	282	517	96	454	550	1	84
"MT"	2002	"Flathead"	"12"	130	105	235	70	177	247	1	78
"MT"	2002	"Flathead"	"13"	382	400	782	193	617	810	1	76
"MT"	2002	"Flathead"	"14"	259	276	535	159	400	559	1	83
"MT"	2002	"Flathead"	"15"	167	171	338	79	282	361	1	84
"MT"	2002	"Flathead"	"16"	257	197	454	120	344	464	1	83
"MT"	2002	"Flathead"	"17"	121	49	170	88	86	174	1	83
"MT"	2002	"Flathead"	"19"	253	222	475	139	366	505	1	79
"MT"	2002	"Flathead"	"20"	426	176	602	286	321	607	1	80
"MT"	2002	"Flathead"	"21"	279	234	513	156	378	534	1	83
"MT"	2002	"Flathead"	"24"	355	483	838	195	703	898	1	79
"MT"	2002	"Flathead"	"25"	345	268	613	172	481	653	1	84
"MT"	2002	"Flathead"	"26"	111	162	273	52	242	294	1	79
"MT"	2002	"Flathead"	"29"	295	314	609	169	496	665	1	76
"MT"	2002	"Flathead"	"30"	550	440	990	271	761	1032	1	77
"MT"	2002	"Flathead"	"31"	168	134	302	95	214	309	1	78
"MT"	2002	"Flathead"	"32"	353	218	571	211	391	602	1	78
"MT"	2002	"Flathead"	"33"	357	322	679	164	558	722	1	76
"MT"	2002	"Flathead"	"34"	344	435	779	203	629	832	1	76
"MT"	2002	"Flathead"	"35"	260	228	488	142	357	499	1	83
"MT"	2002	"Flathead"	"36"	345	488	833	182	712	894	1	79
"MT"	2002	"Flathead"	"38"	580	535	1115	305	866	1171	1	75
"MT"	2002	"Flathead"	"39"	80	81	161	49	120	169	1	80
"MT"	2002	"Flathead"	"40"	225	161	386	9	297	306	1	78
"MT"	2002	"Flathead"	"41"	366	230	596	174	440	614	1	77
"MT"	2002	"Flathead"	"42"	276	291	567	164	462	626	1	75
"MT"	2002	"Flathead"	"43"	449	453	902	256	714	970	1	76
"MT"	2002	"Flathead"	"44"	440	339	779	262	535	797	1	79
"MT"	2002	"Flathead"	"45"	336	222	558	199	385	584	1	80
"MT"	2002	"Flathead"	"47"	350	153	503	248	280	528	1	80
"MT"	2002	"Flathead"	"48"	494	281	775	333	464	797	1	80
"MT"	2002	"Flathead"	"49"	293	196	489	180	318	498	1	80
"MT"	2002	"Flathead"	"50"	348	308	656	154	547	701	1	84
"MT"	2002	"Flathead"	"21*"	329	251	580	194	393	587	1	83
"MT"	2002	"Flathead"	"26*"	13	12	25	4	21	25	1	79
"MT"	2002	"Flathead"	"30*"	218	195	413	97	322	419	1	77
"MT"	2002	"Flathead"	"38*"	24	21	45	26	35	61	1	75
"MT"	2002	"Gallatin"	"1"	384	74	458	318	173	491	1	29
"MT"	2002	"Gallatin"	"2"	367	79	446	304	159	463	1	29
"MT"	2002	"Gallatin"	"3"	317	58	375	247	148	395	1	29
"MT"	2002	"Gallatin"	"4"	363	75	438	280	188	468	1	29
"MT"	2002	"Gallatin"	"5"	353	117	470	236	257	493	1	29
"MT"	2002	"Gallatin"	"6"	208	65	273	162	123	285	1	29
"MT"	2002	"Gallatin"	"7"	279	41	320	225	111	336	1	30
"MT"	2002	"Gallatin"	"8"	202	47	249	155	104	259	1	30
"MT"	2002	"Gallatin"	"9"	259	84	343	178	178	356	1	30
"MT"	2002	"Gallatin"	"10"	306	63	369	233	167	400	1	30
"MT"	2002	"Gallatin"	"11"	247	102	349	145	216	361	1	30
"MT"	2002	"Gallatin"	"12"	64	35	99	46	66	112	1	30
"MT"	2002	"Gallatin"	"13"	129	79	208	85	135	220	1	28
"MT"	2002	"Gallatin"	"14"	637	266	903	371	564	935	1	28
"MT"	2002	"Gallatin"	"15"	601	249	850	334	551	885	1	28
"MT"	2002	"Gallatin"	"16"	174	88	262	120	165	285	1	28
"MT"	2002	"Gallatin"	"17"	338	158	496	175	359	534	1	28
"MT"	2002	"Gallatin"	"18"	356	213	569	181	387	568	1	28
"MT"	2002	"Gallatin"	"19"	749	288	1037	390	679	1069	1	28
"MT"	2002	"Gallatin"	"20"	212	100	312	127	214	341	1	27
"MT"	2002	"Gallatin"	"21"	163	73	236	97	158	255	1	27
"MT"	2002	"Gallatin"	"22"	556	223	779	344	487	831	1	27
"MT"	2002	"Gallatin"	"23"	126	99	225	49	190	239	1	27
"MT"	2002	"Gallatin"	"24"	626	380	1006	342	726	1068	1	27
"MT"	2002	"Gallatin"	"25"	356	240	596	164	467	631	1	27
"MT"	2002	"Gallatin"	"26"	532	278	810	253	589	842	1	27
"MT"	2002	"Gallatin"	"27"	176	135	311	104	235	339	1	27
"MT"	2002	"Gallatin"	"28"	16	41	57	9	53	62	1	27
"MT"	2002	"Gallatin"	"29"	52	32	84	26	59	85	1	27
"MT"	2002	"Gallatin"	"30"	198	169	367	90	305	395	1	32
"MT"	2002	"Gallatin"	"31"	416	353	769	171	634	805	1	32
"MT"	2002	"Gallatin"	"32"	203	121	324	91	239	330	1	32
"MT"	2002	"Gallatin"	"33"	224	480	704	66	703	769	1	32
"MT"	2002	"Gallatin"	"34"	263	212	475	124	390	514	1	32
"MT"	2002	"Gallatin"	"35"	128	82	210	56	165	221	1	32
"MT"	2002	"Gallatin"	"36"	372	344	716	182	588	770	1	32
"MT"	2002	"Gallatin"	"37"	149	231	380	58	355	413	1	32
"MT"	2002	"Gallatin"	"38"	252	154	406	155	263	418	1	31
"MT"	2002	"Gallatin"	"39"	259	111	370	171	211	382	1	31
"MT"	2002	"Gallatin"	"40"	228	117	345	112	311	423	1	31
"MT"	2002	"Gallatin"	"41"	223	126	349	104	282	386	1	31
"MT"	2002	"Gallatin"	"42"	239	278	517	111	439	550	1	31
"MT"	2002	"Gallatin"	"43"	403	323	726	182	580	762	1	31
"MT"	2002	"Gallatin"	"44"	135	158	293	60	255	315	1	31
"MT"	2002	"Gallatin"	"45"	356	296	652	179	489	668	1	31
"MT"	2002	"Gallatin"	"46"	266	120	386	178	229	407	1	31
"MT"	2002	"Gallatin"	"47"	409	216	625	196	444	640	1	33
"MT"	2002	"Gallatin"	"48"	82	40	122	32	104	136	1	33
"MT"	2002	"Gallatin"	"49"	605	324	929	321	651	972	1	27
"MT"	2002	"Garfield"	"1"	192	113	305	40	277	317	1	99
"MT"	2002	"Garfield"	"4"	6	2	8	0	8	8	1	99
"MT"	2002	"Garfield"	"5"	13	9	22	1	22	23	1	99
"MT"	2002	"Garfield"	"7"	25	28	53	1	55	56	1	99
"MT"	2002	"Garfield"	"8"	12	15	27	4	27	31	1	99
"MT"	2002	"Garfield"	"13"	6	5	11	2	13	15	1	99
"MT"	2002	"Garfield"	"14"	30	26	56	5	55	60	1	99
"MT"	2002	"Garfield"	"19"	39	23	62	7	60	67	1	99
"MT"	2002	"Glacier"	"1"	241	128	369	68	332	400	1	86
"MT"	2002	"Glacier"	"2"	212	115	327	81	264	345	1	86
"MT"	2002	"Glacier"	"3"	164	73	237	84	155	239	1	86
"MT"	2002	"Glacier"	"4"	109	50	159	46	122	168	1	85
"MT"	2002	"Glacier"	"5"	232	124	356	67	300	367	1	85
"MT"	2002	"Glacier"	"6"	72	28	100	41	63	104	1	86
"MT"	2002	"Glacier"	"7"	6	0	6	4	2	6	1	86
"MT"	2002	"Glacier"	"8"	131	1	132	109	22	131	1	86
"MT"	2002	"Glacier"	"9"	551	25	576	480	103	583	1	85
"MT"	2002	"Glacier"	"10"	169	35	204	133	76	209	1	86
"MT"	2002	"Glacier"	"11"	42	11	53	35	17	52	1	85
"MT"	2002	"Glacier"	"12"	170	7	177	144	28	172	1	85
"MT"	2002	"Glacier"	"13"	104	10	114	91	23	114	1	85
"MT"	2002	"Glacier"	"14"	19	9	28	4	24	28	1	85
"MT"	2002	"Glacier"	"15"	134	23	157	114	42	156	1	85
"MT"	2002	"Glacier"	"19"	75	10	85	64	22	86	1	85
"MT"	2002	"Glacier"	"21C"	188	7	195	169	26	195	1	85
"MT"	2002	"Golden Valley"	"1"	126	100	226	38	207	245	1	8
"MT"	2002	"Golden Valley"	"2"	97	85	182	31	163	194	1	8
"MT"	2002	"Granite"	"1"	161	127	288	76	221	297	1	58
"MT"	2002	"Granite"	"2"	198	157	355	98	281	379	1	58
"MT"	2002	"Granite"	"9"	84	108	192	25	184	209	1	58
"MT"	2002	"Granite"	"10"	161	193	354	74	290	364	1	58
"MT"	2002	"Hill"	"1"	142	57	199	74	140	214	1	91
"MT"	2002	"Hill"	"2"	120	30	150	68	88	156	1	91
"MT"	2002	"Hill"	"3"	211	69	280	96	203	299	1	90
"MT"	2002	"Hill"	"4"	196	53	249	89	166	255	1	90
"MT"	2002	"Hill"	"5"	66	22	88	29	62	91	1	91
"MT"	2002	"Hill"	"6"	174	52	226	92	136	228	1	90
"MT"	2002	"Hill"	"7"	174	85	259	86	179	265	1	90
"MT"	2002	"Hill"	"8"	277	92	369	129	259	388	1	90
"MT"	2002	"Hill"	"9"	205	47	252	107	158	265	1	90
"MT"	2002	"Hill"	"10"	94	25	119	61	62	123	1	91
"MT"	2002	"Hill"	"11"	119	32	151	56	96	152	1	91
"MT"	2002	"Hill"	"12"	201	42	243	100	150	250	1	91
"MT"	2002	"Hill"	"13"	160	34	194	77	125	202	1	90
"MT"	2002	"Hill"	"14"	149	99	248	77	185	262	1	92
"MT"	2002	"Hill"	"15"	223	97	320	100	237	337	1	90
"MT"	2002	"Hill"	"16"	245	86	331	126	210	336	1	91
"MT"	2002	"Hill"	"18"	54	8	62	35	29	64	1	92
"MT"	2002	"Hill"	"19"	93	31	124	26	105	131	1	90
"MT"	2002	"Hill"	"20"	102	41	143	29	118	147	1	90
"MT"	2002	"Hill"	"21"	85	38	123	28	101	129	1	90
"MT"	2002	"Hill"	"22"	123	49	172	41	143	184	1	90
"MT"	2002	"Hill"	"23"	58	35	93	16	94	110	1	89
"MT"	2002	"Hill"	"25"	128	76	204	33	174	207	1	91
"MT"	2002	"Hill"	"28"	420	15	435	381	54	435	1	92
"MT"	2002	"Jefferson"	"1"	383	226	609	214	437	651	1	39
"MT"	2002	"Jefferson"	"2"	128	54	182	73	113	186	1	39
"MT"	2002	"Jefferson"	"3"	244	102	346	135	222	357	1	39
"MT"	2002	"Jefferson"	"4"	235	128	363	97	299	396	1	39
"MT"	2002	"Jefferson"	"5"	367	313	680	175	560	735	1	39
"MT"	2002	"Jefferson"	"7"	249	95	344	141	213	354	1	39
"MT"	2002	"Jefferson"	"8"	45	51	96	11	88	99	1	39
"MT"	2002	"Jefferson"	"12"	74	37	111	45	58	103	1	39
"MT"	2002	"Jefferson"	"15"	36	2	38	12	28	40	1	39
"MT"	2002	"Jefferson"	"20"	214	102	316	131	193	324	1	39
"MT"	2002	"Jefferson"	"27"	618	330	948	303	740	1043	1	39
"MT"	2002	"Judith Basin"	"1"	66	29	95	16	82	98	1	93
"MT"	2002	"Judith Basin"	"2"	101	39	140	37	117	154	1	93
"MT"	2002	"Judith Basin"	"3"	317	126	443	93	373	466	1	93
"MT"	2002	"Judith Basin"	"4"	232	167	399	59	354	413	1	93
"MT"	2002	"Lake"	"1"	134	214	348	80	274	354	1	74
"MT"	2002	"Lake"	"2"	144	128	272	89	201	290	1	74
"MT"	2002	"Lake"	"3"	347	377	724	200	556	756	1	74
"MT"	2002	"Lake"	"4"	182	162	344	101	269	370	1	75
"MT"	2002	"Lake"	"5"	233	169	402	132	286	418	1	75
"MT"	2002	"Lake"	"6"	211	147	358	133	243	376	1	75
"MT"	2002	"Lake"	"7"	48	82	130	23	118	141	1	75
"MT"	2002	"Lake"	"8"	225	163	388	135	269	404	1	75
"MT"	2002	"Lake"	"9"	206	143	349	110	250	360	1	74
"MT"	2002	"Lake"	"10"	262	186	448	129	348	477	1	74
"MT"	2002	"Lake"	"11"	364	226	590	206	407	613	1	74
"MT"	2002	"Lake"	"12"	244	246	490	124	383	507	1	74
"MT"	2002	"Lake"	"13"	317	160	477	168	319	487	1	74
"MT"	2002	"Lake"	"14"	173	119	292	108	200	308	1	75
"MT"	2002	"Lake"	"15"	127	79	206	68	137	205	1	75
"MT"	2002	"Lake"	"16"	341	126	467	184	298	482	1	73
"MT"	2002	"Lake"	"17"	361	217	578	221	383	604	1	73
"MT"	2002	"Lake"	"18"	257	199	456	129	346	475	1	73
"MT"	2002	"Lake"	"19"	203	144	347	118	248	366	1	73
"MT"	2002	"Lake"	"20"	151	86	237	94	153	247	1	73
"MT"	2002	"Lake"	"21"	250	90	340	174	172	346	1	73
"MT"	2002	"Lake"	"22"	365	105	470	278	204	482	1	73
"MT"	2002	"Lewis & Clark"	"1"	594	76	670	460	259	719	1	53
"MT"	2002	"Lewis & Clark"	"2"	297	99	396	214	190	404	1	53
"MT"	2002	"Lewis & Clark"	"3"	536	86	622	378	268	646	1	53
"MT"	2002	"Lewis & Clark"	"4"	454	121	575	283	329	612	1	53
"MT"	2002	"Lewis & Clark"	"5"	401	78	479	306	196	502	1	53
"MT"	2002	"Lewis & Clark"	"6"	142	46	188	90	115	205	1	53
"MT"	2002	"Lewis & Clark"	"7"	374	91	465	219	255	474	1	54
"MT"	2002	"Lewis & Clark"	"8"	396	139	535	226	341	567	1	54
"MT"	2002	"Lewis & Clark"	"9"	275	94	369	171	212	383	1	54
"MT"	2002	"Lewis & Clark"	"10"	255	90	345	134	222	356	1	54
"MT"	2002	"Lewis & Clark"	"11"	429	115	544	233	327	560	1	54
"MT"	2002	"Lewis & Clark"	"12"	566	166	732	270	503	773	1	54
"MT"	2002	"Lewis & Clark"	"13"	491	155	646	266	398	664	1	54
"MT"	2002	"Lewis & Clark"	"14"	324	138	462	176	302	478	1	52
"MT"	2002	"Lewis & Clark"	"15"	495	148	643	282	403	685	1	52
"MT"	2002	"Lewis & Clark"	"16"	409	128	537	216	346	562	1	52
"MT"	2002	"Lewis & Clark"	"17"	549	143	692	383	358	741	1	52
"MT"	2002	"Lewis & Clark"	"18"	523	140	663	275	408	683	1	52
"MT"	2002	"Lewis & Clark"	"19"	630	208	838	283	616	899	1	52
"MT"	2002	"Lewis & Clark"	"20"	260	89	349	137	220	357	1	51
"MT"	2002	"Lewis & Clark"	"21"	358	171	529	209	333	542	1	55
"MT"	2002	"Lewis & Clark"	"22"	301	128	429	165	283	448	1	55
"MT"	2002	"Lewis & Clark"	"23"	453	164	617	208	444	652	1	55
"MT"	2002	"Lewis & Clark"	"24"	382	180	562	161	436	597	1	55
"MT"	2002	"Lewis & Clark"	"25"	369	158	527	183	386	569	1	55
"MT"	2002	"Lewis & Clark"	"26"	299	153	452	165	322	487	1	55
"MT"	2002	"Lewis & Clark"	"27"	266	179	445	150	325	475	1	55
"MT"	2002	"Lewis & Clark"	"28"	85	54	139	44	111	155	1	55
"MT"	2002	"Lewis & Clark"	"29"	259	183	442	126	343	469	1	50
"MT"	2002	"Lewis & Clark"	"30"	145	111	256	50	260	310	1	50
"MT"	2002	"Lewis & Clark"	"31"	20	18	38	5	33	38	1	50
"MT"	2002	"Lewis & Clark"	"32"	46	38	84	24	68	92	1	50
"MT"	2002	"Lewis & Clark"	"33"	55	51	106	29	80	109	1	50
"MT"	2002	"Lewis & Clark"	"34"	471	265	736	210	575	785	1	50
"MT"	2002	"Lewis & Clark"	"35"	230	142	372	104	297	401	1	50
"MT"	2002	"Lewis & Clark"	"36"	207	99	306	87	234	321	1	50
"MT"	2002	"Lewis & Clark"	"37"	420	239	659	190	499	689	1	40
"MT"	2002	"Lewis & Clark"	"38"	86	32	118	48	74	122	1	40
"MT"	2002	"Lewis & Clark"	"39"	322	136	458	139	338	477	1	40
"MT"	2002	"Lewis & Clark"	"40"	197	84	281	99	198	297	1	40
"MT"	2002	"Lewis & Clark"	"41"	388	153	541	172	394	566	1	51
"MT"	2002	"Lewis & Clark"	"42"	351	120	471	191	296	487	1	51
"MT"	2002	"Lewis & Clark"	"43"	511	153	664	287	396	683	1	51
"MT"	2002	"Lewis & Clark"	"44"	126	50	176	68	112	180	1	51
"MT"	2002	"Lewis & Clark"	"45"	318	131	449	135	344	479	1	51
"MT"	2002	"Lewis & Clark"	"46"	478	222	700	189	534	723	1	51
"MT"	2002	"Liberty"	"1"	175	80	255	26	248	274	1	89
"MT"	2002	"Liberty"	"2"	177	61	238	54	187	241	1	89
"MT"	2002	"Liberty"	"3"	169	86	255	51	518	569	1	89
"MT"	2002	"Liberty"	"4"	128	52	180	37	167	204	1	89
"MT"	2002	"Liberty"	"WH1"	12	16	28	4	25	29	1	89
"MT"	2002	"Lincoln"	"1"	103	153	256	55	216	271	1	81
"MT"	2002	"Lincoln"	"2"	69	125	194	41	151	192	1	81
"MT"	2002	"Lincoln"	"3"	414	639	1053	221	879	1100	1	81
"MT"	2002	"Lincoln"	"4"	165	169	334	76	269	345	1	81
"MT"	2002	"Lincoln"	"5"	37	47	84	34	59	93	1	81
"MT"	2002	"Lincoln"	"6"	61	48	109	48	64	112	1	81
"MT"	2002	"Lincoln"	"7"	161	114	275	96	189	285	1	81
"MT"	2002	"Lincoln"	"8"	228	235	463	154	323	477	1	72
"MT"	2002	"Lincoln"	"9"	39	56	95	24	68	92	1	81
"MT"	2002	"Lincoln"	"10"	386	313	699	157	547	704	1	81
"MT"	2002	"Lincoln"	"11"	127	104	231	42	183	225	1	81
"MT"	2002	"Lincoln"	"12"	376	271	647	149	491	640	1	82
"MT"	2002	"Lincoln"	"13"	349	187	536	159	380	539	1	82
"MT"	2002	"Lincoln"	"14"	38	39	77	19	61	80	1	81
"MT"	2002	"Lincoln"	"15"	344	218	562	158	408	566	1	82
"MT"	2002	"Lincoln"	"16"	531	308	839	253	581	834	1	82
"MT"	2002	"Madison"	"5"	333	273	606	130	518	648	1	33
"MT"	2002	"Madison"	"7"	292	209	501	108	416	524	1	33
"MT"	2002	"Madison"	"20"	428	400	828	184	670	854	1	33
"MT"	2002	"Madison"	"21"	261	121	382	98	291	389	1	33
"MT"	2002	"Madison"	"1_1"	70	30	100	46	62	108	1	33
"MT"	2002	"Madison"	"1_2"	75	52	127	30	105	135	1	33
"MT"	2002	"Madison"	"15_1"	56	79	135	19	118	137	1	33
"MT"	2002	"Madison"	"15_2"	109	127	236	51	211	262	1	33
"MT"	2002	"McCone"	"5"	89	22	111	22	89	111	1	99
"MT"	2002	"McCone"	"7"	209	112	321	77	260	337	1	99
"MT"	2002	"McCone"	"8"	146	114	260	36	225	261	1	99
"MT"	2002	"McCone"	"16"	9	19	28	1	29	30	1	99
"MT"	2002	"McCone"	"24"	7	12	19	4	18	22	1	99
"MT"	2002	"McCone"	"27"	89	65	154	44	109	153	1	99
"MT"	2002	"McCone"	"30"	82	29	111	46	67	113	1	99
"MT"	2002	"McCone"	"33"	16	15	31	7	23	30	1	99
"MT"	2002	"Meagher"	"4"	199	120	319	52	271	323	1	40
"MT"	2002	"Meagher"	"6"	164	108	272	78	209	287	1	40
"MT"	2002	"Meagher"	"8"	15	19	34	8	28	36	1	40
"MT"	2002	"Meagher"	"9"	6	25	31	0	37	37	1	40
"MT"	2002	"Meagher"	"10"	32	38	70	5	67	72	1	40
"MT"	2002	"Mineral"	"22"	116	78	194	62	133	195	1	71
"MT"	2002	"Mineral"	"24"	98	45	143	43	97	140	1	71
"MT"	2002	"Mineral"	"25"	161	124	285	75	218	293	1	71
"MT"	2002	"Mineral"	"26"	134	102	236	69	167	236	1	71
"MT"	2002	"Mineral"	"27"	48	55	103	37	69	106	1	71
"MT"	2002	"Mineral"	"30"	167	165	332	83	248	331	1	71
"MT"	2002	"Missoula"	"1"	253	25	278	259	48	307	1	66
"MT"	2002	"Missoula"	"2"	250	41	291	247	71	318	1	66
"MT"	2002	"Missoula"	"3"	207	22	229	178	69	247	1	66
"MT"	2002	"Missoula"	"4"	227	36	263	178	100	278	1	66
"MT"	2002	"Missoula"	"5"	161	49	210	103	114	217	1	66
"MT"	2002	"Missoula"	"6"	571	361	932	336	643	979	1	62
"MT"	2002	"Missoula"	"7"	264	56	320	253	100	353	1	66
"MT"	2002	"Missoula"	"8"	309	41	350	299	95	394	1	65
"MT"	2002	"Missoula"	"9"	413	73	486	372	171	543	1	65
"MT"	2002	"Missoula"	"10"	188	19	207	198	29	227	1	67
"MT"	2002	"Missoula"	"11"	403	71	474	326	186	512	1	67
"MT"	2002	"Missoula"	"12"	305	72	377	217	173	390	1	68
"MT"	2002	"Missoula"	"13"	52	17	69	37	33	70	1	68
"MT"	2002	"Missoula"	"14"	326	53	379	270	143	413	1	65
"MT"	2002	"Missoula"	"15"	177	30	207	154	68	222	1	66
"MT"	2002	"Missoula"	"16"	167	95	262	109	172	281	1	68
"MT"	2002	"Missoula"	"17"	151	66	217	83	132	215	1	68
"MT"	2002	"Missoula"	"18"	275	119	394	182	235	417	1	64
"MT"	2002	"Missoula"	"19"	410	109	519	298	254	552	1	69
"MT"	2002	"Missoula"	"20"	453	142	595	310	309	619	1	69
"MT"	2002	"Missoula"	"21"	358	145	503	197	290	487	1	69
"MT"	2002	"Missoula"	"22"	248	106	354	149	221	370	1	58
"MT"	2002	"Missoula"	"23"	363	218	581	207	404	611	1	58
"MT"	2002	"Missoula"	"24"	103	36	139	86	63	149	1	67
"MT"	2002	"Missoula"	"25"	159	146	305	100	229	329	1	58
"MT"	2002	"Missoula"	"26"	23	29	52	24	33	57	1	58
"MT"	2002	"Missoula"	"27"	352	341	693	214	500	714	1	58
"MT"	2002	"Missoula"	"28"	114	103	217	77	146	223	1	58
"MT"	2002	"Missoula"	"29"	415	209	624	244	419	663	1	70
"MT"	2002	"Missoula"	"30"	237	77	314	150	185	335	1	64
"MT"	2002	"Missoula"	"31"	595	480	1075	336	811	1147	1	71
"MT"	2002	"Missoula"	"32"	106	85	191	78	116	194	1	71
"MT"	2002	"Missoula"	"33"	379	51	430	344	125	469	1	67
"MT"	2002	"Missoula"	"34"	250	54	304	199	129	328	1	64
"MT"	2002	"Missoula"	"35"	409	253	662	229	469	698	1	70
"MT"	2002	"Missoula"	"36"	189	95	284	104	198	302	1	70
"MT"	2002	"Missoula"	"37"	199	109	308	95	230	325	1	63
"MT"	2002	"Missoula"	"38"	364	212	576	171	430	601	1	62
"MT"	2002	"Missoula"	"39"	362	61	423	308	149	457	1	65
"MT"	2002	"Missoula"	"40"	353	87	440	298	174	472	1	65
"MT"	2002	"Missoula"	"41"	193	71	264	135	150	285	1	64
"MT"	2002	"Missoula"	"42"	477	180	657	265	423	688	1	64
"MT"	2002	"Missoula"	"43"	275	84	359	207	171	378	1	67
"MT"	2002	"Missoula"	"44"	218	98	316	115	219	334	1	63
"MT"	2002	"Missoula"	"45"	273	152	425	137	299	436	1	68
"MT"	2002	"Missoula"	"46"	441	123	564	286	317	603	1	64
"MT"	2002	"Missoula"	"47"	250	85	335	180	170	350	1	68
"MT"	2002	"Missoula"	"48"	89	61	150	63	93	156	1	62
"MT"	2002	"Missoula"	"49"	375	173	548	250	323	573	1	63
"MT"	2002	"Missoula"	"50"	129	33	162	72	96	168	1	68
"MT"	2002	"Missoula"	"51"	212	84	296	122	190	312	1	63
"MT"	2002	"Missoula"	"52"	319	54	373	261	146	407	1	65
"MT"	2002	"Missoula"	"53"	103	76	179	60	131	191	1	70
"MT"	2002	"Missoula"	"54"	319	37	356	302	85	387	1	66
"MT"	2002	"Missoula"	"55"	425	126	551	257	322	579	1	69
"MT"	2002	"Missoula"	"56"	497	204	701	297	445	742	1	69
"MT"	2002	"Missoula"	"57"	763	422	1185	404	832	1236	1	63
"MT"	2002	"Missoula"	"58"	407	140	547	263	318	581	1	68
"MT"	2002	"Missoula"	"59"	403	139	542	210	349	559	1	63
"MT"	2002	"Missoula"	"60"	288	210	498	184	334	518	1	62
"MT"	2002	"Missoula"	"61"	536	177	713	314	414	728	1	64
"MT"	2002	"Missoula"	"62"	302	160	462	179	304	483	1	62
"MT"	2002	"Missoula"	"63"	208	132	340	119	236	355	1	62
"MT"	2002	"Missoula"	"64"	376	101	477	300	218	518	1	69
"MT"	2002	"Missoula"	"65"	436	152	588	314	327	641	1	69
"MT"	2002	"Missoula"	"66"	220	76	296	146	164	310	1	67
"MT"	2002	"Missoula"	"67"	350	159	509	212	324	536	1	70
"MT"	2002	"Missoula"	"68"	376	175	551	228	338	566	1	70
"MT"	2002	"Missoula"	"69"	492	239	731	275	503	778	1	63
"MT"	2002	"Missoula"	"70"	350	225	575	178	433	611	1	70
"MT"	2002	"Missoula"	"71"	294	57	351	294	97	391	1	67
"MT"	2002	"Missoula"	"72"	72	19	91	58	41	99	1	64
"MT"	2002	"Missoula"	"74"	15	9	24	9	17	26	1	71
"MT"	2002	"Missoula"	"76"	97	11	108	91	31	122	1	66
"MT"	2002	"Missoula"	"77"	159	63	222	107	128	235	1	67
"MT"	2002	"Missoula"	"78"	127	47	174	90	95	185	1	64
"MT"	2002	"Missoula"	"79"	132	56	188	79	127	206	1	63
"MT"	2002	"Missoula"	"80"	3	2	5	1	5	6	1	64
"MT"	2002	"Musselshell"	"1"	277	103	380	87	310	397	1	8
"MT"	2002	"Musselshell"	"3"	227	108	335	72	278	350	1	8
"MT"	2002	"Musselshell"	"5"	163	176	339	66	292	358	1	8
"MT"	2002	"Musselshell"	"6"	231	249	480	93	406	499	1	8
"MT"	2002	"Musselshell"	"7"	61	46	107	17	91	108	1	8
"MT"	2002	"Musselshell"	"8"	59	37	96	19	81	100	1	8
"MT"	2002	"Park"	"1"	400	140	540	263	306	569	1	26
"MT"	2002	"Park"	"2"	388	148	536	226	333	559	1	26
"MT"	2002	"Park"	"3"	534	222	756	293	493	786	1	26
"MT"	2002	"Park"	"4"	451	157	608	256	382	638	1	26
"MT"	2002	"Park"	"2_B"	354	163	517	171	366	537	1	26
"MT"	2002	"Park"	"5_A"	164	252	416	93	339	432	1	25
"MT"	2002	"Park"	"5_B"	358	269	627	254	400	654	1	25
"MT"	2002	"Park"	"5_C"	31	11	42	21	24	45	1	25
"MT"	2002	"Park"	"5_D"	157	116	273	89	211	300	1	25
"MT"	2002	"Park"	"6_A"	67	41	108	31	79	110	1	25
"MT"	2002	"Park"	"6_B"	302	224	526	175	384	559	1	25
"MT"	2002	"Park"	"7_A"	45	26	71	21	55	76	1	25
"MT"	2002	"Park"	"7_B"	18	20	38	6	33	39	1	25
"MT"	2002	"Park"	"7_C"	131	126	257	51	213	264	1	25
"MT"	2002	"Park"	"7_D"	257	146	403	122	303	425	1	25
"MT"	2002	"Petroleum"	"1"	132	91	223	37	207	244	1	93
"MT"	2002	"Phillips"	"2"	58	25	83	22	66	88	1	95
"MT"	2002	"Phillips"	"5"	10	37	47	3	46	49	1	95
"MT"	2002	"Phillips"	"6"	8	14	22	0	24	24	1	95
"MT"	2002	"Phillips"	"7"	31	21	52	3	50	53	1	95
"MT"	2002	"Phillips"	"8"	151	56	207	44	162	206	1	95
"MT"	2002	"Phillips"	"11"	21	27	48	5	47	52	1	95
"MT"	2002	"Phillips"	"12"	194	159	353	42	343	385	1	95
"MT"	2002	"Phillips"	"15"	18	6	24	12	13	25	1	92
"MT"	2002	"Phillips"	"16"	44	35	79	4	76	80	1	95
"MT"	2002	"Phillips"	"9_1"	204	94	298	76	245	321	1	95
"MT"	2002	"Phillips"	"9_2"	285	191	476	75	433	508	1	95
"MT"	2002	"Pondera"	"19"	109	47	156	39	129	168	1	88
"MT"	2002	"Pondera"	"20"	155	5	160	142	13	155	1	86
"MT"	2002	"Pondera"	"22"	152	79	231	50	189	239	1	88
"MT"	2002	"Pondera"	"23"	64	45	109	14	89	103	1	86
"MT"	2002	"Pondera"	"24"	174	100	274	59	229	288	1	86
"MT"	2002	"Pondera"	"25"	90	61	151	14	141	155	1	86
"MT"	2002	"Pondera"	"26"	173	111	284	53	245	298	1	86
"MT"	2002	"Pondera"	"27"	150	73	223	46	191	237	1	88
"MT"	2002	"Pondera"	"28"	194	144	338	57	303	360	1	88
"MT"	2002	"Pondera"	"34"	162	71	233	58	187	245	1	86
"MT"	2002	"Pondera"	"35"	134	58	192	35	168	203	1	86
"MT"	2002	"Powder River"	"1"	2	8	10	0	11	11	1	1
"MT"	2002	"Powder River"	"3"	23	13	36	4	31	35	1	1
"MT"	2002	"Powder River"	"4"	20	20	40	6	38	44	1	1
"MT"	2002	"Powder River"	"5"	36	32	68	13	55	68	1	1
"MT"	2002	"Powder River"	"6"	19	8	27	3	26	29	1	1
"MT"	2002	"Powder River"	"7"	9	14	23	4	19	23	1	1
"MT"	2002	"Powder River"	"9"	33	30	63	14	49	63	1	1
"MT"	2002	"Powder River"	"10"	10	26	36	4	31	35	1	1
"MT"	2002	"Powder River"	"11"	48	73	121	7	109	116	1	1
"MT"	2002	"Powder River"	"12"	272	190	462	67	420	487	1	1
"MT"	2002	"Powell"	"1"	29	76	105	13	95	108	1	56
"MT"	2002	"Powell"	"3"	166	128	294	76	231	307	1	56
"MT"	2002	"Powell"	"4"	200	86	286	96	195	291	1	56
"MT"	2002	"Powell"	"5"	198	103	301	76	235	311	1	56
"MT"	2002	"Powell"	"6"	225	102	327	102	239	341	1	56
"MT"	2002	"Powell"	"7"	201	88	289	81	213	294	1	56
"MT"	2002	"Powell"	"8"	95	63	158	44	121	165	1	56
"MT"	2002	"Powell"	"10"	32	29	61	11	48	59	1	56
"MT"	2002	"Powell"	"11"	20	38	58	12	47	59	1	56
"MT"	2002	"Powell"	"12"	43	71	114	24	101	125	1	58
"MT"	2002	"Powell"	"14"	64	67	131	3	102	105	1	58
"MT"	2002	"Powell"	"16"	76	42	118	33	92	125	1	56
"MT"	2002	"Prairie"	"1"	98	62	160	43	120	163	1	3
"MT"	2002	"Prairie"	"2"	113	46	159	39	120	159	1	3
"MT"	2002	"Prairie"	"3"	101	55	156	33	121	154	1	3
"MT"	2002	"Prairie"	"4"	78	101	179	22	161	183	1	3
"MT"	2002	"Ravalli"	"1"	29	73	102	16	90	106	1	59
"MT"	2002	"Ravalli"	"2"	125	170	295	91	213	304	1	59
"MT"	2002	"Ravalli"	"3"	182	343	525	87	458	545	1	59
"MT"	2002	"Ravalli"	"4"	81	87	168	49	131	180	1	59
"MT"	2002	"Ravalli"	"5"	106	159	265	56	222	278	1	59
"MT"	2002	"Ravalli"	"6"	322	264	586	161	437	598	1	59
"MT"	2002	"Ravalli"	"7"	632	539	1171	326	915	1241	1	59
"MT"	2002	"Ravalli"	"8"	232	218	450	117	353	470	1	59
"MT"	2002	"Ravalli"	"9"	262	202	464	147	347	494	1	60
"MT"	2002	"Ravalli"	"10"	728	441	1169	439	779	1218	1	60
"MT"	2002	"Ravalli"	"11"	1012	1078	2090	430	1638	2068	1	60
"MT"	2002	"Ravalli"	"12"	18	158	176	3	191	194	1	60
"MT"	2002	"Ravalli"	"13"	543	541	1084	323	840	1163	1	61
"MT"	2002	"Ravalli"	"14"	802	766	1568	435	1207	1642	1	61
"MT"	2002	"Ravalli"	"15"	317	215	532	168	387	555	1	61
"MT"	2002	"Ravalli"	"16"	454	431	885	265	663	928	1	61
"MT"	2002	"Ravalli"	"17"	463	382	845	233	652	885	1	61
"MT"	2002	"Ravalli"	"18"	332	203	535	193	370	563	1	61
"MT"	2002	"Richland"	"1"	147	81	228	71	150	221	1	100
"MT"	2002	"Richland"	"2"	145	76	221	60	164	224	1	100
"MT"	2002	"Richland"	"3"	187	80	267	107	161	268	1	100
"MT"	2002	"Richland"	"4"	175	77	252	76	178	254	1	100
"MT"	2002	"Richland"	"5"	152	93	245	84	164	248	1	99
"MT"	2002	"Richland"	"7"	109	67	176	56	120	176	1	99
"MT"	2002	"Richland"	"8"	350	212	562	150	420	570	1	100
"MT"	2002	"Richland"	"9"	103	72	175	45	128	173	1	100
"MT"	2002	"Richland"	"12"	228	181	409	124	273	397	1	99
"MT"	2002	"Richland"	"17"	51	37	88	17	70	87	1	99
"MT"	2002	"Richland"	"19"	95	38	133	32	97	129	1	99
"MT"	2002	"Richland"	"22"	178	156	334	75	255	330	1	100
"MT"	2002	"Richland"	"23"	246	171	417	96	318	414	1	100
"MT"	2002	"Roosevelt"	"2"	95	49	144	49	98	147	1	97
"MT"	2002	"Roosevelt"	"10"	151	39	190	72	109	181	1	97
"MT"	2002	"Roosevelt"	"12"	255	106	361	111	240	351	1	97
"MT"	2002	"Roosevelt"	"15"	212	16	228	158	56	214	1	98
"MT"	2002	"Roosevelt"	"18"	559	86	645	369	273	642	1	98
"MT"	2002	"Roosevelt"	"20"	46	15	61	25	37	62	1	97
"MT"	2002	"Roosevelt"	"24"	262	59	321	149	172	321	1	98
"MT"	2002	"Roosevelt"	"26"	274	155	429	114	339	453	1	98
"MT"	2002	"Roosevelt"	"27"	244	66	310	155	154	309	1	98
"MT"	2002	"Roosevelt"	"28"	28	65	93	10	87	97	1	97
"MT"	2002	"Roosevelt"	"31"	71	41	112	41	67	108	1	97
"MT"	2002	"Roosevelt"	"35"	47	25	72	24	49	73	1	97
"MT"	2002	"Rosebud"	"2"	30	18	48	8	40	48	1	7
"MT"	2002	"Rosebud"	"3"	298	101	399	122	293	415	1	3
"MT"	2002	"Rosebud"	"6"	315	83	398	150	253	403	1	3
"MT"	2002	"Rosebud"	"7"	16	20	36	9	32	41	1	5
"MT"	2002	"Rosebud"	"10"	90	39	129	26	103	129	1	3
"MT"	2002	"Rosebud"	"11"	21	34	55	5	55	60	1	7
"MT"	2002	"Rosebud"	"15"	380	40	420	319	84	403	1	5
"MT"	2002	"Rosebud"	"17"	138	34	172	88	83	171	1	5
"MT"	2002	"Rosebud"	"20"	53	32	85	28	63	91	1	3
"MT"	2002	"Rosebud"	"21"	97	43	140	26	118	144	1	7
"MT"	2002	"Rosebud"	"25"	4	5	9	2	10	12	1	3
"MT"	2002	"Rosebud"	"26"	27	42	69	8	59	67	1	7
"MT"	2002	"Rosebud"	"30"	42	28	70	20	53	73	1	5
"MT"	2002	"Rosebud"	"32"	627	201	828	291	568	859	1	7
"MT"	2002	"Sanders"	"1"	71	71	142	37	96	133	1	71
"MT"	2002	"Sanders"	"2"	309	277	586	162	447	609	1	72
"MT"	2002	"Sanders"	"4"	298	250	548	160	384	544	1	72
"MT"	2002	"Sanders"	"6"	56	77	133	31	101	132	1	72
"MT"	2002	"Sanders"	"7"	202	199	401	124	278	402	1	72
"MT"	2002	"Sanders"	"8"	137	124	261	80	173	253	1	72
"MT"	2002	"Sanders"	"9"	97	93	190	77	114	191	1	72
"MT"	2002	"Sanders"	"11"	77	40	117	61	69	130	1	71
"MT"	2002	"Sanders"	"12"	270	173	443	136	331	467	1	71
"MT"	2002	"Sanders"	"2A"	214	218	432	103	325	428	1	72
"MT"	2002	"Sanders"	"4A"	337	263	600	179	415	594	1	72
"MT"	2002	"Sheridan"	"1"	113	60	173	39	127	166	1	97
"MT"	2002	"Sheridan"	"5"	86	46	132	34	102	136	1	97
"MT"	2002	"Sheridan"	"8"	174	75	249	80	167	247	1	97
"MT"	2002	"Sheridan"	"9"	175	71	246	83	161	244	1	97
"MT"	2002	"Sheridan"	"10"	147	69	216	83	133	216	1	97
"MT"	2002	"Sheridan"	"17"	142	49	191	67	129	196	1	97
"MT"	2002	"Sheridan"	"18"	130	36	166	55	111	166	1	97
"MT"	2002	"Sheridan"	"20"	195	59	254	105	159	264	1	97
"MT"	2002	"Silver Bow"	"1"	400	41	441	287	160	447	1	36
"MT"	2002	"Silver Bow"	"2"	471	64	535	328	219	547	1	36
"MT"	2002	"Silver Bow"	"3"	448	48	496	288	222	510	1	36
"MT"	2002	"Silver Bow"	"4"	442	85	527	288	272	560	1	36
"MT"	2002	"Silver Bow"	"5"	506	68	574	356	223	579	1	35
"MT"	2002	"Silver Bow"	"6"	425	97	522	273	258	531	1	35
"MT"	2002	"Silver Bow"	"7"	408	87	495	232	293	525	1	35
"MT"	2002	"Silver Bow"	"8"	711	156	867	342	559	901	1	35
"MT"	2002	"Silver Bow"	"9"	696	208	904	394	544	938	1	35
"MT"	2002	"Silver Bow"	"16"	473	71	544	344	238	582	1	37
"MT"	2002	"Silver Bow"	"18"	230	28	258	183	77	260	1	36
"MT"	2002	"Silver Bow"	"19"	128	22	150	86	66	152	1	37
"MT"	2002	"Silver Bow"	"20"	441	96	537	297	261	558	1	35
"MT"	2002	"Silver Bow"	"21"	461	64	525	315	209	524	1	36
"MT"	2002	"Silver Bow"	"22"	396	58	454	270	192	462	1	37
"MT"	2002	"Silver Bow"	"23"	368	54	422	253	179	432	1	37
"MT"	2002	"Silver Bow"	"24"	542	68	610	391	224	615	1	37
"MT"	2002	"Silver Bow"	"26"	87	17	104	61	51	112	1	37
"MT"	2002	"Silver Bow"	"27"	195	54	249	102	153	255	1	37
"MT"	2002	"Silver Bow"	"28"	46	19	65	29	41	70	1	33
"MT"	2002	"Silver Bow"	"29"	37	10	47	18	31	49	1	33
"MT"	2002	"Still Water"	"1"	737	426	1163	255	923	1178	1	24
"MT"	2002	"Still Water"	"2"	434	270	704	212	539	751	1	24
"MT"	2002	"Still Water"	"4"	68	59	127	24	111	135	1	24
"MT"	2002	"Still Water"	"7"	41	30	71	5	67	72	1	24
"MT"	2002	"Still Water"	"9"	79	56	135	21	122	143	1	24
"MT"	2002	"Still Water"	"10"	80	53	133	31	97	128	1	24
"MT"	2002	"Still Water"	"11"	96	65	161	43	125	168	1	24
"MT"	2002	"Still Water"	"13"	353	248	601	133	500	633	1	24
"MT"	2002	"Sweet Grass"	"1"	220	176	396	83	339	422	1	25
"MT"	2002	"Sweet Grass"	"2"	102	133	235	48	195	243	1	25
"MT"	2002	"Sweet Grass"	"3"	132	116	248	46	219	265	1	24
"MT"	2002	"Sweet Grass"	"4"	109	145	254	29	242	271	1	25
"MT"	2002	"Sweet Grass"	"5"	136	141	277	57	225	282	1	24
"MT"	2002	"Teton"	"1"	744	385	1129	286	893	1179	1	87
"MT"	2002	"Teton"	"6"	199	76	275	61	231	292	1	87
"MT"	2002	"Teton"	"7"	506	294	800	200	629	829	1	87
"MT"	2002	"Teton"	"11"	83	54	137	28	117	145	1	87
"MT"	2002	"Teton"	"17"	222	84	306	83	241	324	1	87
"MT"	2002	"Toole"	"DEVON DG4"	51	12	63	18	51	69	1	88
"MT"	2002	"Toole"	"GARATA G4"	53	25	78	26	58	84	1	88
"MT"	2002	"Toole"	"KE1"	49	19	68	21	50	71	1	88
"MT"	2002	"Toole"	"KE3"	16	8	24	0	25	25	1	88
"MT"	2002	"Toole"	"OI6"	34	18	52	9	52	61	1	88
"MT"	2002	"Toole"	"SH1"	200	111	311	66	269	335	1	88
"MT"	2002	"Toole"	"SH2"	249	103	352	91	272	363	1	88
"MT"	2002	"Toole"	"SH3"	246	125	371	103	292	395	1	88
"MT"	2002	"Toole"	"SH6"	110	67	177	27	165	192	1	88
"MT"	2002	"Toole"	"SU1"	107	59	166	46	127	173	1	88
"MT"	2002	"Toole"	"SU3"	61	27	88	18	80	98	1	88
"MT"	2002	"Toole"	"SW7"	49	20	69	19	53	72	1	88
"MT"	2002	"Treasure"	"3"	13	14	27	2	28	30	1	7
"MT"	2002	"Treasure"	"4"	239	94	333	76	271	347	1	7
"MT"	2002	"Treasure"	"6"	14	19	33	3	31	34	1	7
"MT"	2002	"Valley"	"1"	420	124	544	158	404	562	1	96
"MT"	2002	"Valley"	"2"	265	80	345	131	217	348	1	96
"MT"	2002	"Valley"	"3"	368	92	460	160	290	450	1	96
"MT"	2002	"Valley"	"4"	232	44	276	98	178	276	1	96
"MT"	2002	"Valley"	"6"	117	53	170	35	138	173	1	96
"MT"	2002	"Valley"	"8"	192	54	246	74	181	255	1	95
"MT"	2002	"Valley"	"9"	153	70	223	39	182	221	1	95
"MT"	2002	"Valley"	"Court7"	453	170	623	158	476	634	1	95
"MT"	2002	"Valley"	"Frazer5"	110	23	133	88	50	138	1	96
"MT"	2002	"Valley"	"Lustre5"	28	94	122	11	124	135	1	96
"MT"	2002	"Valley"	"Peck7"	182	41	223	101	119	220	1	95
"MT"	2002	"Wheatland"	"1"	26	27	53	12	49	61	1	8
"MT"	2002	"Wheatland"	"2"	245	106	351	95	266	361	1	8
"MT"	2002	"Wheatland"	"3"	25	32	57	5	52	57	1	8
"MT"	2002	"Wheatland"	"4"	64	57	121	25	100	125	1	8
"MT"	2002	"Wheatland"	"9"	131	68	199	37	175	212	1	8
"MT"	2002	"Wibaux"	"1"	153	68	221	56	164	220	1	1
"MT"	2002	"Wibaux"	"2"	178	123	301	78	220	298	1	1
"MT"	2002	"Yellowstone"	"1"	83	40	123	20	106	126	1	7
"MT"	2002	"Yellowstone"	"2"	34	14	48	11	42	53	1	17
"MT"	2002	"Yellowstone"	"3"	487	224	711	226	520	746	1	12
"MT"	2002	"Yellowstone"	"4"	579	347	926	242	738	980	1	21
"MT"	2002	"Yellowstone"	"5"	427	178	605	231	398	629	1	22
"MT"	2002	"Yellowstone"	"6"	515	183	698	325	397	722	1	14
"MT"	2002	"Yellowstone"	"7"	361	111	472	223	264	487	1	22
"MT"	2002	"Yellowstone"	"8"	27	16	43	9	38	47	1	9
"MT"	2002	"Yellowstone"	"9"	355	136	491	208	296	504	1	22
"MT"	2002	"Yellowstone"	"10"	16	7	23	8	18	26	1	15
"MT"	2002	"Yellowstone"	"11"	93	53	146	11	143	154	1	8
"MT"	2002	"Yellowstone"	"12"	498	205	703	263	463	726	1	12
"MT"	2002	"Yellowstone"	"13"	131	36	167	79	96	175	1	13
"MT"	2002	"Yellowstone"	"14"	248	68	316	156	173	329	1	13
"MT"	2002	"Yellowstone"	"15"	170	84	254	91	182	273	1	7
"MT"	2002	"Yellowstone"	"16"	100	66	166	56	130	186	1	16
"MT"	2002	"Yellowstone"	"17"	66	42	108	35	75	110	1	12
"MT"	2002	"Yellowstone"	"18"	147	87	234	77	161	238	1	7
"MT"	2002	"Yellowstone"	"19"	135	88	223	44	193	237	1	15
"MT"	2002	"Yellowstone"	"20"	295	152	447	155	314	469	1	22
"MT"	2002	"Yellowstone"	"21"	412	161	573	206	401	607	1	20
"MT"	2002	"Yellowstone"	"22"	116	114	230	74	229	303	1	9
"MT"	2002	"Yellowstone"	"23"	521	197	718	350	439	789	1	14
"MT"	2002	"Yellowstone"	"24"	389	204	593	188	432	620	1	9
"MT"	2002	"Yellowstone"	"25"	348	161	509	141	383	524	1	16
"MT"	2002	"Yellowstone"	"26"	483	166	649	243	433	676	1	19
"MT"	2002	"Yellowstone"	"27"	458	223	681	179	541	720	1	7
"MT"	2002	"Yellowstone"	"28"	340	212	552	147	448	595	1	15
"MT"	2002	"Yellowstone"	"29"	306	126	432	177	271	448	1	18
"MT"	2002	"Yellowstone"	"30"	358	178	536	156	407	563	1	15
"MT"	2002	"Yellowstone"	"31"	535	272	807	237	604	841	1	21
"MT"	2002	"Yellowstone"	"32"	460	138	598	257	358	615	1	17
"MT"	2002	"Yellowstone"	"33"	720	288	1008	310	744	1054	1	19
"MT"	2002	"Yellowstone"	"34"	320	128	448	254	330	584	1	12
"MT"	2002	"Yellowstone"	"35"	400	131	531	206	371	577	1	22
"MT"	2002	"Yellowstone"	"36"	467	291	758	213	566	779	1	22
"MT"	2002	"Yellowstone"	"37"	542	297	839	226	664	890	1	15
"MT"	2002	"Yellowstone"	"38"	191	89	280	117	190	307	1	13
"MT"	2002	"Yellowstone"	"39"	515	219	734	231	551	782	1	20
"MT"	2002	"Yellowstone"	"40"	385	178	563	191	434	625	1	10
"MT"	2002	"Yellowstone"	"41"	206	71	277	128	157	285	1	13
"MT"	2002	"Yellowstone"	"42"	474	245	719	195	556	751	1	16
"MT"	2002	"Yellowstone"	"43"	302	158	460	172	307	479	1	18
"MT"	2002	"Yellowstone"	"44"	333	126	459	180	310	490	1	18
"MT"	2002	"Yellowstone"	"45"	429	177	606	223	418	641	1	16
"MT"	2002	"Yellowstone"	"46"	173	85	258	82	188	270	1	11
"MT"	2002	"Yellowstone"	"47"	660	275	935	336	655	991	1	10
"MT"	2002	"Yellowstone"	"48"	465	200	665	245	465	710	1	14
"MT"	2002	"Yellowstone"	"49"	395	160	555	212	375	587	1	10
"MT"	2002	"Yellowstone"	"50"	410	173	583	196	415	611	1	11
"MT"	2002	"Yellowstone"	"51"	277	117	394	171	240	411	1	14
"MT"	2002	"Yellowstone"	"52"	355	125	480	206	305	511	1	13
"MT"	2002	"Yellowstone"	"53"	358	190	548	138	443	581	1	15
"MT"	2002	"Yellowstone"	"54"	173	84	257	78	194	272	1	12
"MT"	2002	"Yellowstone"	"55"	368	182	550	184	410	594	1	10
"MT"	2002	"Yellowstone"	"56"	313	140	453	149	328	477	1	20
"MT"	2002	"Yellowstone"	"57"	329	204	533	140	425	565	1	19
"MT"	2002	"Yellowstone"	"58"	393	137	530	209	356	565	1	18
"MT"	2002	"Yellowstone"	"59"	520	214	734	245	509	754	1	20
"MT"	2002	"Yellowstone"	"60"	182	77	259	85	205	290	1	15
"MT"	2002	"Yellowstone"	"61"	540	182	722	300	471	771	1	18
"MT"	2002	"Yellowstone"	"62"	460	209	669	194	514	708	1	21
"MT"	2002	"Yellowstone"	"63"	270	144	414	88	345	433	1	11
"MT"	2002	"Yellowstone"	"64"	82	44	126	28	106	134	1	21
"MT"	2002	"Yellowstone"	"65"	300	126	426	145	294	439	1	19
"MT"	2002	"Yellowstone"	"66"	289	103	392	130	278	408	1	19
"MT"	2002	"Yellowstone"	"67"	378	244	622	191	500	691	1	10
"MT"	2002	"Yellowstone"	"68"	549	326	875	241	702	943	1	10
"MT"	2002	"Yellowstone"	"69"	293	164	457	111	369	480	1	20
"MT"	2002	"Yellowstone"	"70"	572	302	874	245	671	916	1	9
"MT"	2002	"Yellowstone"	"71"	148	45	193	95	109	204	1	13
"MT"	2002	"Yellowstone"	"72"	332	144	476	166	323	489	1	19
"MT"	2002	"Yellowstone"	"73"	316	106	422	165	275	440	1	17
"MT"	2002	"Yellowstone"	"74"	461	135	596	287	338	625	1	17
"MT"	2002	"Yellowstone"	"75"	286	96	382	120	265	385	1	21
"MT"	2002	"Yellowstone"	"76"	855	562	1417	319	1205	1524	1	9
"MT"	2002	"Yellowstone"	"77"	361	119	480	193	305	498	1	12
"MT"	2002	"Yellowstone"	"78"	379	272	651	141	569	710	1	9
"MT"	2002	"Yellowstone"	"79"	461	203	664	219	480	699	1	16
"MT"	2002	"Yellowstone"	"80"	284	182	466	128	386	514	1	15
"MT"	2002	"Yellowstone"	"81"	241	99	340	112	237	349	1	17
"MT"	2002	"Yellowstone"	"82"	182	127	309	92	251	343	1	15
"MT"	2002	"Yellowstone"	"83"	558	309	867	241	710	951	1	9
"MT"	2002	"Yellowstone"	"84"	47	34	81	21	63	84	1	6
"MT"	2002	"Yellowstone"	"85"	389	201	590	161	461	622	1	11
"MT"	2002	"Yellowstone"	"86"	522	268	790	252	596	848	1	11
