state	year	county	precinct	g2006_USS_dv	g2006_USS_rv	g2006_USS_tv	g2006_USH_dv	g2006_USH_rv	g2006_USH_tv	g2006_STS_dv	g2006_STS_rv	g2006_STS_tv	g2006_STH_dv	g2006_STH_rv	g2006_STH_tv	cd	ld	sd
"MT"	2006	"Beaverhead"	"1"	219	184	403	168	237	405				155	239	394	1	72	36
"MT"	2006	"Beaverhead"	"2"	133	362	495	98	398	496				109	399	508	1	72	36
"MT"	2006	"Beaverhead"	"3"	155	353	508	117	396	513				97	410	507	1	72	36
"MT"	2006	"Beaverhead"	"4"	45	105	150	26	128	154				33	119	152	1	72	36
"MT"	2006	"Beaverhead"	"5"	10	90	100	10	95	105				9	96	105	1	72	36
"MT"	2006	"Beaverhead"	"6"	163	230	393	119	288	407				92	305	397	1	72	36
"MT"	2006	"Beaverhead"	"7"	65	195	260	43	216	259				45	215	260	1	72	36
"MT"	2006	"Beaverhead"	"8"	13	52	65	7	56	63				9	57	66	1	72	36
"MT"	2006	"Beaverhead"	"9"	111	243	354	88	277	365				82	271	353	1	72	36
"MT"	2006	"Beaverhead"	"12"	212	241	453	150	310	460				148	298	446	1	72	36
"MT"	2006	"Beaverhead"	"14"	145	180	325	122	207	329				104	232	336	1	72	36
"MT"	2006	"Beaverhead"	"17"	18	56	74	16	57	73				16	63	79	1	72	36
"MT"	2006	"Beaverhead"	"19"	21	54	75	12	61	73				16	57	73	1	72	36
"MT"	2006	"Beaverhead"	"20"	7	60	67	6	61	67				4	63	67	1	72	36
"MT"	2006	"Beaverhead"	"21"	25	89	114	16	96	112				19	92	111	1	72	36
"MT"	2006	"Beaverhead"	"23"	35	61	96	27	71	98				21	75	96	1	72	36
"MT"	2006	"Big Horn"	"3E"	11	34	45	10	35	45				7	40	47	1	41	21
"MT"	2006	"Big Horn"	"4E"	31	60	91	35	55	90				26	66	92	1	41	21
"MT"	2006	"Big Horn"	"5"	193	48	241	182	52	234				192	49	241	1	41	21
"MT"	2006	"Big Horn"	"6"	18	46	64	11	54	65				13	51	64	1	41	21
"MT"	2006	"Big Horn"	"10"	13	37	50	8	42	50				6	46	52	1	41	21
"MT"	2006	"Big Horn"	"14"	163	61	224	170	56	226				193	36	229	1	41	21
"MT"	2006	"Big Horn"	"19"	220	187	407	164	247	411				161	251	412	1	41	21
"MT"	2006	"Big Horn"	"25"	36	16	52	33	18	51				33	18	51	1	41	21
"MT"	2006	"Big Horn"	"26"	236	73	309	219	89	308				240	73	313	1	41	21
"MT"	2006	"Big Horn"	"1"	93	99	192	66	128	194				133		133	1	42	21
"MT"	2006	"Big Horn"	"2"	56	57	113	49	63	112				87		87	1	42	21
"MT"	2006	"Big Horn"	"3"	17	52	69	19	54	73				38		38	1	42	21
"MT"	2006	"Big Horn"	"4"	41	77	118	27	96	123				78		78	1	42	21
"MT"	2006	"Big Horn"	"7"	735	96	831	713	121	834				809		809	1	42	21
"MT"	2006	"Big Horn"	"8"	55	53	108	52	58	110				69		69	1	42	21
"MT"	2006	"Big Horn"	"9"	161	40	201	158	36	194				187		187	1	42	21
"MT"	2006	"Big Horn"	"15"	273	50	323	242	83	325				313		313	1	42	21
"MT"	2006	"Big Horn"	"17"	200	202	402	184	221	405				302		302	1	42	21
"MT"	2006	"Big Horn"	"18"	144	160	304	112	192	304				207		207	1	42	21
"MT"	2006	"Big Horn"	"21"	340	108	448	342	103	445				392		392	1	42	21
"MT"	2006	"Blaine"	"3"	278	77	355	270	83	353				354		354	1	32	16
"MT"	2006	"Blaine"	"9"	98	15	113	84	28	112				110		110	1	32	16
"MT"	2006	"Blaine"	"10"	107	245	352	72	283	355				184		184	1	32	16
"MT"	2006	"Blaine"	"15"	276	50	326	246	79	325				330		330	1	32	16
"MT"	2006	"Blaine"	"17"	12	75	87	9	80	89				32		32	1	32	16
"MT"	2006	"Blaine"	"20"	71	23	94	56	35	91				91		91	1	32	16
"MT"	2006	"Blaine"	"1"	52	139	191	34	159	193	104	79	183	144		144	1	34	17
"MT"	2006	"Blaine"	"8"	218	182	400	177	232	409	314	92	406	340		340	1	34	17
"MT"	2006	"Blaine"	"11"	106	167	273	72	207	279	152	128	280	238		238	1	34	17
"MT"	2006	"Blaine"	"12"	154	185	339	113	231	344	197	146	343	288		288	1	34	17
"MT"	2006	"Blaine"	"13"	25	71	96	20	76	96	46	49	95	72		72	1	34	17
"MT"	2006	"Broadwater"	"1"	179	294	473	138	350	488				212	269	481	1	68	34
"MT"	2006	"Broadwater"	"7"	182	269	451	136	326	462				220	244	464	1	68	34
"MT"	2006	"Broadwater"	"12"	228	287	515	172	355	527				295	233	528	1	68	34
"MT"	2006	"Broadwater"	"13"	101	279	380	83	296	379				133	249	382	1	68	34
"MT"	2006	"Broadwater"	"11"	152	345	497	90	407	497	104	370	474	164	314	478	1	83	42
"MT"	2006	"Carbon"	"1"	152	195	347	127	224	351	158	191	349	128	208	336	1	57	29
"MT"	2006	"Carbon"	"2"	114	146	260	92	176	268	112	147	259	114	140	254	1	59	30
"MT"	2006	"Carbon"	"3"	108	201	309	94	224	318	116	200	316	112	195	307	1	59	30
"MT"	2006	"Carbon"	"4"	140	136	276	110	169	279	162	121	283	149	120	269	1	59	30
"MT"	2006	"Carbon"	"5"	98	202	300	78	233	311	103	202	305	88	204	292	1	59	30
"MT"	2006	"Carbon"	"6"	119	138	257	73	186	259	112	147	259	89	163	252	1	59	30
"MT"	2006	"Carbon"	"7"	144	233	377	114	264	378	154	224	378	153	215	368	1	59	30
"MT"	2006	"Carbon"	"8"	249	146	395	203	205	408	264	138	402	258	147	405	1	59	30
"MT"	2006	"Carbon"	"9"	240	112	352	205	148	353	244	110	354	249	102	351	1	59	30
"MT"	2006	"Carbon"	"10"	212	126	338	174	170	344	207	137	344	208	136	344	1	59	30
"MT"	2006	"Carbon"	"11"	354	334	688	288	401	689	400	293	693	404	291	695	1	59	30
"MT"	2006	"Carbon"	"12"	48	83	131	38	97	135	48	92	140	38	98	136	1	59	30
"MT"	2006	"Carbon"	"14"	54	109	163	43	124	167	47	116	163	57	102	159	1	59	30
"MT"	2006	"Carbon"	"15"	133	187	320	104	218	322	132	191	323	110	204	314	1	59	30
"MT"	2006	"Carbon"	"16"	74	123	197	55	144	199	77	123	200	80	117	197	1	59	30
"MT"	2006	"Carbon"	"13"	19	48	67	13	56	69	24	43	67		53	53	1	60	30
"MT"	2006	"Carter"	"1"	5	96	101	0	100	100		93	93	12	89	101	1	39	20
"MT"	2006	"Carter"	"3"	2	37	39	4	37	41		35	35	8	32	40	1	39	20
"MT"	2006	"Carter"	"13"	53	142	195	39	161	200		161	161	51	150	201	1	39	20
"MT"	2006	"Carter"	"14"	38	279	317	30	289	319		275	275	43	279	322	1	39	20
"MT"	2006	"Cascade"	"18A"	433	588	1021	306	715	1021				395	617	1012	1	18	9
"MT"	2006	"Cascade"	"18B"	540	935	1475	378	1088	1466				497	941	1438	1	18	9
"MT"	2006	"Cascade"	"18C"	477	697	1174	370	801	1171				455	703	1158	1	18	9
"MT"	2006	"Cascade"	"18D"	97	93	190	68	121	189				84	94	178	1	18	9
"MT"	2006	"Cascade"	"18E"	63	110	173	46	126	172				62	99	161	1	18	9
"MT"	2006	"Cascade"	"18F"	113	173	286	85	200	285				97	176	273	1	18	9
"MT"	2006	"Cascade"	"18G"	127	187	314	118	206	324				134	182	316	1	18	9
"MT"	2006	"Cascade"	"19A"	69	105	174	52	121	173				81	88	169	1	19	10
"MT"	2006	"Cascade"	"19B"	302	373	675	225	444	669				307	364	671	1	19	10
"MT"	2006	"Cascade"	"19C"	105	153	258	87	175	262				108	150	258	1	19	10
"MT"	2006	"Cascade"	"19D"	488	457	945	396	552	948				518	419	937	1	19	10
"MT"	2006	"Cascade"	"19E"	292	340	632	210	431	641				297	329	626	1	19	10
"MT"	2006	"Cascade"	"19F"	386	468	854	284	571	855				369	500	869	1	19	10
"MT"	2006	"Cascade"	"19G"	138	238	376	110	266	376				155	224	379	1	19	10
"MT"	2006	"Cascade"	"20A"	588	497	1085	438	653	1091				564	486	1050	1	20	10
"MT"	2006	"Cascade"	"20B"	549	429	978	442	539	981				550	388	938	1	20	10
"MT"	2006	"Cascade"	"20C"	532	648	1180	398	789	1187				483	644	1127	1	20	10
"MT"	2006	"Cascade"	"21A"	433	310	743	347	401	748	504		504	446	252	698	1	18	9
"MT"	2006	"Cascade"	"21B"	775	687	1462	604	872	1476	1020		1020	821	580	1401	1	18	9
"MT"	2006	"Cascade"	"21C"	607	625	1232	472	765	1237	882		882	613	514	1127	1	18	9
"MT"	2006	"Cascade"	"22A"	385	248	633	310	326	636	419		419	375	199	574	1	22	11
"MT"	2006	"Cascade"	"22B"	564	436	1000	444	549	993	638		638	553	404	957	1	22	11
"MT"	2006	"Cascade"	"22C"	688	546	1234	503	737	1240	828		828	715	481	1196	1	22	11
"MT"	2006	"Cascade"	"23A"	489	293	782	380	393	773	507	260	767	519		519	1	23	12
"MT"	2006	"Cascade"	"23B"	522	405	927	427	501	928	551	368	919	620		620	1	23	12
"MT"	2006	"Cascade"	"23C"	615	463	1078	476	601	1077	608	462	1070	712		712	1	23	12
"MT"	2006	"Cascade"	"24A"	192	355	547	148	403	551	199	343	542	236	290	526	1	24	12
"MT"	2006	"Cascade"	"24B"	476	382	858	371	494	865	489	367	856	537	298	835	1	24	12
"MT"	2006	"Cascade"	"24C"	216	148	364	163	203	366	232	137	369	229	108	337	1	24	12
"MT"	2006	"Cascade"	"25A"	459	450	909	346	567	913	731		731	573	298	871	1	25	13
"MT"	2006	"Cascade"	"25B"	763	651	1414	566	850	1416	1159		1159	998	353	1351	1	25	13
"MT"	2006	"Cascade"	"25C"	712	672	1384	518	883	1401	1129		1129	945	405	1350	1	25	13
"MT"	2006	"Cascade"	"25D"	200	233	433	149	280	429	315		315	241	161	402	1	25	13
"MT"	2006	"Cascade"	"26A"	440	246	686	352	335	687	593		593	436	259	695	1	26	13
"MT"	2006	"Cascade"	"26B"	619	434	1053	494	566	1060	866		866	630	429	1059	1	26	13
"MT"	2006	"Cascade"	"26C"	127	152	279	106	174	280	230		230	163	117	280	1	26	13
"MT"	2006	"Cascade"	"26D"	279	303	582	203	387	590	453		453	288	289	577	1	26	13
"MT"	2006	"Cascade"	"26E"	208	320	528	148	378	526	379		379	226	297	523	1	26	13
"MT"	2006	"Chouteau"	"1"	201	139	340	119	222	341	147	177	324	161	159	320	1	28	14
"MT"	2006	"Chouteau"	"2"	142	167	309	84	229	313	104	182	286	123	165	288	1	28	14
"MT"	2006	"Chouteau"	"3"	183	142	325	116	207	323	142	155	297	165	139	304	1	28	14
"MT"	2006	"Chouteau"	"4"	53	98	151	38	113	151	49	90	139	48	90	138	1	28	14
"MT"	2006	"Chouteau"	"5"	42	67	109	20	89	109	21	81	102	26	79	105	1	28	14
"MT"	2006	"Chouteau"	"7"	40	66	106	25	84	109	32	66	98	32	67	99	1	28	14
"MT"	2006	"Chouteau"	"8"	248	212	460	136	324	460	189	254	443	179	264	443	1	28	14
"MT"	2006	"Chouteau"	"6"	89	185	274	58	215	273	69	192	261	80	183	263	1	29	15
"MT"	2006	"Chouteau"	"9"	71	87	158	35	126	161	45	107	152	42	116	158	1	29	15
"MT"	2006	"Chouteau"	"10"	75	93	168	35	133	168	46	106	152	61	101	162	1	29	15
"MT"	2006	"Chouteau"	"11"	70	84	154	42	116	158	49	106	155	68	85	153	1	29	15
"MT"	2006	"Chouteau"	"12"	74	5	79	65	12	77			0	68		68	1	32	16
"MT"	2006	"Custer"	"6"	147	199	346	110	236	346		260	260	127	209	336	1	39	20
"MT"	2006	"Custer"	"9"	7	8	15	3	12	15		11	11	6	9	15	1	39	20
"MT"	2006	"Custer"	"10"	7	30	37	4	33	37		30	30	7	31	38	1	39	20
"MT"	2006	"Custer"	"11"	2	27	29	3	26	29		26	26	2	26	28	1	39	20
"MT"	2006	"Custer"	"12"	3	26	29	3	28	31		26	26	3	27	30	1	39	20
"MT"	2006	"Custer"	"13"	6	41	47	3	49	52		46	46	1	47	48	1	39	20
"MT"	2006	"Custer"	"14"	2	25	27	0	27	27		22	22	2	24	26	1	39	20
"MT"	2006	"Custer"	"1"	413	335	748	322	426	748		540	540	451	306	757	1	40	20
"MT"	2006	"Custer"	"2"	375	489	864	309	573	882		671	671	440	443	883	1	40	20
"MT"	2006	"Custer"	"3"	453	577	1030	356	695	1051		794	794	519	528	1047	1	40	20
"MT"	2006	"Custer"	"4"	411	429	840	321	532	853		680	680	474	381	855	1	40	20
"MT"	2006	"Custer"	"8"	16	64	80	13	69	82				53	17	70	1	43	22
"MT"	2006	"Custer"	"5"	70	152	222	54	168	222	79	138	217	62	150	212	1	45	23
"MT"	2006	"Custer"	"7"	79	179	258	68	194	262	79	174	253	71	171	242	1	45	23
"MT"	2006	"Daniels"	"2"	79	75	154	47	105	152				82	74	156	1	36	18
"MT"	2006	"Daniels"	"3"	62	143	205	36	163	199				68	138	206	1	36	18
"MT"	2006	"Daniels"	"4"	45	76	121	33	89	122				41	80	121	1	36	18
"MT"	2006	"Daniels"	"5"	113	168	281	67	217	284				136	156	292	1	36	18
"MT"	2006	"Daniels"	"6"	125	132	257	89	168	257				153	110	263	1	36	18
"MT"	2006	"Dawson"	"5"	75	158	233	64	178	242					189	189	1	37	19
"MT"	2006	"Dawson"	"6A"	10	25	35	8	27	35					28	28	1	37	19
"MT"	2006	"Dawson"	"7"	12	43	55	9	49	58					48	48	1	37	19
"MT"	2006	"Dawson"	"1"	114	177	291	92	200	292				127	166	293	1	38	19
"MT"	2006	"Dawson"	"2"	259	247	506	206	299	505				257	257	514	1	38	19
"MT"	2006	"Dawson"	"3"	307	424	731	231	505	736				311	431	742	1	38	19
"MT"	2006	"Dawson"	"4"	202	190	392	148	251	399				193	210	403	1	38	19
"MT"	2006	"Dawson"	"6B"	7	21	28	3	27	30				10	19	29	1	38	19
"MT"	2006	"Dawson"	"8"	176	245	421	137	284	421				186	271	457	1	38	19
"MT"	2006	"Dawson"	"10"	363	593	956	283	676	959				434	686	1120	1	38	19
"MT"	2006	"Dawson"	"6C"	11	23	34	7	30	37		32	32				1	39	20
"MT"	2006	"Dawson"	"9"	61	108	169	40	128	168		126	126				1	39	20
"MT"	2006	"Deer Lodge"	"1A"	294	85	379	232	149	381				331		331	1	85	43
"MT"	2006	"Deer Lodge"	"01A"	81	39	120	66	56	122				92		92	1	85	43
"MT"	2006	"Deer Lodge"	"2A"	0	2	2	0	2	2				0		0	1	85	43
"MT"	2006	"Deer Lodge"	"3A"	13	1	14	10	5	15				13		13	1	85	43
"MT"	2006	"Deer Lodge"	"4A"	21	9	30	21	11	32				28		28	1	85	43
"MT"	2006	"Deer Lodge"	"5-A"	21	7	28	13	16	29				27		27	1	85	43
"MT"	2006	"Deer Lodge"	"6A"	10	5	15	6	9	15				11		11	1	85	43
"MT"	2006	"Deer Lodge"	"7A"	88	31	119	75	49	124				98		98	1	85	43
"MT"	2006	"Deer Lodge"	"8"	217	84	301	186	114	300				254		254	1	85	43
"MT"	2006	"Deer Lodge"	"9"	140	106	246	112	139	251				212		212	1	85	43
"MT"	2006	"Deer Lodge"	"1"	290	110	400	238	170	408				289		289	1	86	43
"MT"	2006	"Deer Lodge"	"2"	302	131	433	248	183	431				329		329	1	86	43
"MT"	2006	"Deer Lodge"	"3"	495	123	618	392	229	621				504		504	1	86	43
"MT"	2006	"Deer Lodge"	"4"	328	76	404	257	147	404				339		339	1	86	43
"MT"	2006	"Deer Lodge"	"5"	234	66	300	198	104	302				256		256	1	86	43
"MT"	2006	"Deer Lodge"	"6"	403	87	490	338	157	495				416		416	1	86	43
"MT"	2006	"Deer Lodge"	"7"	67	18	85	57	27	84				81		81	1	86	43
"MT"	2006	"Deer Lodge"	"10"	12	22	34	11	27	38				24		24	1	86	43
"MT"	2006	"Fallon"	"1"	110	236	346	60	272	332		274	274	92	232	324	1	39	20
"MT"	2006	"Fallon"	"2"	93	259	352	72	281	353		289	289	100	244	344	1	39	20
"MT"	2006	"Fallon"	"3"	70	208	278	38	238	276		223	223	62	199	261	1	39	20
"MT"	2006	"Fallon"	"4"	49	156	205	33	179	212		165	165	42	158	200	1	39	20
"MT"	2006	"Fallon"	"7"	15	65	80	13	68	81		65	65	15	65	80	1	39	20
"MT"	2006	"Fallon"	"8"	10	27	37	6	32	38		32	32	7	30	37	1	39	20
"MT"	2006	"Fergus"	"3"	200	404	604	145	466	611	182	432	614	216	381	597	1	29	15
"MT"	2006	"Fergus"	"4"	86	208	294	61	240	301	80	218	298	143	147	290	1	29	15
"MT"	2006	"Fergus"	"6"	185	223	408	151	264	415	162	258	420	227	182	409	1	29	15
"MT"	2006	"Fergus"	"7"	123	202	325	84	246	330	106	225	331	136	191	327	1	29	15
"MT"	2006	"Fergus"	"8"	120	204	324	82	251	333	108	227	335	154	179	333	1	29	15
"MT"	2006	"Fergus"	"16"	73	221	294	39	258	297	49	249	298	48	236	284	1	29	15
"MT"	2006	"Fergus"	"18"	34	69	103	20	84	104	36	69	105	31	72	103	1	29	15
"MT"	2006	"Fergus"	"2"	160	282	442	127	332	459	138	321	459	157	286	443	1	30	15
"MT"	2006	"Fergus"	"5"	77	220	297	52	250	302	93	208	301	105	186	291	1	30	15
"MT"	2006	"Fergus"	"9"	141	189	330	102	235	337	131	211	342	131	190	321	1	30	15
"MT"	2006	"Fergus"	"10"	149	182	331	118	215	333	139	198	337	158	169	327	1	30	15
"MT"	2006	"Fergus"	"11"	176	208	384	122	266	388	152	242	394	154	217	371	1	30	15
"MT"	2006	"Fergus"	"13"	162	254	416	106	316	422	134	291	425	161	242	403	1	30	15
"MT"	2006	"Fergus"	"14"	124	193	317	87	240	327	99	228	327	116	210	326	1	30	15
"MT"	2006	"Fergus"	"15"	13	47	60	7	53	60	8	52	60	9	48	57	1	30	15
"MT"	2006	"Fergus"	"17"	162	368	530	122	417	539	136	405	541	132	389	521	1	30	15
"MT"	2006	"Flathead"	"14"	288	374	662	218	438	656				288	369	657	1	3	2
"MT"	2006	"Flathead"	"16"	298	306	604	227	395	622				367	236	603	1	3	2
"MT"	2006	"Flathead"	"17"	101	64	165	81	85	166				107	55	162	1	3	2
"MT"	2006	"Flathead"	"17*"	24	34	58	16	42	58				27	33	60	1	3	2
"MT"	2006	"Flathead"	"21"	138	187	325	91	242	333				161	159	320	1	3	2
"MT"	2006	"Flathead"	"21*"	373	447	820	276	533	809				432	354	786	1	3	2
"MT"	2006	"Flathead"	"35"	346	453	799	263	551	814				433	354	787	1	3	2
"MT"	2006	"Flathead"	"20"	449	240	689	375	304	679				494	200	694	1	4	2
"MT"	2006	"Flathead"	"44"	496	570	1066	377	682	1059				522	551	1073	1	4	2
"MT"	2006	"Flathead"	"46"	369	267	636	292	330	622				391	237	628	1	4	2
"MT"	2006	"Flathead"	"47"	592	274	866	497	355	852				627	240	867	1	4	2
"MT"	2006	"Flathead"	"48"	525	385	910	419	488	907				568	349	917	1	4	2
"MT"	2006	"Flathead"	"6"	197	383	580	147	451	598				179	394	573	1	5	3
"MT"	2006	"Flathead"	"7"	426	776	1202	294	919	1213				398	803	1201	1	5	3
"MT"	2006	"Flathead"	"8"	427	778	1205	330	887	1217				381	826	1207	1	5	3
"MT"	2006	"Flathead"	"11"	254	620	874	199	684	883				236	631	867	1	5	3
"MT"	2006	"Flathead"	"19"	238	481	719	180	548	728				232	389	621	1	5	3
"MT"	2006	"Flathead"	"26"	83	197	280	61	225	286				76	150	226	1	6	3
"MT"	2006	"Flathead"	"26*"	14	24	38	11	26	37				13	16	29	1	6	3
"MT"	2006	"Flathead"	"30*"	507	826	1333	379	970	1349				536	710	1246	1	6	3
"MT"	2006	"Flathead"	"36"	468	766	1234	353	893	1246				507	569	1076	1	6	3
"MT"	2006	"Flathead"	"39"	95	135	230	79	150	229				79	108	187	1	6	3
"MT"	2006	"Flathead"	"45"	169	153	322	134	187	321				164	143	307	1	6	3
"MT"	2006	"Flathead"	"49"	374	365	739	310	429	739				364	348	712	1	6	3
"MT"	2006	"Flathead"	"89"	191	365	556	142	419	561				198	261	459	1	6	3
"MT"	2006	"Flathead"	"25"	363	586	949	274	608	882	324	654	978	360	634	994	1	7	4
"MT"	2006	"Flathead"	"41"	662	976	1638	467	1189	1656	545	1099	1644	549	1111	1660	1	7	4
"MT"	2006	"Flathead"	"50"	260	583	843	188	668	856	226	611	837	256	598	854	1	7	4
"MT"	2006	"Flathead"	"1"	227	247	474	170	309	479	207	270	477	219	260	479	1	8	4
"MT"	2006	"Flathead"	"2"	279	276	555	231	340	571	252	314	566	299	272	571	1	8	4
"MT"	2006	"Flathead"	"3"	367	316	683	301	392	693	315	371	686	351	339	690	1	8	4
"MT"	2006	"Flathead"	"4"	372	400	772	294	496	790	344	440	784	383	399	782	1	8	4
"MT"	2006	"Flathead"	"32"	318	302	620	244	371	615	268	354	622	301	320	621	1	8	4
"MT"	2006	"Flathead"	"38"	632	1007	1639	472	1165	1637	629	985	1614	579	1029	1608	1	9	5
"MT"	2006	"Flathead"	"42"	268	407	675	221	456	677	292	383	675	255	411	666	1	9	5
"MT"	2006	"Flathead"	"43"	406	664	1070	329	747	1076	409	668	1077	364	682	1046	1	9	5
"MT"	2006	"Flathead"	"13"	345	608	953	258	696	954	380	578	958	250	707	957	1	10	5
"MT"	2006	"Flathead"	"29"	326	586	912	240	684	924	333	588	921	202	714	916	1	10	5
"MT"	2006	"Flathead"	"33"	247	505	752	183	583	766	255	511	766	174	586	760	1	3	2
"MT"	2006	"Flathead"	"34"	559	928	1487	445	1051	1496	571	916	1487	436	1049	1485	1	10	5
"MT"	2006	"Flathead"	"34*"	244	372	616	188	443	631	262	359	621	186	436	622	1	10	5
"MT"	2006	"Flathead"	"24"	253	551	804	200	619	819				247	572	819	1	11	6
"MT"	2006	"Gallatin"	"20"	651	515	1166	545	618	1163	606	545	1151	607	563	1170	1	63	32
"MT"	2006	"Gallatin"	"21"	234	215	449	201	248	449	231	210	441	222	227	449	1	63	32
"MT"	2006	"Gallatin"	"22"	473	474	947	383	559	942	462	463	925	437	502	939	1	63	32
"MT"	2006	"Gallatin"	"23"	498	478	976	404	565	969	499	473	972	493	491	984	1	63	32
"MT"	2006	"Gallatin"	"24"	252	190	442	206	234	440	247	194	441	222	218	440	1	63	32
"MT"	2006	"Gallatin"	"25"	830	720	1550	692	831	1523	799	704	1503	793	738	1531	1	63	32
"MT"	2006	"Gallatin"	"41"	719	153	872	648	208	856	714	149	863	685	179	864	1	64	32
"MT"	2006	"Gallatin"	"42"	573	239	812	473	325	798	576	228	804	533	274	807	1	64	32
"MT"	2006	"Gallatin"	"43"	311	261	572	242	328	570	298	271	569	264	301	565	1	64	32
"MT"	2006	"Gallatin"	"44"	462	461	923	349	567	916	437	476	913	435	496	931	1	64	32
"MT"	2006	"Gallatin"	"45"	454	362	816	354	450	804	414	381	795	376	428	804	1	64	32
"MT"	2006	"Gallatin"	"46"	130	133	263	95	167	262	130	133	263	120	142	262	1	64	32
"MT"	2006	"Gallatin"	"32"	449	304	753	377	367	744				437	300	737	1	65	33
"MT"	2006	"Gallatin"	"33"	436	134	570	379	172	551				418	132	550	1	65	33
"MT"	2006	"Gallatin"	"34"	591	232	823	480	321	801				554	242	796	1	65	33
"MT"	2006	"Gallatin"	"35"	393	205	598	299	289	588				325	232	557	1	65	33
"MT"	2006	"Gallatin"	"36"	703	163	866	620	235	855				689	166	855	1	66	33
"MT"	2006	"Gallatin"	"37"	536	132	668	464	178	642				513	126	639	1	66	33
"MT"	2006	"Gallatin"	"38"	544	217	761	425	311	736				513	222	735	1	66	33
"MT"	2006	"Gallatin"	"39"	375	285	660	280	380	660				349	303	652	1	66	33
"MT"	2006	"Gallatin"	"40"	408	426	834	309	525	834				379	452	831	1	66	33
"MT"	2006	"Gallatin"	"26"	180	342	522	124	392	516				132	366	498	1	67	34
"MT"	2006	"Gallatin"	"27"	188	245	433	142	291	433				136	260	396	1	67	34
"MT"	2006	"Gallatin"	"28"	428	731	1159	304	869	1173				312	786	1098	1	67	34
"MT"	2006	"Gallatin"	"29"	345	660	1005	238	772	1010				256	714	970	1	67	34
"MT"	2006	"Gallatin"	"30"	222	393	615	159	441	600				154	417	571	1	67	34
"MT"	2006	"Gallatin"	"31"	297	323	620	215	408	623				199	384	583	1	67	34
"MT"	2006	"Gallatin"	"14"	140	303	443	129	311	440				139	303	442	1	68	34
"MT"	2006	"Gallatin"	"15"	24	87	111	20	91	111				27	84	111	1	68	34
"MT"	2006	"Gallatin"	"16"	78	80	158	64	94	158				66	92	158	1	68	34
"MT"	2006	"Gallatin"	"17"	230	401	631	183	450	633				212	422	634	1	68	34
"MT"	2006	"Gallatin"	"18"	313	474	787	204	582	786				290	499	789	1	68	34
"MT"	2006	"Gallatin"	"19"	373	499	872	305	556	861				349	520	869	1	68	34
"MT"	2006	"Gallatin"	"7"	127	214	341	102	246	348	134	208	342	162	189	351	1	69	35
"MT"	2006	"Gallatin"	"8"	311	386	697	235	471	706	310	376	686	348	364	712	1	69	35
"MT"	2006	"Gallatin"	"9"	168	869	1037	137	897	1034	155	858	1013	190	848	1038	1	69	35
"MT"	2006	"Gallatin"	"10"	75	325	400	59	338	397	73	312	385	95	304	399	1	69	35
"MT"	2006	"Gallatin"	"11"	239	402	641	177	462	639	235	402	637	278	367	645	1	69	35
"MT"	2006	"Gallatin"	"12"	466	807	1273	334	953	1287	448	795	1243	483	789	1272	1	69	35
"MT"	2006	"Gallatin"	"13"	227	457	684	178	515	693	221	453	674	235	453	688	1	69	35
"MT"	2006	"Gallatin"	"1"	286	269	555	229	321	550	259	270	529	269	293	562	1	70	35
"MT"	2006	"Gallatin"	"2"	485	265	750	386	342	728	425	302	727	420	329	749	1	70	35
"MT"	2006	"Gallatin"	"3"	368	520	888	294	588	882	341	515	856	419	476	895	1	70	35
"MT"	2006	"Gallatin"	"4"	556	553	1109	455	647	1102	548	525	1073	579	530	1109	1	70	35
"MT"	2006	"Gallatin"	"5"	319	566	885	240	638	878	308	557	865	334	562	896	1	70	35
"MT"	2006	"Gallatin"	"6"	322	447	769	245	534	779	286	449	735	321	440	761	1	70	35
"MT"	2006	"Garfield"	"1"	68	251	319	49	280	329	82	232	314	72	252	324	1	30	15
"MT"	2006	"Garfield"	"5"	5	29	34	2	32	34	3	30	33	5	29	34	1	30	15
"MT"	2006	"Garfield"	"7"	5	63	68	1	66	67	5	60	65	3	64	67	1	30	15
"MT"	2006	"Garfield"	"8"	4	18	22	4	19	23	3	18	21	3	19	22	1	30	15
"MT"	2006	"Garfield"	"13"	2	24	26	2	22	24	3	21	24	4	22	26	1	30	15
"MT"	2006	"Garfield"	"14"	7	46	53	3	52	55	14	38	52	10	46	56	1	30	15
"MT"	2006	"Garfield"	"19"	9	59	68	8	62	70	18	48	66	14	54	68	1	30	15
"MT"	2006	"Glacier"	"8"	284	33	317	276	37	313	291	13	304	306		306	1	15	8
"MT"	2006	"Glacier"	"10"	192	46	238	162	71	233	129	94	223	204		204	1	15	8
"MT"	2006	"Glacier"	"5"	176	344	520	129	390	519	208	194	402				1	16	8
"MT"	2006	"Glacier"	"9"	761	102	863	736	114	850	771	39	810				1	16	8
"MT"	2006	"Glacier"	"11"	55	29	84	51	33	84	54	18	72				1	16	8
"MT"	2006	"Glacier"	"12"	171	23	194	168	27	195	176	10	186				1	16	8
"MT"	2006	"Glacier"	"13"	150	19	169	145	22	167	151	10	161				1	16	8
"MT"	2006	"Glacier"	"14"	5	30	35	3	32	35	11	16	27				1	16	8
"MT"	2006	"Glacier"	"15"	109	71	180	103	69	172	120	34	154				1	16	8
"MT"	2006	"Glacier"	"19"	126	26	152	120	28	148	140	4	144				1	16	8
"MT"	2006	"Glacier"	"21C"	190	22	212	180	27	207	193	8	201				1	16	8
"MT"	2006	"Glacier"	"1"	164	302	466	102	371	473	100	380	480		414	414	1	27	14
"MT"	2006	"Glacier"	"2"	172	213	385	100	277	377	110	269	379		323	323	1	27	14
"MT"	2006	"Glacier"	"3"	130	153	283	99	183	282	89	193	282		229	229	1	27	14
"MT"	2006	"Glacier"	"4"	78	127	205	50	146	196	61	143	204		164	164	1	27	14
"MT"	2006	"Glacier"	"6"	5	32	37	6	32	38	5	36	41		38	38	1	27	14
"MT"	2006	"Golden Valley"	"1"	112	149	261	94	168	262	112	145	257	71	180	251	1	83	42
"MT"	2006	"Golden Valley"	"2"	69	149	218	52	164	216	50	157	207	46	159	205	1	83	42
"MT"	2006	"Granite"	"1"	148	189	337	101	234	335				249		249	1	86	43
"MT"	2006	"Granite"	"2"	207	246	453	158	294	452				347		347	1	86	43
"MT"	2006	"Granite"	"9"	85	185	270	54	205	259				173		173	1	86	43
"MT"	2006	"Granite"	"10"	157	244	401	108	305	413				270		270	1	86	43
"MT"	2006	"Hill"	"14"	87	136	223	61	161	222				133		133	1	32	16
"MT"	2006	"Hill"	"18"	73	27	100	63	39	102				73		73	1	32	16
"MT"	2006	"Hill"	"28"	413	65	478	414	65	479				446		446	1	32	16
"MT"	2006	"Hill"	"1"	157	87	244	115	129	244	170	72	242	159	86	245	1	33	17
"MT"	2006	"Hill"	"2"	174	109	283	143	142	285	179	108	287	173	113	286	1	33	17
"MT"	2006	"Hill"	"3"	177	129	306	123	181	304	184	125	309	185	125	310	1	33	17
"MT"	2006	"Hill"	"4"	223	120	343	148	193	341	237	109	346	218	131	349	1	33	17
"MT"	2006	"Hill"	"5"	70	44	114	54	61	115	72	44	116	77	42	119	1	33	17
"MT"	2006	"Hill"	"6"	100	73	173	75	100	175	113	65	178	111	68	179	1	33	17
"MT"	2006	"Hill"	"9"	242	156	398	184	214	398	250	149	399	236	169	405	1	33	17
"MT"	2006	"Hill"	"13"	155	78	233	118	118	236	154	82	236	161	79	240	1	33	17
"MT"	2006	"Hill"	"15"	239	188	427	173	261	434	259	175	434	245	190	435	1	33	17
"MT"	2006	"Hill"	"19"	61	54	115	33	88	121	73	46	119	61	60	121	1	33	17
"MT"	2006	"Hill"	"20"	71	94	165	47	118	165	92	69	161	74	88	162	1	33	17
"MT"	2006	"Hill"	"21"	62	78	140	45	98	143	76	65	141	69	73	142	1	33	17
"MT"	2006	"Hill"	"22"	93	86	179	57	129	186	93	83	176	81	96	177	1	33	17
"MT"	2006	"Hill"	"23"	40	42	82	15	66	81	39	43	82	40	42	82	1	33	17
"MT"	2006	"Hill"	"7"	231	194	425	172	260	432	250	182	432	381		381	1	34	17
"MT"	2006	"Hill"	"8"	199	168	367	158	216	374	215	165	380	323		323	1	34	17
"MT"	2006	"Hill"	"10"	276	144	420	205	217	422	297	121	418	377		377	1	34	17
"MT"	2006	"Hill"	"16"	211	144	355	148	207	355	221	135	356	315		315	1	34	17
"MT"	2006	"Hill"	"25"	77	115	192	55	137	192	99	90	189	134		134	1	34	17
"MT"	2006	"Jefferson"	"4"	179	221	400	118	288	406				184	229	413	1	71	36
"MT"	2006	"Jefferson"	"6"	273	430	703	190	516	706				254	468	722	1	71	36
"MT"	2006	"Jefferson"	"9"	9	29	38	5	35	40				12	28	40	1	71	36
"MT"	2006	"Jefferson"	"1"	378	374	752	298	455	753	370	391	761	411	363	774	1	77	39
"MT"	2006	"Jefferson"	"2"	124	126	250	95	160	255	111	147	258	126	133	259	1	77	39
"MT"	2006	"Jefferson"	"3"	202	177	379	160	218	378	177	209	386	220	171	391	1	77	39
"MT"	2006	"Jefferson"	"5"	75	117	192	57	132	189	64	126	190	63	132	195	1	77	39
"MT"	2006	"Jefferson"	"7"	227	178	405	186	225	411	190	221	411	239	178	417	1	77	39
"MT"	2006	"Jefferson"	"8"	15	58	73	12	63	75	10	65	75	18	59	77	1	77	39
"MT"	2006	"Jefferson"	"12"	67	43	110	49	59	108	59	52	111	58	55	113	1	77	39
"MT"	2006	"Jefferson"	"15"	27	22	49	16	29	45	24	24	48	33	15	48	1	77	39
"MT"	2006	"Jefferson"	"20"	204	199	403	153	246	399	189	216	405	200	202	402	1	77	39
"MT"	2006	"Jefferson"	"26"	292	348	640	219	430	649	292	346	638	306	350	656	1	77	39
"MT"	2006	"Jefferson"	"27"	349	408	757	252	506	758	334	418	752	330	433	763	1	77	39
"MT"	2006	"Judith Basin"	"1"	34	64	98	22	73	95	33	56	89	54	39	93	1	29	15
"MT"	2006	"Judith Basin"	"2"	51	100	151	38	115	153	51	101	152	86	68	154	1	29	15
"MT"	2006	"Judith Basin"	"3"	168	313	481	107	377	484	147	332	479	256	217	473	1	29	15
"MT"	2006	"Judith Basin"	"4"	124	308	432	76	359	435	114	328	442	170	260	430	1	29	15
"MT"	2006	"Lake"	"13"	206	262	468	157	304	461	218	258	476	195	277	472	1	9	5
"MT"	2006	"Lake"	"14"	238	278	516	183	330	513	256	270	526	221	297	518	1	9	5
"MT"	2006	"Lake"	"15"	33	69	102	26	76	102	38	63	101	35	66	101	1	9	5
"MT"	2006	"Lake"	"16"	244	190	434	205	233	438	270	172	442	229	207	436	1	9	5
"MT"	2006	"Lake"	"1"	152	248	400	129	272	401				135	271	406	1	11	6
"MT"	2006	"Lake"	"2"	294	320	614	230	386	616				252	370	622	1	11	6
"MT"	2006	"Lake"	"3"	471	535	1006	364	659	1023				440	582	1022	1	11	6
"MT"	2006	"Lake"	"4"	244	168	412	196	214	410				199	216	415	1	11	6
"MT"	2006	"Lake"	"5"	282	288	570	197	370	567				247	321	568	1	11	6
"MT"	2006	"Lake"	"6"	368	310	678	286	404	690				316	374	690	1	11	6
"MT"	2006	"Lake"	"7"	228	324	552	161	402	563				218		218	1	12	6
"MT"	2006	"Lake"	"8"	469	525	994	368	657	1025				431		431	1	12	6
"MT"	2006	"Lake"	"9"	205	163	368	170	209	379				194		194	1	12	6
"MT"	2006	"Lake"	"10"	256	277	533	178	377	555				209		209	1	12	6
"MT"	2006	"Lake"	"11"	474	389	863	385	471	856				439		439	1	12	6
"MT"	2006	"Lake"	"12"	158	108	266	137	136	273				152		152	1	12	6
"MT"	2006	"Lake"	"17"	31	70	101	30	77	107	33		33	57		57	1	15	8
"MT"	2006	"Lake"	"18"	109	97	206	82	128	210	111		111	143		143	1	15	8
"MT"	2006	"Lake"	"19"	547	413	960	467	507	974	543		543	726		726	1	15	8
"MT"	2006	"Lake"	"20"	98	78	176	71	118	189	111		111	146		146	1	15	8
"MT"	2006	"Lake"	"21"	12	6	18	11	7	18	13		13	13		13	1	15	8
"MT"	2006	"Lake"	"22"	433	177	610	370	248	618	415		415	543		543	1	15	8
"MT"	2006	"Lewis & Clark"	"44"	203	305	508	148	352	500				188	328	516	1	17	9
"MT"	2006	"Lewis & Clark"	"45"	109	236	345	83	258	341				81	272	353	1	17	9
"MT"	2006	"Lewis & Clark"	"46"	6	19	25	6	20	26				5	21	26	1	17	9
"MT"	2006	"Lewis & Clark"	"5"	264	157	421	223	197	420	254	166	420	253	177	430	1	77	39
"MT"	2006	"Lewis & Clark"	"25"	167	147	314	139	174	313	137	174	311	147	161	308	1	77	39
"MT"	2006	"Lewis & Clark"	"23"	267	200	467	205	262	467	239	206	445	259	181	440	1	78	39
"MT"	2006	"Lewis & Clark"	"23A"	0	0	0	0	0	0	0	0	0	0	0	0	1	17	9
"MT"	2006	"Lewis & Clark"	"24"	95	74	169	76	94	170	96	78	174	102	73	175	1	78	39
"MT"	2006	"Lewis & Clark"	"50"	209	284	493	157	343	500	216	295	511	227	284	511	1	78	39
"MT"	2006	"Lewis & Clark"	"51"	312	311	623	233	406	639	329	316	645	322	322	644	1	78	39
"MT"	2006	"Lewis & Clark"	"52"	300	278	578	220	369	589	303	286	589	315	278	593	1	78	39
"MT"	2006	"Lewis & Clark"	"53"	419	342	761	344	436	780	466	325	791	454	341	795	1	78	39
"MT"	2006	"Lewis & Clark"	"54"	155	185	340	140	203	343	166	180	346	173	171	344	1	78	39
"MT"	2006	"Lewis & Clark"	"17"	104	91	195	87	106	193	125	71	196	108	88	196	1	79	40
"MT"	2006	"Lewis & Clark"	"18"	277	211	488	211	286	497	330	162	492	302	182	484	1	79	40
"MT"	2006	"Lewis & Clark"	"19"	684	384	1068	547	513	1060	780	279	1059	760	293	1053	1	79	40
"MT"	2006	"Lewis & Clark"	"20"	390	206	596	321	278	599	452	146	598	423	173	596	1	79	40
"MT"	2006	"Lewis & Clark"	"21"	252	159	411	202	206	408	310	105	415	287	125	412	1	79	40
"MT"	2006	"Lewis & Clark"	"22"	306	243	549	224	324	548	388	154	542	355	189	544	1	79	40
"MT"	2006	"Lewis & Clark"	"33"	383	418	801	269	546	815	515	304	819	485	332	817	1	79	40
"MT"	2006	"Lewis & Clark"	"34"	173	199	372	125	250	375	215	157	372	201	165	366	1	79	40
"MT"	2006	"Lewis & Clark"	"13"	210	156	366	184	184	368	247	121	368	250	123	373	1	80	40
"MT"	2006	"Lewis & Clark"	"14"	452	179	631	395	239	634	487	141	628	476	157	633	1	80	40
"MT"	2006	"Lewis & Clark"	"15"	527	374	901	386	528	914	608	296	904	566	340	906	1	80	40
"MT"	2006	"Lewis & Clark"	"16"	284	208	492	221	283	504	337	170	507	309	187	496	1	80	40
"MT"	2006	"Lewis & Clark"	"30"	303	284	587	225	372	597	377	218	595	339	252	591	1	80	40
"MT"	2006	"Lewis & Clark"	"31"	288	317	605	214	392	606	386	220	606	322	279	601	1	80	40
"MT"	2006	"Lewis & Clark"	"32"	258	259	517	189	327	516	314	195	509	293	218	511	1	80	40
"MT"	2006	"Lewis & Clark"	"6"	598	168	766	520	240	760				601	160	761	1	81	41
"MT"	2006	"Lewis & Clark"	"7"	544	130	674	479	194	673				530	133	663	1	81	41
"MT"	2006	"Lewis & Clark"	"8"	415	131	546	353	187	540				404	139	543	1	81	41
"MT"	2006	"Lewis & Clark"	"9"	294	71	365	260	100	360				282	77	359	1	81	41
"MT"	2006	"Lewis & Clark"	"10"	262	108	370	222	139	361				277	83	360	1	81	41
"MT"	2006	"Lewis & Clark"	"11"	281	128	409	228	178	406				283	122	405	1	81	41
"MT"	2006	"Lewis & Clark"	"12"	341	254	595	251	353	604				357	233	590	1	81	41
"MT"	2006	"Lewis & Clark"	"29"	61	81	142	49	92	141				65	73	138	1	81	41
"MT"	2006	"Lewis & Clark"	"1"	530	103	633	466	158	624				546	82	628	1	82	41
"MT"	2006	"Lewis & Clark"	"2"	727	397	1124	592	534	1126				850	273	1123	1	82	41
"MT"	2006	"Lewis & Clark"	"3"	116	71	187	102	87	189				145	45	190	1	82	41
"MT"	2006	"Lewis & Clark"	"4"	337	272	609	263	343	606				410	193	603	1	82	41
"MT"	2006	"Lewis & Clark"	"26"	442	406	848	349	491	840				581	270	851	1	82	41
"MT"	2006	"Lewis & Clark"	"27"	53	42	95	50	45	95				62	33	95	1	82	41
"MT"	2006	"Lewis & Clark"	"28"	322	401	723	244	485	729				386	337	723	1	82	41
"MT"	2006	"Lewis & Clark"	"47"	87	57	144	64	82	146	68	77	145	70	67	137	1	83	42
"MT"	2006	"Lewis & Clark"	"48"	325	319	644	249	395	644	243	384	627	265	345	610	1	83	42
"MT"	2006	"Lewis & Clark"	"49"	343	420	763	273	488	761	259	494	753	296	430	726	1	83	42
"MT"	2006	"Lewis & Clark"	"35"	344	351	695	254	457	711	257	441	698	272	417	689	1	84	42
"MT"	2006	"Lewis & Clark"	"36"	238	299	537	174	374	548	170	367	537	177	359	536	1	84	42
"MT"	2006	"Lewis & Clark"	"37"	273	449	722	199	524	723	216	492	708	208	500	708	1	84	42
"MT"	2006	"Lewis & Clark"	"38"	228	290	518	174	359	533	172	359	531	172	351	523	1	84	42
"MT"	2006	"Lewis & Clark"	"39"	177	273	450	137	313	450	137	315	452	156	291	447	1	84	42
"MT"	2006	"Lewis & Clark"	"40"	77	98	175	61	109	170	58	116	174	60	109	169	1	84	42
"MT"	2006	"Lewis & Clark"	"41"	22	35	57	17	42	59	22	35	57	21	35	56	1	84	42
"MT"	2006	"Lewis & Clark"	"42"	62	107	169	46	117	163	52	114	166	52	109	161	1	84	42
"MT"	2006	"Lewis & Clark"	"42A"	0	0	0	0	0	0	0	0	0	0	0	0	1	17	9
"MT"	2006	"Lewis & Clark"	"43"	54	76	130	39	87	126	49	80	129	49	83	132	1	84	42
"MT"	2006	"Liberty"	"1"	104	194	298	50	252	302	94	203	297	118	177	295	1	28	14
"MT"	2006	"Liberty"	"2"	103	146	249	59	165	224	105	144	249	121	126	247	1	28	14
"MT"	2006	"Liberty"	"3"	102	139	241	62	187	249	89	158	247	121	125	246	1	28	14
"MT"	2006	"Liberty"	"4"	92	117	209	48	164	212	68	141	209	106	100	206	1	28	14
"MT"	2006	"Lincoln"	"7"	177	165	342	152	200	352	196	163	359	195	148	343	1	1	1
"MT"	2006	"Lincoln"	"9"	423	425	848	312	531	843	496	386	882	463	364	827	1	1	1
"MT"	2006	"Lincoln"	"12"	369	597	966	274	702	976	496	502	998	431	518	949	1	1	1
"MT"	2006	"Lincoln"	"13"	436	620	1056	309	753	1062	526	567	1093	487	564	1051	1	1	1
"MT"	2006	"Lincoln"	"1"	111	175	286	82	201	283	97	203	300	126	159	285	1	2	1
"MT"	2006	"Lincoln"	"2"	86	147	233	63	163	226	77	171	248	99	129	228	1	2	1
"MT"	2006	"Lincoln"	"3"	472	802	1274	348	913	1261	432	876	1308	542	694	1236	1	2	1
"MT"	2006	"Lincoln"	"4"	98	175	273	71	213	284	100	188	288	139	137	276	1	2	1
"MT"	2006	"Lincoln"	"5"	47	64	111	43	66	109	46	69	115	43	59	102	1	2	1
"MT"	2006	"Lincoln"	"6"	97	89	186	80	98	178	84	104	188	85	83	168	1	2	1
"MT"	2006	"Lincoln"	"8"	283	342	625	244	378	622	307	343	650	270	337	607	1	2	1
"MT"	2006	"Lincoln"	"10"	155	236	391	119	280	399	204	201	405	143	245	388	1	2	1
"MT"	2006	"Lincoln"	"11"	75	204	279	60	230	290	122	166	288	71	205	276	1	2	1
"MT"	2006	"Lincoln"	"14"	31	64	95	25	73	98	45	52	97	25	70	95	1	2	1
"MT"	2006	"Madison"	"1_1"	80	64	144	66	68	134				102	46	148	1	71	36
"MT"	2006	"Madison"	"1_2"	36	116	152	24	126	150				57	98	155	1	71	36
"MT"	2006	"Madison"	"5"	245	474	719	185	543	728				329	414	743	1	71	36
"MT"	2006	"Madison"	"7"	194	386	580	147	440	587				238	357	595	1	71	36
"MT"	2006	"Madison"	"15_1"	43	130	173	27	152	179				38	142	180	1	71	36
"MT"	2006	"Madison"	"15_2"	102	218	320	79	239	318				89	238	327	1	71	36
"MT"	2006	"Madison"	"20"	376	700	1076	275	795	1070				395	698	1093	1	71	36
"MT"	2006	"Madison"	"21"	149	227	376	102	277	379				163	221	384	1	71	36
"MT"	2006	"McCone"	"8"	128	200	328	70	266	336	114	207	321	77	256	333	1	30	15
"MT"	2006	"McCone"	"27"	130	155	285	97	197	294	127	157	284	106	183	289	1	30	15
"MT"	2006	"McCone"	"4"	136	269	405	104	307	411		294	294	130	260	390	1	39	20
"MT"	2006	"Meagher"	"5"	272	552	824	202	630	832	214	576	790	185	622	807	1	83	42
"MT"	2006	"Mineral"	"22"	131	113	244	97	148	245				110	146	256	1	14	7
"MT"	2006	"Mineral"	"24"	99	60	159	67	91	158				51	114	165	1	14	7
"MT"	2006	"Mineral"	"25"	166	182	348	107	242	349				88	265	353	1	14	7
"MT"	2006	"Mineral"	"26"	146	118	264	100	166	266				78	190	268	1	14	7
"MT"	2006	"Mineral"	"27"	47	76	123	37	77	114				41	78	119	1	14	7
"MT"	2006	"Mineral"	"30"	211	233	444	138	308	446				108	343	451	1	14	7
"MT"	2006	"Missoula"	"20"	47	24	71	43	27	70				165	32	197	1	14	7
"MT"	2006	"Missoula"	"34"	123	159	282	86	201	287				106	163	269	1	14	7
"MT"	2006	"Missoula"	"36"	367	453	820	266	558	824				334	445	779	1	14	7
"MT"	2006	"Missoula"	"37"	283	391	674	216	462	678				258	400	658	1	14	7
"MT"	2006	"Missoula"	"38"	59	54	113	47	65	112				32	79	111	1	14	7
"MT"	2006	"Missoula"	"39"	40	30	70	31	40	71				35	29	64	1	14	7
"MT"	2006	"Missoula"	"41"	70	33	103	61	44	105				68	35	103	1	14	7
"MT"	2006	"Missoula"	"1"	21	16	37	19	17	36	21		21	33		33	1	15	8
"MT"	2006	"Missoula"	"6"	25	34	59	22	37	59				28	26	54	1	91	46
"MT"	2006	"Missoula"	"8"	196	197	393	162	233	395				192	207	399	1	91	46
"MT"	2006	"Missoula"	"9"	437	372	809	314	504	818				442	389	831	1	91	46
"MT"	2006	"Missoula"	"10"	45	70	115	36	79	115				50	62	112	1	91	46
"MT"	2006	"Missoula"	"12"	262	249	511	196	313	509				230	0	230	1	91	46
"MT"	2006	"Missoula"	"91"	261	182	443	189	248	437				286	167	453	1	91	46
"MT"	2006	"Missoula"	"100"	551	232	783	454	341	795				583	221	804	1	91	46
"MT"	2006	"Missoula"	"101"	357	236	593	271	321	592				367	231	598	1	91	46
"MT"	2006	"Missoula"	"2"	107	138	245	94	157	251				108	145	253	1	92	46
"MT"	2006	"Missoula"	"3"	146	164	310	110	202	312				112	198	310	1	92	46
"MT"	2006	"Missoula"	"4"	274	335	609	204	406	610				214	386	600	1	92	46
"MT"	2006	"Missoula"	"5"	17	14	31	13	17	30				12	16	28	1	92	46
"MT"	2006	"Missoula"	"7"	21	21	42	17	24	41				19	22	41	1	92	46
"MT"	2006	"Missoula"	"71"	63	40	103	55	53	108				63	42	105	1	92	46
"MT"	2006	"Missoula"	"94"	239	48	287	215	68	283				204	65	269	1	92	46
"MT"	2006	"Missoula"	"95"	456	49	505	411	80	491				386	92	478	1	92	46
"MT"	2006	"Missoula"	"96"	498	145	643	432	208	640				445	188	633	1	92	46
"MT"	2006	"Missoula"	"97"	578	180	758	511	249	760				509	224	733	1	92	46
"MT"	2006	"Missoula"	"98"	584	254	838	492	342	834				508	314	822	1	92	46
"MT"	2006	"Missoula"	"99"	481	256	737	403	327	730				419	293	712	1	92	46
"MT"	2006	"Missoula"	"11"	85	49	134	70	62	132				71	326	397	1	93	47
"MT"	2006	"Missoula"	"43"	434	448	882	307	579	886				348	524	872	1	93	47
"MT"	2006	"Missoula"	"55"	504	358	862	393	458	851				420	432	852	1	93	47
"MT"	2006	"Missoula"	"56"	168	61	229	147	77	224				155	77	232	1	93	47
"MT"	2006	"Missoula"	"76"	548	95	643	451	158	609				443	150	593	1	93	47
"MT"	2006	"Missoula"	"77"	604	103	707	537	155	692				535	149	684	1	93	47
"MT"	2006	"Missoula"	"82"	606	129	735	542	188	730				549	170	719	1	93	47
"MT"	2006	"Missoula"	"83"	629	126	755	536	212	748				546	188	734	1	93	47
"MT"	2006	"Missoula"	"47"	78	69	147	66	89	155				62	90	152	1	94	47
"MT"	2006	"Missoula"	"48"	349	235	584	268	311	579				260	296	556	1	94	47
"MT"	2006	"Missoula"	"87"	218	166	384	157	230	387				182	198	380	1	94	47
"MT"	2006	"Missoula"	"53"	460	273	733	344	383	727				360	348	708	1	94	47
"MT"	2006	"Missoula"	"54"	369	152	521	298	221	519				288	217	505	1	94	47
"MT"	2006	"Missoula"	"58"	292	119	411	230	178	408				235	154	389	1	94	47
"MT"	2006	"Missoula"	"81"	768	129	897	688	183	871				678	173	851	1	94	47
"MT"	2006	"Missoula"	"84"	365	160	525	296	229	525				307	210	517	1	94	47
"MT"	2006	"Missoula"	"85"	390	98	488	334	158	492				339	140	479	1	94	47
"MT"	2006	"Missoula"	"46"	87	69	156	70	85	155	79	66	145	73	75	148	1	95	48
"MT"	2006	"Missoula"	"49"	535	276	811	424	378	802	501	278	779	462	330	792	1	95	48
"MT"	2006	"Missoula"	"50"	332	197	529	254	275	529	320	184	504	274	233	507	1	95	48
"MT"	2006	"Missoula"	"51"	206	161	367	147	221	368	193	147	340	169	183	352	1	95	48
"MT"	2006	"Missoula"	"52"	221	124	345	166	178	344	207	112	319	183	148	331	1	95	48
"MT"	2006	"Missoula"	"57"	400	248	648	311	337	648	382	239	621	317	312	629	1	95	48
"MT"	2006	"Missoula"	"59"	416	178	594	313	275	588	389	179	568	336	232	568	1	95	48
"MT"	2006	"Missoula"	"63"	61	19	80	50	31	81	67	13	80	59	22	81	1	95	48
"MT"	2006	"Missoula"	"78"	709	108	817	627	167	794	663	118	781	635	142	777	1	95	48
"MT"	2006	"Missoula"	"21"	173	146	319	136	183	319	172	137	309	138	155	293	1	96	48
"MT"	2006	"Missoula"	"44"	129	145	274	90	176	266	115	142	257	92	155	247	1	96	48
"MT"	2006	"Missoula"	"45"	66	78	144	48	100	148	61	81	142	54	84	138	1	96	48
"MT"	2006	"Missoula"	"67"	361	354	715	261	471	732	364	321	685	275	395	670	1	96	48
"MT"	2006	"Missoula"	"60"	229	79	308	171	135	306	224	79	303	173	92	265	1	96	48
"MT"	2006	"Missoula"	"61"	379	180	559	305	256	561	386	154	540	314	190	504	1	96	48
"MT"	2006	"Missoula"	"62"	268	98	366	204	156	360	267	93	360	219	113	332	1	96	48
"MT"	2006	"Missoula"	"79"	387	74	461	334	109	443	367	68	435	334	81	415	1	96	48
"MT"	2006	"Missoula"	"80"	535	142	677	437	223	660	496	152	648	445	174	619	1	96	48
"MT"	2006	"Missoula"	"22"	246	256	502	173	334	507	249	220	469	241	234	475	1	97	49
"MT"	2006	"Missoula"	"23"	330	225	555	259	301	560	326	205	531	325	209	534	1	97	49
"MT"	2006	"Missoula"	"64"	488	159	647	380	250	630	429	154	583	450	162	612	1	97	49
"MT"	2006	"Missoula"	"65"	199	114	313	163	148	311	185	105	290	194	106	300	1	97	49
"MT"	2006	"Missoula"	"66"	677	105	782	597	165	762	603	93	696	640	97	737	1	97	49
"MT"	2006	"Missoula"	"68"	238	126	364	183	167	350	207	116	323	222	120	342	1	97	49
"MT"	2006	"Missoula"	"70"	372	275	647	284	363	647	366	253	619	373	261	634	1	97	49
"MT"	2006	"Missoula"	"75"	571	51	622	525	77	602	514	39	553	537	43	580	1	97	49
"MT"	2006	"Missoula"	"24"	370	307	677	264	422	686	334	301	635	347	341	688	1	98	49
"MT"	2006	"Missoula"	"26"	231	186	417	157	265	422	198	182	380	191	229	420	1	98	49
"MT"	2006	"Missoula"	"27"	432	237	669	346	329	675	389	234	623	370	284	654	1	98	49
"MT"	2006	"Missoula"	"29"	298	119	417	235	180	415	265	120	385	257	151	408	1	98	49
"MT"	2006	"Missoula"	"32"	194	181	375	135	239	374	180	173	353	187	184	371	1	98	49
"MT"	2006	"Missoula"	"69"	281	135	416	209	199	408	240	142	382	233	177	410	1	98	49
"MT"	2006	"Missoula"	"72"	394	188	582	296	281	577	334	194	528	332	231	563	1	98	49
"MT"	2006	"Missoula"	"73"	47	18	65	37	25	62	42	19	61	42	22	64	1	98	49
"MT"	2006	"Missoula"	"74"	23	11	34	17	15	32	19	6	25	21	9	30	1	98	49
"MT"	2006	"Missoula"	"86"	34	29	63	26	39	65	30	30	60	36	33	69	1	98	49
"MT"	2006	"Missoula"	"89"	528	106	634	451	164	615	466	93	559	481	133	614	1	98	49
"MT"	2006	"Missoula"	"28"	786	562	1348	597	737	1334				731	570	1301	1	99	50
"MT"	2006	"Missoula"	"30"	232	207	439	203	241	444				224	202	426	1	99	50
"MT"	2006	"Missoula"	"33"	124	125	249	84	168	252				96	145	241	1	99	50
"MT"	2006	"Missoula"	"40"	24	18	42	17	24	41				26	16	42	1	99	50
"MT"	2006	"Missoula"	"42"	96	54	150	84	67	151				92	52	144	1	99	50
"MT"	2006	"Missoula"	"88"	693	79	772	619	120	739				625	88	713	1	99	50
"MT"	2006	"Missoula"	"90"	482	55	537	436	89	525				460	65	525	1	99	50
"MT"	2006	"Missoula"	"92"	474	48	522	423	81	504				455	55	510	1	99	50
"MT"	2006	"Missoula"	"93"	398	87	485	337	140	477				377	101	478	1	99	50
"MT"	2006	"Missoula"	"13"	314	287	601	234	379	613				292	308	600	1	100	50
"MT"	2006	"Missoula"	"14"	291	250	541	216	333	549				270	270	540	1	100	50
"MT"	2006	"Missoula"	"15"	295	363	658	228	432	660				279	381	660	1	100	50
"MT"	2006	"Missoula"	"16"	110	87	197	82	111	193				121	74	195	1	100	50
"MT"	2006	"Missoula"	"17"	86	74	160	70	89	159				72	85	157	1	100	50
"MT"	2006	"Missoula"	"18"	351	325	676	292	390	682				308	363	671	1	100	50
"MT"	2006	"Missoula"	"19"	105	109	214	84	124	208				95	120	215	1	100	50
"MT"	2006	"Missoula"	"25"	147	196	343	112	236	348				0	218	218	1	100	50
"MT"	2006	"Missoula"	"31"	23	11	34	12	20	32				16	17	33	1	100	50
"MT"	2006	"Missoula"	"35"	116	155	271	72	198	270				88	174	262	1	100	50
"MT"	2006	"Musselshell"	"1"	144	251	395	127	283	410	96	322	418	92	328	420	1	45	23
"MT"	2006	"Musselshell"	"3"	137	216	353	105	256	361	101	259	360	90	271	361	1	45	23
"MT"	2006	"Musselshell"	"5"	128	344	472	95	386	481	110	379	489	102	380	482	1	45	23
"MT"	2006	"Musselshell"	"6"	218	422	640	183	471	654	162	503	665	167	491	658	1	45	23
"MT"	2006	"Musselshell"	"7"	23	90	113	22	96	118	14	104	118	15	102	117	1	45	23
"MT"	2006	"Musselshell"	"8"	20	59	79	21	62	83	20	63	83	15	67	82	1	45	23
"MT"	2006	"Park"	"5-A"	222	353	575	180	393	573	185	394	579	188	399	587	1	61	31
"MT"	2006	"Park"	"5-B"	384	314	698	331	371	702	363	337	700	352	342	694	1	61	31
"MT"	2006	"Park"	"5-C"	29	29	58	27	31	58	32	26	58	31	25	56	1	61	31
"MT"	2006	"Park"	"5-D"	164	189	353	139	214	353	136	216	352	129	223	352	1	61	31
"MT"	2006	"Park"	"6-A"	71	87	158	56	104	160	56	104	160	62	94	156	1	61	31
"MT"	2006	"Park"	"6-B"	195	278	473	165	307	472	180	292	472	161	313	474	1	61	31
"MT"	2006	"Park"	"7-A"	30	59	89	29	63	92	30	59	89	32	59	91	1	61	31
"MT"	2006	"Park"	"7-B"	7	24	31	5	30	35	7	25	32	5	27	32	1	61	31
"MT"	2006	"Park"	"7-C"	92	192	284	75	210	285	72	215	287	77	207	284	1	61	31
"MT"	2006	"Park"	"7-D"	207	304	511	167	350	517	169	344	513	164	344	508	1	61	31
"MT"	2006	"Park"	"1"	466	205	671	397	285	682	401	278	679	424	283	707	1	62	31
"MT"	2006	"Park"	"2"	419	229	648	360	288	648	367	270	637	401	262	663	1	62	31
"MT"	2006	"Park"	"2-B"	437	433	870	333	540	873	343	525	868	401	483	884	1	61	31
"MT"	2006	"Park"	"3"	550	467	1017	460	564	1024	453	561	1014	503	531	1034	1	62	31
"MT"	2006	"Park"	"4"	471	291	762	383	387	770	395	366	761	434	347	781	1	62	31
"MT"	2006	"Petroleum"	"1"	74	180	254	45	215	260	78	187	265	133	128	261	1	30	15
"MT"	2006	"Phillips"	"2-S"	15	34	49	13	36	49				25		25	1	32	16
"MT"	2006	"Phillips"	"5"	20	51	71	17	56	73				37		37	1	32	16
"MT"	2006	"Phillips"	"6"	3	27	30	3	26	29				9		9	1	32	16
"MT"	2006	"Phillips"	"8-S"	3	8	11	1	8	9				9		9	1	32	16
"MT"	2006	"Phillips"	"11"	7	36	43	5	39	44				10		10	1	32	16
"MT"	2006	"Phillips"	"12-S"	68	220	288	39	251	290				125		125	1	32	16
"MT"	2006	"Phillips"	"2-N"	26	40	66	17	48	65					49	49	1	32	16
"MT"	2006	"Phillips"	"7"	5	56	61	4	56	60					59	59	1	35	18
"MT"	2006	"Phillips"	"8-N"	74	141	215	46	172	218					188	188	1	32	16
"MT"	2006	"Phillips"	"9_1"	139	201	340	91	256	347					295	295	1	35	18
"MT"	2006	"Phillips"	"9_2"	156	391	547	113	431	544					453	453	1	35	18
"MT"	2006	"Phillips"	"12-N"	43	102	145	29	115	144					118	118	1	32	16
"MT"	2006	"Phillips"	"16"	20	59	79	10	66	76					63	63	1	35	18
"MT"	2006	"Pondera"	"20"	185	19	204	178	28	206	183		183	189		189	1	15	8
"MT"	2006	"Pondera"	"19"	86	91	177	62	118	180	63	119	182		145	145	1	27	14
"MT"	2006	"Pondera"	"23"	33	77	110	19	94	113	17	97	114		100	100	1	27	14
"MT"	2006	"Pondera"	"24"	243	390	633	175	464	639	165	471	636		524	524	1	27	14
"MT"	2006	"Pondera"	"27"	220	289	509	159	354	513	142	365	507		430	430	1	27	14
"MT"	2006	"Pondera"	"28"	159	349	508	115	395	510	102	398	500		437	437	1	27	14
"MT"	2006	"Pondera"	"34"	76	149	225	60	166	226	50	172	222		188	188	1	27	14
"MT"	2006	"Pondera"	"35"	79	138	217	56	163	219	68	146	214		170	170	1	27	14
"MT"	2006	"Powder River"	"1"	3	13	16	1	15	16		16	16	1	13	14	1	39	20
"MT"	2006	"Powder River"	"3"	13	26	39	11	29	40		30	30	12	24	36	1	39	20
"MT"	2006	"Powder River"	"7"	10	13	23	3	20	23		16	16	5	18	23	1	39	20
"MT"	2006	"Powder River"	"9"	16	53	69	8	60	68		54	54	20	51	71	1	39	20
"MT"	2006	"Powder River"	"11"	26	137	163	12	152	164		145	145	26	138	164	1	39	20
"MT"	2006	"Powder River"	"12"	139	375	514	101	418	519		416	416	112	406	518	1	39	20
"MT"	2006	"Powder River"	"4"	12	33	45	8	36	44				13	30	43	1	41	21
"MT"	2006	"Powder River"	"5"	29	84	113	18	96	114				25	91	116	1	41	21
"MT"	2006	"Powell"	"12"	2	2	4	3	1	4	0	0	0	3	1	4	1	17	9
"MT"	2006	"Powell"	"14"	53	52	105	37	97	134	0	0	0	57	77	134	1	17	9
"MT"	2006	"Powell"	"1"	32	97	129	24	104	128	19	102	121	20	102	122	1	84	42
"MT"	2006	"Powell"	"3"	64	156	220	50	168	218	46	171	217	117	165	282	1	84	42
"MT"	2006	"Powell"	"8"	78	88	166	72	98	170	53	113	166	55	111	166	1	84	42
"MT"	2006	"Powell"	"10"	21	44	65	15	49	64	15	48	63	18	44	62	1	84	42
"MT"	2006	"Powell"	"11"	24	52	76	14	62	76	14	57	71	15	53	68	1	84	42
"MT"	2006	"Powell"	"12"	35	88	123	28	100	128	28	98	126	28	99	127	1	84	42
"MT"	2006	"Powell"	"14"	16	48	64	12	22	34	13	18	31	12	19	31	1	84	42
"MT"	2006	"Powell"	"16"	31	20	51	21	30	51	19	28	47	21	27	48	1	84	42
"MT"	2006	"Powell"	"3"	71	91	162	45	122	167				52		52	1	85	43
"MT"	2006	"Powell"	"4"	119	167	286	87	205	292				246		246	1	85	43
"MT"	2006	"Powell"	"5"	158	171	329	106	224	330				260		260	1	85	43
"MT"	2006	"Powell"	"6"	176	162	338	120	224	344				277		277	1	85	43
"MT"	2006	"Powell"	"7"	147	164	311	105	216	321				267		267	1	85	43
"MT"	2006	"Powell"	"16"	25	52	77	15	67	82				62		62	1	85	43
"MT"	2006	"Prairie"	"1"	72	109	181	53	130	183		128	128	61	117	178	1	39	20
"MT"	2006	"Prairie"	"2"	61	99	160	35	126	161		124	124	58	100	158	1	39	20
"MT"	2006	"Prairie"	"3"	48	100	148	35	111	146		112	112	39	105	144	1	39	20
"MT"	2006	"Prairie"	"4"	32	148	180	19	164	183		154	154	25	150	175	1	39	20
"MT"	2006	"Ravalli"	"1"	46	82	128	33	94	127	31	97	128	36	86	122	1	87	44
"MT"	2006	"Ravalli"	"2"	190	288	478	156	331	487	166	326	492	162	315	477	1	87	44
"MT"	2006	"Ravalli"	"3"	212	466	678	153	524	677	180	501	681	176	480	656	1	87	44
"MT"	2006	"Ravalli"	"4"	106	133	239	87	152	239	96	148	244	98	139	237	1	87	44
"MT"	2006	"Ravalli"	"5"	126	248	374	94	288	382	114	270	384	106	258	364	1	87	44
"MT"	2006	"Ravalli"	"6"	653	890	1543	499	1052	1551	565	987	1552	566	932	1498	1	87	44
"MT"	2006	"Ravalli"	"10"	265	382	647	196	455	651	221	429	650	214	409	623	1	87	44
"MT"	2006	"Ravalli"	"13"	16	216	232	7	231	238	5	233	238	3	223	226	1	87	44
"MT"	2006	"Ravalli"	"14"	155	219	374	119	252	371	154	224	378	130	228	358	1	87	44
"MT"	2006	"Ravalli"	"7"	636	623	1259	481	802	1283	551	716	1267	563	709	1272	1	88	44
"MT"	2006	"Ravalli"	"8"	317	360	677	234	451	685	280	412	692	291	402	693	1	88	44
"MT"	2006	"Ravalli"	"9"	931	715	1646	771	885	1656	828	830	1658	870	792	1662	1	88	44
"MT"	2006	"Ravalli"	"11"	190	310	500	129	387	516	158	354	512	169	347	516	1	88	44
"MT"	2006	"Ravalli"	"12"	707	1154	1861	534	1353	1887				496	1299	1795	1	89	45
"MT"	2006	"Ravalli"	"15"	512	723	1235	399	836	1235				360	829	1189	1	89	45
"MT"	2006	"Ravalli"	"16"	508	803	1311	390	927	1317				390	876	1266	1	89	45
"MT"	2006	"Ravalli"	"19"	181	243	424	130	292	422				138	256	394	1	89	45
"MT"	2006	"Ravalli"	"17"	423	495	918	331	586	917				355	551	906	1	90	45
"MT"	2006	"Ravalli"	"18"	386	326	712	283	441	724				313	395	708	1	90	45
"MT"	2006	"Ravalli"	"20"	466	512	978	374	606	980				416	557	973	1	90	45
"MT"	2006	"Ravalli"	"21"	524	642	1166	379	790	1169				454	711	1165	1	90	45
"MT"	2006	"Ravalli"	"22"	330	342	672	269	410	679				302	383	685	1	90	45
"MT"	2006	"Richland"	"7a"	52	44	96	41	54	95				57	36	93	1	36	18
"MT"	2006	"Richland"	"12a"	5	20	25	3	23	26				7	18	25	1	36	18
"MT"	2006	"Richland"	"17"	33	62	95	24	75	99				50	46	96	1	36	18
"MT"	2006	"Richland"	"19"	44	90	134	22	112	134				56	72	128	1	36	18
"MT"	2006	"Richland"	"1"	69	130	199	57	140	197					165	165	1	37	19
"MT"	2006	"Richland"	"2"	112	179	291	83	209	292					258	258	1	37	19
"MT"	2006	"Richland"	"3"	156	187	343	118	229	347					287	287	1	37	19
"MT"	2006	"Richland"	"4"	93	160	253	64	191	255					230	230	1	37	19
"MT"	2006	"Richland"	"5"	110	157	267	77	195	272					211	211	1	37	19
"MT"	2006	"Richland"	"7b"	40	49	89	30	59	89					75	75	1	37	19
"MT"	2006	"Richland"	"8"	179	369	548	113	449	562					497	497	1	37	19
"MT"	2006	"Richland"	"9"	63	138	201	50	154	204					185	185	1	37	19
"MT"	2006	"Richland"	"12b"	148	218	366	106	266	372					312	312	1	37	19
"MT"	2006	"Richland"	"22"	109	250	359	82	276	358					238	238	1	37	19
"MT"	2006	"Richland"	"23"	146	335	481	119	368	487					444	444	1	37	19
"MT"	2006	"Roosevelt"	"15"	185	36	221	154	54	208				185		185	1	31	16
"MT"	2006	"Roosevelt"	"16"	173	48	221	156	58	214				194		194	1	31	16
"MT"	2006	"Roosevelt"	"18"	495	238	733	480	232	712				639		639	1	31	16
"MT"	2006	"Roosevelt"	"22"	73	83	156	61	94	155				118		118	1	31	16
"MT"	2006	"Roosevelt"	"24"	310	127	437	273	166	439				370		370	1	31	16
"MT"	2006	"Roosevelt"	"26"	265	298	563	205	344	549				400		400	1	31	16
"MT"	2006	"Roosevelt"	"27"	261	88	349	227	102	329				296		296	1	31	16
"MT"	2006	"Roosevelt"	"2"	63	104	167	55	112	167				76	87	163	1	36	18
"MT"	2006	"Roosevelt"	"10"	87	102	189	75	111	186				117	68	185	1	36	18
"MT"	2006	"Roosevelt"	"12"	183	258	441	126	312	438				251	184	435	1	36	18
"MT"	2006	"Roosevelt"	"17"	40	67	107	21	85	106				45	60	105	1	36	18
"MT"	2006	"Roosevelt"	"20"	28	29	57	20	33	53				27	29	56	1	36	18
"MT"	2006	"Roosevelt"	"28"	55	103	158	48	109	157				60	98	158	1	36	18
"MT"	2006	"Rosebud"	"7"	17	40	57	14	44	58				30	27	57	1	41	21
"MT"	2006	"Rosebud"	"15"	487	61	548	441	100	541				490	61	551	1	41	21
"MT"	2006	"Rosebud"	"17"	196	92	288	174	115	289				198	103	301	1	41	21
"MT"	2006	"Rosebud"	"30"	29	26	55	28	30	58				30	26	56	1	41	21
"MT"	2006	"Rosebud"	"3"	206	212	418	192	237	429				202	204	406	1	43	22
"MT"	2006	"Rosebud"	"6"	244	152	396	227	182	409				202	182	384	1	43	22
"MT"	2006	"Rosebud"	"11"	22	50	72	15	58	73				21	51	72	1	43	22
"MT"	2006	"Rosebud"	"21"	41	69	110	33	78	111				37	69	106	1	43	22
"MT"	2006	"Rosebud"	"32"	545	427	972	535	470	1005				374	626	1000	1	43	22
"MT"	2006	"Rosebud"	"10"	46	101	147	42	111	153	46	96	142	42	97	139	1	45	23
"MT"	2006	"Rosebud"	"20"	61	146	207	52	152	204	60	138	198	48	144	192	1	45	23
"MT"	2006	"Rosebud"	"26"	13	56	69	9	61	70	4	61	65	8	60	68	1	45	23
"MT"	2006	"Sanders"	"1"	105	121	226	98	126	224				98	125	223	1	13	7
"MT"	2006	"Sanders"	"2"	129	171	300	108	187	295				128	169	297	1	13	7
"MT"	2006	"Sanders"	"3"	203	307	510	160	348	508				205	316	521	1	13	7
"MT"	2006	"Sanders"	"4"	52	86	138	41	94	135				56	86	142	1	13	7
"MT"	2006	"Sanders"	"5"	667	757	1424	466	965	1431				571	890	1461	1	13	7
"MT"	2006	"Sanders"	"6"	550	723	1273	351	935	1286				591	669	1260	1	13	7
"MT"	2006	"Sanders"	"7"	274	215	489	189	310	499				213	198	411	1	13	7
"MT"	2006	"Sanders"	"8"	0	0	0	0	0	0				6	9	15	1	13	7
"MT"	2006	"Sanders"	"8"	73	100	173	54	117	171				53	104	157	1	14	7
"MT"	2006	"Sanders"	"9"	22	34	56	14	44	58				21	29	50	1	14	7
"MT"	2006	"Sanders"	"10"	93	67	160	91	72	163				97	64	161	1	14	7
"MT"	2006	"Sheridan"	"1"	106	83	189	63	132	195				113	79	192	1	36	18
"MT"	2006	"Sheridan"	"2"	209	186	395	154	246	400				232	167	399	1	36	18
"MT"	2006	"Sheridan"	"3"	205	169	374	156	222	378				218	163	381	1	36	18
"MT"	2006	"Sheridan"	"4"	262	249	511	199	305	504				298	209	507	1	36	18
"MT"	2006	"Sheridan"	"5"	105	120	225	79	151	230				127	105	232	1	36	18
"MT"	2006	"Sheridan"	"6"	102	80	182	74	111	185				115	67	182	1	36	18
"MT"	2006	"Silver Bow"	"16E&W"	484	195	679	400	276	676				550		550	1	73	37
"MT"	2006	"Silver Bow"	"19N&S"	324	123	447	250	197	447				344		344	1	73	37
"MT"	2006	"Silver Bow"	"22C"	385	136	521	324	205	529				415		415	1	73	37
"MT"	2006	"Silver Bow"	"23N&S"	383	123	506	302	212	514				421		421	1	73	37
"MT"	2006	"Silver Bow"	"24N&S"	517	187	704	429	273	702				568		568	1	73	37
"MT"	2006	"Silver Bow"	"26E&W"	89	69	158	77	81	158				117		117	1	73	37
"MT"	2006	"Silver Bow"	"27S"	200	117	317	160	163	323				249		249	1	73	37
"MT"	2006	"Silver Bow"	"28C"	47	47	94	30	64	94				64		64	1	73	37
"MT"	2006	"Silver Bow"	"29C"	24	29	53	18	35	53				38		38	1	73	37
"MT"	2006	"Silver Bow"	"5C"	445	183	628	363	277	640				543		543	1	74	37
"MT"	2006	"Silver Bow"	"6C"	396	171	567	321	251	572				474		474	1	74	37
"MT"	2006	"Silver Bow"	"7N&S"	363	236	599	294	311	605				489		489	1	74	37
"MT"	2006	"Silver Bow"	"8E&W"	638	520	1158	535	626	1161				864		864	1	74	37
"MT"	2006	"Silver Bow"	"9E&W"	528	449	977	439	549	988				735		735	1	74	37
"MT"	2006	"Silver Bow"	"20N&S"	242	127	369	210	168	378				287		287	1	74	37
"MT"	2006	"Silver Bow"	"1C"	381	112	493	333	164	497				438		438	1	75	38
"MT"	2006	"Silver Bow"	"2C"	463	211	674	401	284	685				562		562	1	75	38
"MT"	2006	"Silver Bow"	"3C"	481	230	711	409	312	721				592		592	1	75	38
"MT"	2006	"Silver Bow"	"4C"	404	213	617	327	289	616				517		517	1	75	38
"MT"	2006	"Silver Bow"	"9N"	161	141	302	145	154	299				235		235	1	75	38
"MT"	2006	"Silver Bow"	"18C"	254	69	323	227	98	325				279		279	1	75	38
"MT"	2006	"Silver Bow"	"21N"	323	106	429	283	153	436				383		383	1	73	37
"MT"	2006	"Silver Bow"	"10E N&S"	230	54	284	196	89	285				252	35	287	1	73	37
"MT"	2006	"Silver Bow"	"11C"	331	109	440	292	151	443				360	73	433	1	73	37
"MT"	2006	"Silver Bow"	"12C"	229	42	271	211	68	279				245	26	271	1	76	38
"MT"	2006	"Silver Bow"	"13N&S"	317	115	432	275	148	423				356	68	424	1	76	38
"MT"	2006	"Silver Bow"	"14C"	275	65	340	246	99	345				290	52	342	1	76	38
"MT"	2006	"Silver Bow"	"15N&S"	367	130	497	305	184	489				393	91	484	1	76	38
"MT"	2006	"Silver Bow"	"17C"	247	94	341	214	130	344				268	74	342	1	73	37
"MT"	2006	"Silver Bow"	"25C"	52	29	81	43	35	78				51	28	79	1	76	38
"MT"	2006	"Silver Bow"	"27N"	24	30	54	17	37	54				26	29	55	1	76	38
"MT"	2006	"Still Water"	"1"	596	859	1455	440	1048	1488	440	1020	1460		1182	1182	1	60	30
"MT"	2006	"Still Water"	"2"	420	515	935	337	619	956	288	677	965		768	768	1	60	30
"MT"	2006	"Still Water"	"4"	53	109	162	42	127	169	39	126	165		145	145	1	60	30
"MT"	2006	"Still Water"	"7"	26	72	98	19	80	99	15	82	97		80	80	1	60	30
"MT"	2006	"Still Water"	"9"	39	94	133	33	108	141	35	105	140		111	111	1	60	30
"MT"	2006	"Still Water"	"10"	70	80	150	53	99	152	53	97	150		131	131	1	60	30
"MT"	2006	"Still Water"	"11"	76	96	172	58	117	175	67	110	177		140	140	1	60	30
"MT"	2006	"Still Water"	"13"	276	437	713	214	514	728	238	499	737		608	608	1	60	30
"MT"	2006	"Sweet Grass"	"5"	99	249	348	73	279	352	70	281	351		305	305	1	60	30
"MT"	2006	"Sweet Grass"	"1"	135	219	354	112	251	363	100	251	351	168	186	354	1	61	31
"MT"	2006	"Sweet Grass"	"2"	146	217	363	112	265	377	107	268	375	180	193	373	1	61	31
"MT"	2006	"Sweet Grass"	"3"	119	278	397	86	319	405	79	319	398	127	269	396	1	61	31
"MT"	2006	"Sweet Grass"	"4"	66	161	227	50	191	241	60	181	241	68	171	239	1	61	31
"MT"	2006	"Teton"	"1"	572	732	1304	393	904	1297				427	895	1322	1	17	9
"MT"	2006	"Teton"	"6"	136	167	303	95	211	306				111	185	296	1	17	9
"MT"	2006	"Teton"	"7"	367	545	912	264	638	902				309	585	894	1	17	9
"MT"	2006	"Teton"	"11"	56	109	165	38	128	166				40	127	167	1	17	9
"MT"	2006	"Teton"	"17"	125	207	332	90	247	337				100	223	323	1	17	9
"MT"	2006	"Toole"	"KE1"	27	37	64	20	43	63	31	17	48	48		48	1	16	8
"MT"	2006	"Toole"	"KE3"	16	44	60	6	58	64	20	29	49	33		33	1	16	8
"MT"	2006	"Toole"	"SU1"	78	92	170	47	122	169	88	35	123	118		118	1	16	8
"MT"	2006	"Toole"	"SU3"	19	41	60	15	47	62	33	19	52	48		48	1	16	8
"MT"	2006	"Toole"	"DG4"	28	28	56	17	40	57	8	48	56		41	41	1	27	14
"MT"	2006	"Toole"	"SH6"	39	65	104	28	74	102	23	82	105		77	77	1	27	14
"MT"	2006	"Toole"	"SH1"	443	675	1118	320	838	1158	274	896	1170	347	821	1168	1	28	14
"MT"	2006	"Toole"	"DG4"	42	72	114	25	86	111	35	77	112	33	81	114	1	28	14
"MT"	2006	"Toole"	"SH6"	17	43	60	15	47	62	12	51	63	12	50	62	1	28	14
"MT"	2006	"Toole"	"SU3"	50	98	148	35	118	153	39	113	152	36	117	153	1	28	14
"MT"	2006	"Treasure"	"3"	12	27	39	14	26	40				6	29	35	1	43	22
"MT"	2006	"Treasure"	"4"	144	205	349	151	207	358				137	192	329	1	43	22
"MT"	2006	"Treasure"	"6"	6	28	34	8	25	33				7	25	32	1	43	22
"MT"	2006	"Valley"	"5"	166	142	308	124	187	311				231		231	1	31	16
"MT"	2006	"Valley"	"11"	110	19	129	93	35	128				114		114	1	35	18
"MT"	2006	"Valley"	"7"	124	242	366	85	278	363				221		221	1	32	16
"MT"	2006	"Valley"	"1"	265	361	626	191	433	624					452	452	1	35	18
"MT"	2006	"Valley"	"2"	176	180	356	130	229	359					246	246	1	35	18
"MT"	2006	"Valley"	"3"	248	239	487	181	307	488					356	356	1	35	18
"MT"	2006	"Valley"	"4"	130	132	262	96	168	264					176	176	1	35	18
"MT"	2006	"Valley"	"6"	190	329	519	139	385	524					399	399	1	35	18
"MT"	2006	"Valley"	"8"	60	112	172	51	127	178					147	147	1	35	18
"MT"	2006	"Valley"	"9"	81	137	218	56	167	223					141	141	1	35	18
"MT"	2006	"Valley"	"10"	10	94	104	4	100	104					76	76	1	35	18
"MT"	2006	"Wheatland"	"1"	24	45	69	16	52	68	15	51	66	14	53	67	1	83	42
"MT"	2006	"Wheatland"	"2"	158	201	359	118	255	373	114	236	350	84	278	362	1	83	42
"MT"	2006	"Wheatland"	"3"	16	51	67	13	56	69	14	50	64	9	60	69	1	83	42
"MT"	2006	"Wheatland"	"4"	36	76	112	27	83	110	23	81	104	17	97	114	1	83	42
"MT"	2006	"Wheatland"	"9"	96	130	226	56	172	228	61	157	218	48	178	226	1	83	42
"MT"	2006	"Wibaux"	"1"	165	317	482	109	365	474				211	262	473	1	38	19
"MT"	2006	"Yellowstone"	"1"	57	110	167	54	113	167				93		93	1	42	21
"MT"	2006	"Yellowstone"	"2"	166	218	384	169	223	392				220	153	373	1	43	22
"MT"	2006	"Yellowstone"	"3"	516	617	1133	561	593	1154				675	426	1101	1	43	22
"MT"	2006	"Yellowstone"	"4"	40	129	169	48	121	169				46	110	156	1	43	22
"MT"	2006	"Yellowstone"	"5"	307	392	699	245	451	696				268	428	696	1	44	22
"MT"	2006	"Yellowstone"	"6"	1338	1291	2629	1107	1565	2672				1241	1434	2675	1	44	22
"MT"	2006	"Yellowstone"	"7"	79	143	222	74	148	222				63	163	226	1	44	22
"MT"	2006	"Yellowstone"	"8"	469	618	1087	420	701	1121	360	720	1080	375	685	1060	1	45	23
"MT"	2006	"Yellowstone"	"9"	125	174	299	110	196	306	110	189	299	116	178	294	1	46	23
"MT"	2006	"Yellowstone"	"10"	196	265	461	176	293	469	166	288	454	169	287	456	1	46	23
"MT"	2006	"Yellowstone"	"11"	442	669	1111	376	757	1133	370	732	1102	362	753	1115	1	46	23
"MT"	2006	"Yellowstone"	"12"	94	197	291	92	204	296	84	201	285	85	194	279	1	46	23
"MT"	2006	"Yellowstone"	"13"	386	553	939	316	630	946	296	592	888	305	602	907	1	46	23
"MT"	2006	"Yellowstone"	"14"	341	644	985	266	723	989	255	692	947	260	706	966	1	46	23
"MT"	2006	"Yellowstone"	"15"	135	197	332	111	223	334	108	229	337	111	222	333	1	46	23
"MT"	2006	"Yellowstone"	"16"	199	250	449	173	284	457	166	266	432	174	264	438	1	46	23
"MT"	2006	"Yellowstone"	"17"	121	150	271	112	165	277	111	157	268	114	156	270	1	46	23
"MT"	2006	"Yellowstone"	"18"	1053	1263	2316	867	1474	2341				792	1511	2303	1	47	24
"MT"	2006	"Yellowstone"	"19"	729	791	1520	589	953	1542				505	1016	1521	1	47	24
"MT"	2006	"Yellowstone"	"20"	224	295	519	170	357	527				152	366	518	1	47	24
"MT"	2006	"Yellowstone"	"21"	1059	962	2021	899	1142	2041				1149	882	2031	1	48	24
"MT"	2006	"Yellowstone"	"22"	427	430	857	370	502	872				494	376	870	1	48	24
"MT"	2006	"Yellowstone"	"23"	262	304	566	208	356	564				295	273	568	1	48	24
"MT"	2006	"Yellowstone"	"24"	609	361	970	502	473	975	539	453	992	576	401	977	1	49	25
"MT"	2006	"Yellowstone"	"25"	697	466	1163	606	558	1164	618	552	1170	716	428	1144	1	49	25
"MT"	2006	"Yellowstone"	"26"	487	450	937	399	546	945	441	504	945	502	437	939	1	49	25
"MT"	2006	"Yellowstone"	"27"	775	629	1404	638	774	1412	690	735	1425	529	847	1376	1	50	25
"MT"	2006	"Yellowstone"	"28"	676	642	1318	571	752	1323	620	712	1332	469	830	1299	1	50	25
"MT"	2006	"Yellowstone"	"29"	281	235	516	218	307	525	250	266	516	201	310	511	1	50	25
"MT"	2006	"Yellowstone"	"30"	419	400	819	349	485	834	381	455	836	309	512	821	1	50	25
"MT"	2006	"Yellowstone"	"31"	524	388	912	439	494	933				486	420	906	1	51	26
"MT"	2006	"Yellowstone"	"32"	754	465	1219	651	576	1227				732	502	1234	1	51	26
"MT"	2006	"Yellowstone"	"33"	123	89	212	109	106	215				122	93	215	1	51	26
"MT"	2006	"Yellowstone"	"34"	272	110	382	233	157	390				278	114	392	1	51	26
"MT"	2006	"Yellowstone"	"35"	430	413	843	354	514	868				455	410	865	1	52	26
"MT"	2006	"Yellowstone"	"36"	438	361	799	358	450	808				470	335	805	1	52	26
"MT"	2006	"Yellowstone"	"37"	352	291	643	308	351	659				417	243	660	1	52	26
"MT"	2006	"Yellowstone"	"38"	421	270	691	353	356	709				459	249	708	1	52	26
"MT"	2006	"Yellowstone"	"39"	286	148	434	259	195	454				317	137	454	1	52	26
"MT"	2006	"Yellowstone"	"40"	294	272	566	246	334	580				172	394	566	1	53	27
"MT"	2006	"Yellowstone"	"41"	405	327	732	329	415	744				272	453	725	1	53	27
"MT"	2006	"Yellowstone"	"42"	453	433	886	385	515	900				282	607	889	1	53	27
"MT"	2006	"Yellowstone"	"43"	193	152	345	151	198	349				129	219	348	1	53	27
"MT"	2006	"Yellowstone"	"44"	229	153	382	207	189	396				157	245	402	1	53	27
"MT"	2006	"Yellowstone"	"45"	161	121	282	147	141	288				117	166	283	1	53	27
"MT"	2006	"Yellowstone"	"46"	499	466	965	393	590	983				487	477	964	1	54	27
"MT"	2006	"Yellowstone"	"47"	111	104	215	90	124	214				113	99	212	1	54	27
"MT"	2006	"Yellowstone"	"48"	544	316	860	463	414	877				565	300	865	1	54	27
"MT"	2006	"Yellowstone"	"49"	392	236	628	344	303	647				404	237	641	1	54	27
"MT"	2006	"Yellowstone"	"50"	264	422	686	224	473	697	146	531	677	264	413	677	1	55	28
"MT"	2006	"Yellowstone"	"51"	524	478	1002	441	592	1033	337	680	1017	468	540	1008	1	55	28
"MT"	2006	"Yellowstone"	"52"	300	342	642	265	383	648	188	446	634	268	376	644	1	55	28
"MT"	2006	"Yellowstone"	"53"	628	626	1254	528	751	1279	397	850	1247	552	692	1244	1	55	28
"MT"	2006	"Yellowstone"	"54"	549	603	1152	427	755	1182	356	796	1152	496	656	1152	1	55	28
"MT"	2006	"Yellowstone"	"55"	534	675	1209	428	784	1212	298	890	1188		961	961	1	56	28
"MT"	2006	"Yellowstone"	"56"	564	544	1108	478	635	1113	330	759	1089		860	860	1	56	28
"MT"	2006	"Yellowstone"	"57"	683	919	1602	546	1069	1615	402	1177	1579		1317	1317	1	56	28
"MT"	2006	"Yellowstone"	"58"	618	752	1370	505	882	1387	387	962	1349		1101	1101	1	56	28
"MT"	2006	"Yellowstone"	"59"	549	702	1251	439	820	1259	484	725	1209	524	676	1200	1	57	29
"MT"	2006	"Yellowstone"	"60"	534	1076	1610	411	1215	1626	472	1122	1594	490	1085	1575	1	57	29
"MT"	2006	"Yellowstone"	"61"	289	457	746	225	531	756	278	470	748	277	454	731	1	57	29
"MT"	2006	"Yellowstone"	"62"	124	184	308	98	209	307	132	174	306	122	178	300	1	57	29
"MT"	2006	"Yellowstone"	"63"	368	544	912	318	602	920	383	531	914	337	556	893	1	57	29
"MT"	2006	"Yellowstone"	"64"	136	181	317	116	209	325	137	184	321	148	176	324	1	57	29
"MT"	2006	"Yellowstone"	"65"	643	798	1441	528	929	1457	571	897	1468	594	869	1463	1	58	29
"MT"	2006	"Yellowstone"	"66"	376	378	754	318	444	762	358	403	761	385	378	763	1	58	29
"MT"	2006	"Yellowstone"	"67"	324	288	612	264	354	618	292	329	621	331	291	622	1	58	29
"MT"	2006	"Yellowstone"	"68"	293	208	501	239	272	511	261	256	517	295	221	516	1	58	29
"MT"	2006	"Yellowstone"	"69"	335	224	559	288	284	572	319	255	574	363	212	575	1	58	29
