state	year	county	precinct	g2010_USS_dv	g2010_USS_rv	g2010_USS_tv	g2010_USH_dv	g2010_USH_rv	g2010_USH_tv	g2010_SOS_dv	g2010_SOS_rv	g2010_SOS_tv	g2010_ATG_dv	g2010_ATG_rv	g2010_ATG_tv
"ND"	2010	"Adams"	"Adams County"	201	963	1164	378	803	1181	322	824	1146	250	906	1156
"ND"	2010	"Barnes"	"2006-00"	74	193	267	146	124	270	110	155	265	73	194	267
"ND"	2010	"Barnes"	"2010-00"	26	43	69	38	30	68	31	38	69	25	43	68
"ND"	2010	"Barnes"	"2012-00"	48	187	235	115	123	238	80	148	228	52	179	231
"ND"	2010	"Barnes"	"2013-00"	56	160	216	127	92	219	97	117	214	78	138	216
"ND"	2010	"Barnes"	"2401-00"	71	247	318	198	117	315	148	170	318	91	228	319
"ND"	2010	"Barnes"	"2402-00"	156	446	602	362	248	610	253	342	595	194	412	606
"ND"	2010	"Barnes"	"2403-00"	91	199	290	190	110	300	138	155	293	104	196	300
"ND"	2010	"Barnes"	"2404-00"	130	427	557	338	226	564	235	320	555	173	386	559
"ND"	2010	"Barnes"	"2405-00"	190	631	821	511	323	834	370	449	819	262	558	820
"ND"	2010	"Barnes"	"2407-00"	31	147	178	76	106	182	74	111	185	46	137	183
"ND"	2010	"Barnes"	"2408-00"	15	58	73	39	36	75	35	40	75	23	53	76
"ND"	2010	"Barnes"	"2409-00"	58	140	198	113	86	199	93	103	196	75	122	197
"ND"	2010	"Barnes"	"2411-00"	122	419	541	282	263	545	216	327	543	134	412	546
"ND"	2010	"Barnes"	"2414-00"	35	65	100	56	42	98	44	55	99	35	65	100
"ND"	2010	"Barnes"	"2415-00"	37	176	213	96	115	211	65	142	207	38	175	213
"ND"	2010	"Benson"	"1 - Knox Legion"	20	48	68	33	35	68	32	37	69	23	46	69
"ND"	2010	"Benson"	"2 - Leeds Comm Ctr"	89	267	356	188	175	363	144	219	363	124	243	367
"ND"	2010	"Benson"	"3 - Esmond Fire Hall"	59	102	161	91	70	161	82	81	163	66	97	163
"ND"	2010	"Benson"	"4 - Maddock Comm Ctr"	112	226	338	196	153	349	168	177	345	128	216	344
"ND"	2010	"Benson"	"5 - Mwkn Sr. Center"	50	101	151	104	51	155	78	76	154	58	99	157
"ND"	2010	"Benson"	"6 - Oberon Sr. Cente"	22	76	98	51	49	100	37	60	97	23	76	99
"ND"	2010	"Benson"	"7 - Ft Totten Co Ctr"	221	202	423	373	70	443	336	103	439	307	132	439
"ND"	2010	"Benson"	"8 - Warwick Fire Hal"	48	93	141	82	59	141	72	70	142	61	83	144
"ND"	2010	"Billings"	"1"	13	125	138	26	116	142	21	121	142	19	124	143
"ND"	2010	"Billings"	"2"	28	239	267	74	193	267	42	219	261	41	225	266
"ND"	2010	"Billings"	"3"	7	79	86	14	72	86	15	69	84	9	77	86
"ND"	2010	"Bottineau"	"1"	89	427	516	212	305	517	166	348	514	97	420	517
"ND"	2010	"Bottineau"	"3"	22	93	115	47	68	115	37	76	113	28	88	116
"ND"	2010	"Bottineau"	"4"	64	358	422	153	270	423	113	312	425	85	346	431
"ND"	2010	"Bottineau"	"6"	53	295	348	143	209	352	122	232	354	73	282	355
"ND"	2010	"Bottineau"	"8"	27	200	227	67	162	229	61	167	228	39	192	231
"ND"	2010	"Bottineau"	"10"	47	162	209	99	114	213	71	136	207	50	164	214
"ND"	2010	"Bottineau"	"11"	39	126	165	88	75	163	82	82	164	50	115	165
"ND"	2010	"Bottineau"	"12"	55	270	325	168	154	322	98	212	310	62	259	321
"ND"	2010	"Bottineau"	"13"	33	120	153	65	88	153	54	100	154	39	115	154
"ND"	2010	"Bottineau"	"14"	31	188	219	105	108	213	57	157	214	39	177	216
"ND"	2010	"Bottineau"	"15"	37	187	224	97	131	228	82	143	225	48	179	227
"ND"	2010	"Bowman"	"Bowman City"	102	610	712	253	461	714	180	532	712	131	588	719
"ND"	2010	"Bowman"	"Bowman Four Seasons"	32	240	272	75	197	272	67	203	270	41	231	272
"ND"	2010	"Bowman"	"Rhame"	20	162	182	53	133	186	53	139	192	37	156	193
"ND"	2010	"Bowman"	"Scranton"	30	222	252	86	172	258	67	194	261	45	216	261
"ND"	2010	"Burke"	"1"	9	39	48	14	33	47	18	30	48	7	41	48
"ND"	2010	"Burke"	"2"	37	198	235	73	160	233	59	169	228	48	186	234
"ND"	2010	"Burke"	"3"	30	199	229	76	155	231	67	167	234	41	195	236
"ND"	2010	"Burke"	"4"	19	113	132	55	78	133	42	92	134	23	111	134
"ND"	2010	"Burke"	"5"	11	71	82	24	58	82	22	61	83	18	63	81
"ND"	2010	"Burke"	"6"	6	47	53	19	34	53	22	30	52	10	44	54
"ND"	2010	"Burleigh"	"Baldwin School"	29	126	155	50	106	156	59	97	156	33	123	156
"ND"	2010	"Burleigh"	"Benedictine Center"	102	412	514	192	327	519	172	335	507	84	427	511
"ND"	2010	"Burleigh"	"Bismarck Civic Center"	89	265	354	164	191	355	129	227	356	86	272	358
"ND"	2010	"Burleigh"	"Bismarck Rural Fire Dept"	275	1262	1537	511	1033	1544	490	1043	1533	273	1266	1539
"ND"	2010	"Burleigh"	"Centennial School"	318	1500	1818	550	1266	1816	515	1284	1799	277	1541	1818
"ND"	2010	"Burleigh"	"County Road Dept - Wilton"	73	211	284	119	165	284	112	172	284	78	208	286
"ND"	2010	"Burleigh"	"Dorothy Moses School"	226	944	1170	405	767	1172	387	773	1160	208	970	1178
"ND"	2010	"Burleigh"	"Evangel Assembly of God"	229	1195	1424	390	1034	1424	391	1028	1419	203	1233	1436
"ND"	2010	"Burleigh"	"First Evangelical Free Church"	231	1136	1367	424	966	1390	427	941	1368	224	1152	1376
"ND"	2010	"Burleigh"	"Gateway Mall"	277	967	1244	472	769	1241	444	807	1251	245	1004	1249
"ND"	2010	"Burleigh"	"Grimsrud School"	222	744	966	407	560	967	354	605	959	209	755	964
"ND"	2010	"Burleigh"	"Highland Acres School"	216	686	902	344	556	900	297	598	895	168	730	898
"ND"	2010	"Burleigh"	"Horizon Middle School"	370	1960	2330	709	1620	2329	647	1654	2301	335	1992	2327
"ND"	2010	"Burleigh"	"Jeannette Myhre School"	139	322	461	225	239	464	223	243	466	152	315	467
"ND"	2010	"Burleigh"	"Lincoln Community Center"	179	782	961	324	631	955	325	635	960	182	786	968
"ND"	2010	"Burleigh"	"Lord of Life Church"	297	1078	1375	529	840	1369	474	895	1369	272	1104	1376
"ND"	2010	"Burleigh"	"Menoken School"	63	226	289	100	192	292	91	196	287	55	237	292
"ND"	2010	"Burleigh"	"ND State Capitol Building"	279	773	1052	440	626	1066	415	649	1064	239	824	1063
"ND"	2010	"Burleigh"	"Northridge School"	202	834	1036	389	647	1036	340	697	1037	174	871	1045
"ND"	2010	"Burleigh"	"Pioneer School"	165	438	603	252	356	608	214	396	610	129	479	608
"ND"	2010	"Burleigh"	"Prairie Rose School"	146	685	831	248	581	829	262	567	829	152	680	832
"ND"	2010	"Burleigh"	"Regan School"	31	55	86	43	46	89	40	47	87	27	60	87
"ND"	2010	"Burleigh"	"Richholt School"	219	589	808	367	450	817	335	483	818	225	593	818
"ND"	2010	"Burleigh"	"Riverside School"	154	437	591	263	331	594	235	360	595	135	460	595
"ND"	2010	"Burleigh"	"Riverwood Golf Course"	134	537	671	263	411	674	240	432	672	119	561	680
"ND"	2010	"Burleigh"	"Robert Miller School"	249	1044	1293	448	839	1287	425	854	1279	217	1072	1289
"ND"	2010	"Burleigh"	"Roosevelt School"	182	432	614	276	343	619	254	357	611	166	451	617
"ND"	2010	"Burleigh"	"Senior Center"	139	517	656	252	395	647	226	422	648	140	515	655
"ND"	2010	"Burleigh"	"Shiloh Christian School"	340	1645	1985	689	1289	1978	664	1298	1962	368	1621	1989
"ND"	2010	"Burleigh"	"Simle Middle School"	212	629	841	335	504	839	309	525	834	169	668	837
"ND"	2010	"Burleigh"	"Solheim School"	238	1184	1422	439	984	1423	414	1000	1414	227	1202	1429
"ND"	2010	"Burleigh"	"Sterling School"	49	176	225	85	151	236	85	148	233	59	175	234
"ND"	2010	"Burleigh"	"Wachter Middle School"	226	765	991	390	604	994	351	637	988	200	795	995
"ND"	2010	"Burleigh"	"Will Moore School"	376	749	1125	562	564	1126	509	611	1120	319	816	1135
"ND"	2010	"Burleigh"	"Wing Fire Hall"	29	115	144	57	91	148	59	87	146	35	113	148
"ND"	2010	"Cass"	"1101 Olivet Lutheran Church"	777	1590	2367	1273	1113	2386	1003	1341	2344	799	1559	2358
"ND"	2010	"Cass"	"1102 Doublewood Inn"	772	1331	2103	1258	862	2120	1046	1057	2103	835	1274	2109
"ND"	2010	"Cass"	"1301 Westside Elem School"	359	1241	1600	718	903	1621	575	1010	1585	417	1189	1606
"ND"	2010	"Cass"	"1302 West Fargo City Hall"	497	1303	1800	957	850	1807	723	1080	1803	544	1261	1805
"ND"	2010	"Cass"	"1303 Veterans Memorial Arena"	543	2111	2654	1189	1491	2680	891	1755	2646	609	2046	2655
"ND"	2010	"Cass"	"2001 Page Senior Ctr - Dist 20"	32	92	124	84	44	128	56	70	126	40	87	127
"ND"	2010	"Cass"	"2002 Northern Cass School"	117	302	419	238	184	422	186	232	418	129	292	421
"ND"	2010	"Cass"	"2101 Robert D Johnson Rec Ctr"	786	1036	1822	1148	737	1885	944	891	1835	801	1044	1845
"ND"	2010	"Cass"	"2102 Fargo Civic Center"	515	855	1370	804	605	1409	681	702	1383	564	827	1391
"ND"	2010	"Cass"	"2201 Page Senior Ctr - Dist 22"	7	61	68	21	47	68	18	50	68	8	59	67
"ND"	2010	"Cass"	"2202 Arthur Community Hall"	116	276	392	203	194	397	160	235	395	122	276	398
"ND"	2010	"Cass"	"2203 Buffalo Community Center"	138	398	536	275	268	543	220	310	530	161	369	530
"ND"	2010	"Cass"	"2204 Argusville Fire Hall"	73	284	357	158	201	359	122	234	356	90	269	359
"ND"	2010	"Cass"	"2205 Governor's Inn"	284	729	1013	554	465	1019	415	594	1009	280	731	1011
"ND"	2010	"Cass"	"2206 Mapleton Community Ctr"	123	357	480	208	278	486	166	316	482	138	348	486
"ND"	2010	"Cass"	"2207 Reed Twp / West Fargo"	35	139	174	76	101	177	57	115	172	32	139	171
"ND"	2010	"Cass"	"2208 Leonard Senior Center"	87	184	271	141	138	279	116	165	281	79	202	281
"ND"	2010	"Cass"	"2209 Kindred City Hall"	127	468	595	282	319	601	219	373	592	127	468	595
"ND"	2010	"Cass"	"2210 Shiloh Evangelical Church"	270	1437	1707	608	1121	1729	469	1229	1698	298	1414	1712
"ND"	2010	"Cass"	"2211 Horace Senior Center"	286	934	1220	535	686	1221	415	781	1196	285	911	1196
"ND"	2010	"Cass"	"2212 Hickson Community Center"	69	312	381	150	233	383	104	273	377	67	311	378
"ND"	2010	"Cass"	"2701 West Acres-Main Entrance"	601	1397	1998	1077	936	2013	864	1097	1961	680	1306	1986
"ND"	2010	"Cass"	"2702 Meadowridge Bible Chapel"	155	434	589	316	280	596	226	357	583	174	418	592
"ND"	2010	"Cass"	"2703 Southwest Hockey Arena"	111	272	383	208	187	395	163	221	384	126	262	388
"ND"	2010	"Cass"	"2704 Calvary United Methodist"	488	1992	2480	1103	1394	2497	789	1661	2450	568	1916	2484
"ND"	2010	"Cass"	"2705 Riverview Place"	145	467	612	296	325	621	214	394	608	167	446	613
"ND"	2010	"Cass"	"4101 Bethel Evangelical Church"	692	2204	2896	1366	1566	2932	1034	1830	2864	764	2130	2894
"ND"	2010	"Cass"	"4102 First Assembly of God"	501	1783	2284	974	1323	2297	744	1501	2245	541	1728	2269
"ND"	2010	"Cass"	"4401 El Zagal Shrine"	952	1646	2598	1561	1090	2651	1219	1386	2605	1017	1595	2612
"ND"	2010	"Cass"	"4402 Trollwood Village Mall"	631	1821	2452	1208	1271	2479	878	1563	2441	680	1756	2436
"ND"	2010	"Cass"	"4501 FargoDome"	322	899	1221	573	665	1238	460	749	1209	342	867	1209
"ND"	2010	"Cass"	"4502 Knollbrook Covenant Churc"	595	1693	2288	1139	1170	2309	872	1412	2284	652	1636	2288
"ND"	2010	"Cass"	"4503 Harwood City Offices"	161	565	726	341	389	730	242	475	717	176	546	722
"ND"	2010	"Cass"	"4601 Vista Inn & Suites"	580	1469	2049	1076	1001	2077	804	1237	2041	594	1462	2056
"ND"	2010	"Cass"	"4602 Atonement Lutheran Church"	796	2800	3596	1608	2032	3640	1161	2396	3557	855	2745	3600
"ND"	2010	"Cavalier"	"1"	322	1503	1825	957	849	1806	635	1086	1721	437	1330	1767
"ND"	2010	"Dickey"	"1"	124	729	853	317	536	853	249	590	839	183	673	856
"ND"	2010	"Dickey"	"2"	29	97	126	63	59	122	55	63	118	40	78	118
"ND"	2010	"Dickey"	"3"	211	809	1020	478	546	1024	372	641	1013	263	764	1027
"ND"	2010	"Divide"	"1"	85	321	406	185	215	400	135	265	400	74	337	411
"ND"	2010	"Divide"	"2"	67	154	221	135	87	222	112	105	217	57	165	222
"ND"	2010	"Divide"	"3"	32	114	146	57	88	145	49	98	147	30	118	148
"ND"	2010	"Divide"	"4"	26	87	113	55	64	119	50	64	114	27	91	118
"ND"	2010	"Dunn"	"Antelope - Twin Buttes"	58	28	86	75	9	84	68	19	87	64	23	87
"ND"	2010	"Dunn"	"Collins/Halliday"	15	150	165	54	112	166	30	134	164	23	146	169
"ND"	2010	"Dunn"	"Dodge/Loring"	22	52	74	34	40	74	27	45	72	17	56	73
"ND"	2010	"Dunn"	"Dunn Center/Decorah"	33	164	197	52	143	195	47	150	197	38	160	198
"ND"	2010	"Dunn"	"Killdeer City"	45	272	317	102	217	319	69	247	316	48	273	321
"ND"	2010	"Dunn"	"Killdeer Unorganized"	20	139	159	34	121	155	36	117	153	29	128	157
"ND"	2010	"Dunn"	"Kyseth"	5	64	69	23	45	68	9	60	69	7	62	69
"ND"	2010	"Dunn"	"Manning"	33	155	188	56	133	189	59	127	186	47	136	183
"ND"	2010	"Dunn"	"New Hradec"	35	116	151	69	85	154	56	98	154	48	108	156
"ND"	2010	"Dunn"	"North Fox"	24	17	41	31	11	42	33	10	43	27	16	43
"ND"	2010	"Dunn"	"Oakdale"	6	79	85	13	73	86	13	72	85	10	75	85
"ND"	2010	"Eddy"	"1"	118	399	517	267	257	524	213	307	520	173	356	529
"ND"	2010	"Eddy"	"2"	20	65	85	43	42	85	39	45	84	31	53	84
"ND"	2010	"Eddy"	"3"	73	106	179	142	51	193	111	77	188	91	99	190
"ND"	2010	"Eddy"	"4"	26	60	86	61	32	93	41	50	91	34	58	92
"ND"	2010	"Eddy"	"5"	44	65	109	62	49	111	53	56	109	44	66	110
"ND"	2010	"Emmons"	"1"	65	264	329	118	214	332	128	210	338	65	274	339
"ND"	2010	"Emmons"	"2"	62	260	322	122	201	323	138	184	322	73	249	322
"ND"	2010	"Emmons"	"3"	65	321	386	130	263	393	138	250	388	85	307	392
"ND"	2010	"Emmons"	"4"	39	182	221	64	163	227	82	141	223	45	178	223
"ND"	2010	"Emmons"	"5"	26	235	261	62	200	262	70	189	259	38	225	263
"ND"	2010	"Foster"	"1"	22	84	106	55	57	112	43	67	110	26	83	109
"ND"	2010	"Foster"	"2"	25	39	64	37	25	62	31	30	61	25	39	64
"ND"	2010	"Foster"	"3"	12	40	52	30	24	54	22	32	54	18	36	54
"ND"	2010	"Foster"	"4"	50	274	324	141	193	334	89	236	325	66	263	329
"ND"	2010	"Foster"	"5"	77	361	438	203	240	443	148	292	440	96	343	439
"ND"	2010	"Foster"	"6"	79	367	446	201	239	440	128	306	434	93	345	438
"ND"	2010	"Golden Valley"	"#1"	91	640	731	219	514	733	152	568	720	123	608	731
"ND"	2010	"Grand Forks"	"4000 Valley Square"	202	666	868	432	440	872	327	515	842	200	656	856
"ND"	2010	"Grand Forks"	"Alerus Center"	182	682	864	409	460	869	305	541	846	175	689	864
"ND"	2010	"Grand Forks"	"Assembly of God Church"	217	596	813	425	397	822	329	455	784	217	594	811
"ND"	2010	"Grand Forks"	"Ben Franklin Elementary School"	187	549	736	398	339	737	313	406	719	172	564	736
"ND"	2010	"Grand Forks"	"Bible Baptist Church"	75	224	299	135	166	301	122	172	294	78	217	295
"ND"	2010	"Grand Forks"	"Century Elementary School"	93	283	376	182	197	379	150	219	369	96	278	374
"ND"	2010	"Grand Forks"	"CMon Inn"	166	620	786	383	406	789	294	479	773	190	593	783
"ND"	2010	"Grand Forks"	"Emerado Community Hall"	56	285	341	150	194	344	113	226	339	69	273	342
"ND"	2010	"Grand Forks"	"First Presbyterian"	63	287	350	124	227	351	96	249	345	57	291	348
"ND"	2010	"Grand Forks"	"GF Public Library 1"	140	289	429	280	151	431	212	213	425	151	276	427
"ND"	2010	"Grand Forks"	"GF Public Library 2"	95	218	313	187	129	316	151	156	307	86	222	308
"ND"	2010	"Grand Forks"	"GF Senior Citizens Center"	209	258	467	328	154	482	298	168	466	214	257	471
"ND"	2010	"Grand Forks"	"Gilby Community Hall"	47	178	225	121	110	231	96	130	226	62	164	226
"ND"	2010	"Grand Forks"	"Grand Cities Mall"	224	496	720	455	284	739	360	365	725	250	478	728
"ND"	2010	"Grand Forks"	"Grand Forks Curling Club"	45	86	131	79	53	132	64	63	127	45	85	130
"ND"	2010	"Grand Forks"	"Immanuel Lutheran Church"	221	703	924	492	443	935	405	507	912	256	670	926
"ND"	2010	"Grand Forks"	"Inkster Fire Hall"	21	136	157	81	78	159	64	91	155	35	122	157
"ND"	2010	"Grand Forks"	"Kelly Elementary School"	193	688	881	464	430	894	336	525	861	197	678	875
"ND"	2010	"Grand Forks"	"Lake Agassiz Elementary School"	219	538	757	421	351	772	361	386	747	234	517	751
"ND"	2010	"Grand Forks"	"Larimore Senior Center W1"	40	252	292	139	157	296	89	199	288	53	238	291
"ND"	2010	"Grand Forks"	"Larimore Senior Center W2"	33	237	270	115	164	279	83	195	278	55	222	277
"ND"	2010	"Grand Forks"	"Larimore Senior Center W3"	44	186	230	110	118	228	81	140	221	49	180	229
"ND"	2010	"Grand Forks"	"Lewis & Clark Elem School"	263	519	782	470	318	788	380	379	759	271	496	767
"ND"	2010	"Grand Forks"	"Manvel Community Center"	71	255	326	181	148	329	145	181	326	90	234	324
"ND"	2010	"Grand Forks"	"ND School for the Blind"	103	358	461	223	250	473	224	237	461	124	328	452
"ND"	2010	"Grand Forks"	"Niagara Rural Fire Dept"	29	126	155	74	81	155	49	100	149	30	120	150
"ND"	2010	"Grand Forks"	"Nodak"	29	163	192	98	96	194	67	123	190	46	146	192
"ND"	2010	"Grand Forks"	"Northwood Community Center W1"	25	166	191	80	111	191	54	133	187	26	165	191
"ND"	2010	"Grand Forks"	"Northwood Community Center W2"	26	112	138	58	82	140	41	98	139	20	117	137
"ND"	2010	"Grand Forks"	"Northwood Community Center W3"	29	205	234	100	130	230	70	154	224	42	187	229
"ND"	2010	"Grand Forks"	"Phoenix Elementary School 1"	183	330	513	324	195	519	270	242	512	191	324	515
"ND"	2010	"Grand Forks"	"Phoenix Elementary School 2"	55	78	133	90	46	136	82	53	135	56	77	133
"ND"	2010	"Grand Forks"	"Public Works Facility"	113	361	474	252	227	479	226	235	461	139	330	469
"ND"	2010	"Grand Forks"	"Red River High School"	152	306	458	315	145	460	254	193	447	160	286	446
"ND"	2010	"Grand Forks"	"Reynolds Knights of Columbus"	62	210	272	140	134	274	103	166	269	58	211	269
"ND"	2010	"Grand Forks"	"Schroeder Middle School"	253	1124	1377	638	745	1383	452	896	1348	267	1097	1364
"ND"	2010	"Grand Forks"	"Thompson Community Center 1"	82	319	401	215	194	409	170	226	396	86	315	401
"ND"	2010	"Grand Forks"	"Thompson Community Center 2"	63	289	352	178	182	360	125	227	352	65	290	355
"ND"	2010	"Grand Forks"	"Valley Middle School"	210	483	693	408	295	703	348	342	690	201	494	695
"ND"	2010	"Grand Forks"	"Wesley United Methodist Church"	127	233	360	232	132	364	204	152	356	139	223	362
"ND"	2010	"Grand Forks"	"Wilder Elementary School"	221	436	657	404	261	665	349	297	646	238	420	658
"ND"	2010	"Grand Forks"	"Wilkerson Hall - UND"	89	225	314	164	157	321	141	163	304	102	198	300
"ND"	2010	"Grand Forks"	"Winship Elementary School"	92	229	321	208	116	324	165	150	315	102	218	320
"ND"	2010	"Grant"	"Carson"	64	335	399	140	253	393	124	270	394	74	320	394
"ND"	2010	"Grant"	"Elgin"	86	378	464	158	299	457	139	327	466	93	375	468
"ND"	2010	"Grant"	"New Leipzig"	25	154	179	69	114	183	51	130	181	35	146	181
"ND"	2010	"Grant"	"Raleigh"	20	82	102	33	68	101	34	63	97	25	75	100
"ND"	2010	"Griggs"	"1"	56	114	170	92	79	171	79	93	172	60	112	172
"ND"	2010	"Griggs"	"2"	50	178	228	117	109	226	85	138	223	62	164	226
"ND"	2010	"Griggs"	"3"	54	226	280	136	150	286	104	178	282	66	215	281
"ND"	2010	"Griggs"	"4"	21	147	168	63	103	166	27	143	170	20	151	171
"ND"	2010	"Griggs"	"5"	5	33	38	13	25	38	10	27	37	6	31	37
"ND"	2010	"Griggs"	"6"	55	93	148	94	56	150	78	68	146	66	82	148
"ND"	2010	"Griggs"	"7"	33	54	87	37	51	88	34	54	88	35	55	90
"ND"	2010	"Hettinger"	"Mott #1"	90	501	591	195	406	601	159	430	589	110	482	592
"ND"	2010	"Hettinger"	"New England #3"	77	282	359	139	219	358	118	228	346	90	259	349
"ND"	2010	"Hettinger"	"Regent #2"	38	151	189	63	128	191	45	147	192	47	145	192
"ND"	2010	"Kidder"	"Dawson City"	13	92	105	21	90	111	25	86	111	26	86	112
"ND"	2010	"Kidder"	"Pettibone City"	23	46	69	36	34	70	35	38	73	26	46	72
"ND"	2010	"Kidder"	"Robinson City"	29	56	85	51	33	84	45	38	83	34	52	86
"ND"	2010	"Kidder"	"Steele City"	110	437	547	199	346	545	237	309	546	124	425	549
"ND"	2010	"Kidder"	"Tappen City"	35	149	184	59	138	197	61	134	195	36	162	198
"ND"	2010	"Kidder"	"Tuttle City"	51	77	128	62	70	132	58	75	133	41	92	133
"ND"	2010	"LaMoure"	"1"	72	331	403	194	216	410	129	277	406	80	328	408
"ND"	2010	"LaMoure"	"2"	36	120	156	79	76	155	55	99	154	41	113	154
"ND"	2010	"LaMoure"	"3"	78	305	383	175	218	393	146	242	388	97	294	391
"ND"	2010	"LaMoure"	"4"	43	208	251	106	151	257	75	179	254	48	207	255
"ND"	2010	"LaMoure"	"5"	19	179	198	66	133	199	45	150	195	32	167	199
"ND"	2010	"LaMoure"	"6"	49	141	190	100	92	192	76	110	186	56	133	189
"ND"	2010	"LaMoure"	"7"	14	55	69	36	32	68	28	40	68	21	47	68
"ND"	2010	"LaMoure"	"8"	53	100	153	82	75	157	77	72	149	62	90	152
"ND"	2010	"LaMoure"	"9"	62	177	239	118	122	240	93	144	237	78	159	237
"ND"	2010	"Logan"	"1 - American Legion"	37	207	244	87	161	248	82	161	243	36	213	249
"ND"	2010	"Logan"	"2 - American Legion"	47	306	353	137	209	346	88	255	343	55	293	348
"ND"	2010	"Logan"	"3 - Gackle School"	45	188	233	79	155	234	87	147	234	61	176	237
"ND"	2010	"Logan"	"4 - Lehr Com Cent."	9	43	52	11	42	53	20	32	52	12	42	54
"ND"	2010	"Logan"	"5 - Fredonia Mini Ml"	8	56	64	19	44	63	27	37	64	24	41	65
"ND"	2010	"McHenry"	"16"	21	115	136	46	97	143	40	102	142	27	116	143
"ND"	2010	"McHenry"	"18"	124	402	526	259	263	522	233	295	528	151	389	540
"ND"	2010	"McHenry"	"27"	29	112	141	48	94	142	53	84	137	29	110	139
"ND"	2010	"McHenry"	"41"	51	167	218	81	142	223	94	128	222	60	164	224
"ND"	2010	"McHenry"	"47"	164	585	749	353	401	754	285	474	759	203	558	761
"ND"	2010	"McHenry"	"55"	76	129	205	109	97	206	108	100	208	81	126	207
"ND"	2010	"McHenry"	"58"	23	134	157	67	85	152	51	103	154	20	136	156
"ND"	2010	"McHenry"	"62"	28	130	158	72	84	156	68	93	161	46	114	160
"ND"	2010	"McIntosh"	"1-City of Ashley"	52	357	409	171	239	410	124	278	402	77	328	405
"ND"	2010	"McIntosh"	"2-Rural Ashley"	28	174	202	88	122	210	97	112	209	68	143	211
"ND"	2010	"McIntosh"	"3-Lehr/Rural Lehr"	17	40	57	32	25	57	36	20	56	20	35	55
"ND"	2010	"McIntosh"	"4-City of Wishek"	63	353	416	132	284	416	106	313	419	63	357	420
"ND"	2010	"McIntosh"	"5-Rural Wishek"	19	120	139	48	90	138	44	92	136	26	110	136
"ND"	2010	"McIntosh"	"6-Zeeland/Rural"	18	124	142	44	96	140	43	95	138	31	109	140
"ND"	2010	"McKenzie"	"04-01 Four Bears"	77	62	139	121	20	141	111	28	139	100	41	141
"ND"	2010	"McKenzie"	"04-02 Mandaree"	46	44	90	79	12	91	68	22	90	56	34	90
"ND"	2010	"McKenzie"	"39-03 Yellowstone"	11	108	119	45	71	116	33	86	119	26	92	118
"ND"	2010	"McKenzie"	"39-04 Sioux"	13	70	83	24	59	83	17	63	80	12	70	82
"ND"	2010	"McKenzie"	"39-05 Alexander"	25	179	204	53	151	204	52	151	203	35	167	202
"ND"	2010	"McKenzie"	"39-06 Arnegard"	11	112	123	27	96	123	22	95	117	13	110	123
"ND"	2010	"McKenzie"	"39-07 Bennie Pierre"	1	58	59	11	50	61	7	54	61	7	53	60
"ND"	2010	"McKenzie"	"39-08 Rhoades"	13	109	122	21	98	119	22	97	119	13	108	121
"ND"	2010	"McKenzie"	"39-09 Ideal"	24	174	198	57	144	201	46	148	194	32	166	198
"ND"	2010	"McKenzie"	"39-10 Schafer"	35	236	271	71	200	271	59	201	260	35	234	269
"ND"	2010	"McKenzie"	"39-12 WC Ward 1"	29	140	169	48	116	164	42	119	161	33	133	166
"ND"	2010	"McKenzie"	"39-13 Blue Buttes"	24	146	170	61	108	169	50	118	168	32	137	169
"ND"	2010	"McKenzie"	"39-14 WC Ward 2"	16	167	183	62	121	183	35	141	176	26	157	183
"ND"	2010	"McKenzie"	"39-15 WC Ward 3"	20	198	218	64	153	217	43	175	218	21	200	221
"ND"	2010	"McLean"	"Butte,Ruso,Benedict City & Rur"	42	112	154	73	83	156	69	90	159	41	119	160
"ND"	2010	"McLean"	"GARRISON CITY & RURAL"	162	660	822	350	470	820	332	502	834	202	637	839
"ND"	2010	"McLean"	"MAX CITY & RURAL"	49	196	245	101	145	246	99	145	244	58	188	246
"ND"	2010	"McLean"	"MERCER CITY & RURAL"	12	116	128	26	102	128	27	99	126	17	111	128
"ND"	2010	"McLean"	"RIVERDALE CITY & RURAL"	25	141	166	44	121	165	48	120	168	39	129	168
"ND"	2010	"McLean"	"ROSEGLEN/RAUB RURAL"	45	101	146	83	63	146	76	71	147	59	91	150
"ND"	2010	"McLean"	"TURTLE LAKE CITY & RURAL"	106	354	460	191	270	461	184	276	460	115	350	465
"ND"	2010	"McLean"	"Underwood/Coleharbor City & Ru"	134	375	509	225	291	516	219	291	510	148	364	512
"ND"	2010	"McLean"	"WASHBURN CITY & RURAL"	169	686	855	312	535	847	281	573	854	176	686	862
"ND"	2010	"McLean"	"WHITESHIELD/ZIEGLER RURAL"	68	51	119	111	15	126	94	26	120	85	36	121
"ND"	2010	"McLean"	"WILTON CITY & RURAL"	47	238	285	86	194	280	95	192	287	54	234	288
"ND"	2010	"Mercer"	"401"	1	4	5	3	2	5	2	3	5	1	4	5
"ND"	2010	"Mercer"	"3301"	99	192	291	162	127	289	158	136	294	118	177	295
"ND"	2010	"Mercer"	"3303"	66	213	279	110	168	278	111	172	283	74	207	281
"ND"	2010	"Mercer"	"3313"	50	193	243	79	161	240	86	160	246	62	183	245
"ND"	2010	"Mercer"	"3314"	27	146	173	69	108	177	51	122	173	31	141	172
"ND"	2010	"Mercer"	"3316"	45	120	165	72	95	167	76	98	174	61	116	177
"ND"	2010	"Mercer"	"3320"	13	147	160	46	110	156	41	116	157	19	139	158
"ND"	2010	"Mercer"	"3321"	36	310	346	78	271	349	55	294	349	52	299	351
"ND"	2010	"Mercer"	"3322"	37	271	308	98	208	306	75	232	307	50	260	310
"ND"	2010	"Mercer"	"3323"	56	272	328	100	231	331	91	242	333	57	277	334
"ND"	2010	"Mercer"	"3324"	23	171	194	53	139	192	41	155	196	33	162	195
"ND"	2010	"Mercer"	"3381"	80	269	349	137	216	353	118	234	352	89	263	352
"ND"	2010	"Mercer"	"3382"	85	347	432	175	253	428	160	271	431	107	325	432
"ND"	2010	"Mercer"	"3383"	73	240	313	124	186	310	122	189	311	84	230	314
"ND"	2010	"Morton"	"1"	196	767	963	355	607	962	340	631	971	244	733	977
"ND"	2010	"Morton"	"2"	166	679	845	284	625	909	285	615	900	175	734	909
"ND"	2010	"Morton"	"3"	212	447	659	297	365	662	273	394	667	218	446	664
"ND"	2010	"Morton"	"4"	161	498	659	245	422	667	207	460	667	150	518	668
"ND"	2010	"Morton"	"5"	145	355	500	265	238	503	226	274	500	149	358	507
"ND"	2010	"Morton"	"6"	225	567	792	374	420	794	330	468	798	213	590	803
"ND"	2010	"Morton"	"7"	136	300	436	207	231	438	205	235	440	139	302	441
"ND"	2010	"Morton"	"8"	132	253	385	189	189	378	178	205	383	119	267	386
"ND"	2010	"Morton"	"17"	215	752	967	368	603	971	356	606	962	218	746	964
"ND"	2010	"Morton"	"18"	109	303	412	145	270	415	138	273	411	79	324	403
"ND"	2010	"Morton"	"20"	39	156	195	79	116	195	73	120	193	48	145	193
"ND"	2010	"Morton"	"23"	34	164	198	73	131	204	66	130	196	39	161	200
"ND"	2010	"Morton"	"24"	81	325	406	133	276	409	121	288	409	80	330	410
"ND"	2010	"Morton"	"32"	187	648	835	287	562	849	283	565	848	203	653	856
"ND"	2010	"Morton"	"33"	111	497	608	220	387	607	197	405	602	132	478	610
"ND"	2010	"Morton"	"34"	14	100	114	31	84	115	32	79	111	19	95	114
"ND"	2010	"Morton"	"36"	44	329	373	107	267	374	92	278	370	60	305	365
"ND"	2010	"Morton"	"38"	35	282	317	81	237	318	68	252	320	42	274	316
"ND"	2010	"Mountrail"	"1"	84	398	482	168	314	482	154	331	485	99	393	492
"ND"	2010	"Mountrail"	"2"	196	176	372	280	95	375	246	132	378	216	160	376
"ND"	2010	"Mountrail"	"3"	122	181	303	203	102	305	184	121	305	143	164	307
"ND"	2010	"Mountrail"	"4"	37	83	120	58	66	124	52	72	124	36	87	123
"ND"	2010	"Mountrail"	"5"	34	128	162	66	98	164	52	108	160	43	121	164
"ND"	2010	"Mountrail"	"6"	13	64	77	32	53	85	30	56	86	18	68	86
"ND"	2010	"Mountrail"	"7"	39	162	201	72	137	209	50	157	207	31	179	210
"ND"	2010	"Mountrail"	"8"	90	160	250	138	114	252	130	121	251	106	145	251
"ND"	2010	"Mountrail"	"9"	49	98	147	92	62	154	74	76	150	65	89	154
"ND"	2010	"Nelson"	"1 Nelson County"	381	1160	1541	889	666	1555	636	903	1539	458	1092	1550
"ND"	2010	"Oliver"	"01-SouthEast Oliver"	33	138	171	62	111	173	51	120	171	33	140	173
"ND"	2010	"Oliver"	"02-Center /West Side"	23	95	118	52	67	119	37	82	119	34	85	119
"ND"	2010	"Oliver"	"03-Hensler"	11	69	80	32	47	79	26	57	83	16	65	81
"ND"	2010	"Oliver"	"04-Fort Clark"	9	57	66	23	43	66	16	50	66	13	53	66
"ND"	2010	"Oliver"	"05-Far West Oliver"	21	99	120	41	85	126	42	84	126	23	103	126
"ND"	2010	"Oliver"	"06-Hannover"	29	146	175	68	108	176	49	130	179	40	138	178
"ND"	2010	"Oliver"	"07-Center/ East Side"	28	122	150	67	84	151	53	99	152	32	121	153
"ND"	2010	"Pembina"	"Precinct 10-01"	79	417	496	205	286	491	150	326	476	112	372	484
"ND"	2010	"Pembina"	"Precinct 10-02"	77	371	448	244	217	461	170	280	450	118	334	452
"ND"	2010	"Pembina"	"Precinct 10-03"	93	455	548	274	280	554	178	365	543	125	427	552
"ND"	2010	"Pembina"	"Precinct 10-04"	77	504	581	252	330	582	180	386	566	115	472	587
"ND"	2010	"Pembina"	"Precinct 10-05"	36	196	232	106	126	232	71	155	226	47	182	229
"ND"	2010	"Pembina"	"Precinct 16-06"	85	238	323	182	144	326	134	186	320	96	227	323
"ND"	2010	"Pierce"	"1"	14	93	107	29	75	104	24	75	99	25	79	104
"ND"	2010	"Pierce"	"2"	40	108	148	58	87	145	66	82	148	44	104	148
"ND"	2010	"Pierce"	"3"	37	173	210	99	113	212	84	128	212	54	161	215
"ND"	2010	"Pierce"	"4- 1ST WARD 1ST"	58	218	276	124	150	274	110	171	281	73	210	283
"ND"	2010	"Pierce"	"5- 1ST WARD 2ND"	5	55	60	24	35	59	20	40	60	11	48	59
"ND"	2010	"Pierce"	"6 -2ND WARD"	61	292	353	140	214	354	119	235	354	80	274	354
"ND"	2010	"Pierce"	"7-3RD WARD"	50	220	270	126	141	267	95	172	267	53	218	271
"ND"	2010	"Pierce"	"8 - 4TH WARD"	74	412	486	198	281	479	154	323	477	110	374	484
"ND"	2010	"Ramsey"	"1"	482	1764	2246	1284	983	2267	839	1381	2220	677	1571	2248
"ND"	2010	"Ramsey"	"2"	99	496	595	282	310	592	194	391	585	136	453	589
"ND"	2010	"Ramsey"	"3"	202	702	904	466	448	914	326	563	889	235	666	901
"ND"	2010	"Ramsey"	"4"	79	291	370	197	191	388	139	229	368	97	283	380
"ND"	2010	"Ransom"	"1"	48	116	164	98	70	168	72	91	163	51	114	165
"ND"	2010	"Ransom"	"2"	124	236	360	235	122	357	177	182	359	147	218	365
"ND"	2010	"Ransom"	"3"	212	497	709	480	235	715	357	343	700	262	447	709
"ND"	2010	"Ransom"	"4"	41	143	184	123	65	188	83	101	184	55	131	186
"ND"	2010	"Ransom"	"5"	66	198	264	160	105	265	107	153	260	84	181	265
"ND"	2010	"Ransom"	"6"	47	123	170	83	92	175	65	107	172	50	124	174
"ND"	2010	"Renville"	"GLENBURN"	37	188	225	91	133	224	81	140	221	54	170	224
"ND"	2010	"Renville"	"MOHALL"	92	352	444	172	267	439	157	285	442	88	356	444
"ND"	2010	"Renville"	"SHERWOOD"	38	164	202	87	114	201	73	129	202	41	161	202
"ND"	2010	"Renville"	"TOLLEY"	24	88	112	46	63	109	54	59	113	30	83	113
"ND"	2010	"Renville"	"WHITE ASH"	18	40	58	33	29	62	35	27	62	23	38	61
"ND"	2010	"Richland"	"ABERCROMBIE"	45	220	265	118	150	268	75	186	261	51	213	264
"ND"	2010	"Richland"	"BARNEY"	34	97	131	68	64	132	49	79	128	35	94	129
"ND"	2010	"Richland"	"BARRIE-HELENDALE"	21	93	114	49	73	122	38	77	115	28	91	119
"ND"	2010	"Richland"	"BRIGHTWOOD-ELMA"	35	93	128	73	56	129	56	66	122	32	92	124
"ND"	2010	"Richland"	"CHRISTINE"	31	122	153	61	91	152	53	99	152	34	118	152
"ND"	2010	"Richland"	"COLFAX"	44	133	177	89	94	183	70	112	182	55	131	186
"ND"	2010	"Richland"	"FAIRMOUNT"	58	190	248	126	121	247	96	145	241	64	181	245
"ND"	2010	"Richland"	"HANKINSON"	106	328	434	223	208	431	175	245	420	119	313	432
"ND"	2010	"Richland"	"LIDGERWOOD"	89	252	341	187	165	352	147	191	338	112	229	341
"ND"	2010	"Richland"	"MANTADOR"	23	80	103	60	49	109	44	61	105	32	72	104
"ND"	2010	"Richland"	"MOORETON"	49	110	159	104	57	161	86	74	160	55	107	162
"ND"	2010	"Richland"	"NANSEN-VIKING-SHEYENNE"	17	86	103	44	59	103	34	69	103	27	77	104
"ND"	2010	"Richland"	"WAHPETON CITY HALL"	81	424	505	215	293	508	159	342	501	102	403	505
"ND"	2010	"Richland"	"WAHPETON COMM CENTER"	131	482	613	353	272	625	240	379	619	160	462	622
"ND"	2010	"Richland"	"WAHPETON MIDDLE SCHOOL"	111	531	642	331	312	643	227	392	619	134	499	633
"ND"	2010	"Richland"	"WAHPETON RICHLAND LEC"	164	624	788	377	417	794	282	503	785	177	621	798
"ND"	2010	"Richland"	"WALCOTT"	44	170	214	88	127	215	77	136	213	50	166	216
"ND"	2010	"Richland"	"WYNDMERE"	122	287	409	220	195	415	183	224	407	128	283	411
"ND"	2010	"Rolette"	"Dunseith #4"	426	423	849	691	200	891	593	238	831	554	303	857
"ND"	2010	"Rolette"	"Rolette #5"	132	378	510	284	232	516	231	274	505	174	339	513
"ND"	2010	"Rolette"	"Rolla #1"	119	463	582	312	272	584	222	347	569	145	433	578
"ND"	2010	"Rolette"	"St John #2"	145	261	406	272	136	408	225	168	393	193	208	401
"ND"	2010	"Rolette"	"Turtle Mtn Reservation #3"	932	564	1496	1369	185	1554	1262	253	1515	1162	356	1518
"ND"	2010	"Sargent"	"Cogswell #3"	68	144	212	129	84	213	101	108	209	78	134	212
"ND"	2010	"Sargent"	"Forman-Havana #4"	165	304	469	303	167	470	245	221	466	179	288	467
"ND"	2010	"Sargent"	"Gwinner #2"	79	217	296	167	134	301	126	172	298	95	205	300
"ND"	2010	"Sargent"	"Milnor #1"	133	269	402	232	171	403	187	208	395	142	257	399
"ND"	2010	"Sargent"	"Rutland-Cayuga #5"	101	104	205	144	63	207	125	77	202	97	105	202
"ND"	2010	"Sheridan"	"1"	50	333	383	138	243	381	106	276	382	68	313	381
"ND"	2010	"Sheridan"	"2"	61	328	389	111	273	384	105	281	386	64	326	390
"ND"	2010	"Sioux"	"Cannonball"	24	58	82	62	28	90	53	34	87	43	45	88
"ND"	2010	"Sioux"	"FY East"	79	62	141	122	20	142	100	37	137	89	52	141
"ND"	2010	"Sioux"	"FY North"	41	32	73	68	7	75	57	18	75	54	21	75
"ND"	2010	"Sioux"	"FY West"	81	67	148	138	16	154	113	32	145	105	42	147
"ND"	2010	"Sioux"	"Porcupine"	25	34	59	52	10	62	38	20	58	38	21	59
"ND"	2010	"Sioux"	"Selfridge"	72	141	213	110	103	213	104	108	212	93	122	215
"ND"	2010	"Sioux"	"Solen"	5	32	37	16	24	40	17	19	36	8	28	36
"ND"	2010	"Slope"	"Amidon Courthouse"	24	93	117	48	71	119	34	82	116	19	98	117
"ND"	2010	"Slope"	"Marmath Community Center"	12	96	108	34	82	116	19	92	111	19	94	113
"ND"	2010	"Slope"	"Pierce Church"	13	90	103	27	76	103	24	77	101	14	90	104
"ND"	2010	"Stark"	"Armory 2"	94	686	780	255	529	784	183	601	784	119	669	788
"ND"	2010	"Stark"	"Armory 3"	151	643	794	307	495	802	216	575	791	191	598	789
"ND"	2010	"Stark"	"Armory 4"	181	902	1083	395	698	1093	285	784	1069	218	864	1082
"ND"	2010	"Stark"	"Armory 5"	149	675	824	305	510	815	234	581	815	184	643	827
"ND"	2010	"Stark"	"Belfield"	26	347	373	72	308	380	66	314	380	60	317	377
"ND"	2010	"Stark"	"Gladstone"	25	150	175	62	116	178	49	129	178	44	131	175
"ND"	2010	"Stark"	"Lady J's Cater 36"	94	516	610	210	402	612	169	449	618	126	489	615
"ND"	2010	"Stark"	"Lady J's Cater 37"	36	227	263	96	176	272	63	203	266	48	221	269
"ND"	2010	"Stark"	"Range 95/96"	101	704	805	221	588	809	164	642	806	145	667	812
"ND"	2010	"Stark"	"Richardton"	55	327	382	127	256	383	82	293	375	65	312	377
"ND"	2010	"Stark"	"South Heart"	88	317	405	148	262	410	138	271	409	108	305	413
"ND"	2010	"Stark"	"Stark County Courthouse"	151	783	934	328	613	941	246	686	932	189	756	945
"ND"	2010	"Stark"	"Taylor"	28	144	172	41	133	174	34	139	173	23	150	173
"ND"	2010	"Steele"	"1"	61	89	150	102	47	149	85	62	147	66	84	150
"ND"	2010	"Steele"	"2"	68	175	243	138	102	240	105	137	242	73	171	244
"ND"	2010	"Steele"	"3"	52	146	198	110	91	201	81	117	198	47	155	202
"ND"	2010	"Steele"	"4"	89	167	256	161	98	259	127	129	256	95	161	256
"ND"	2010	"Steele"	"5"	23	25	48	32	16	48	26	21	47	23	24	47
"ND"	2010	"Stutsman"	"P1"	39	190	229	112	124	236	77	149	226	64	164	228
"ND"	2010	"Stutsman"	"J1"	205	720	925	451	479	930	339	581	920	239	691	930
"ND"	2010	"Stutsman"	"J2"	212	875	1087	523	559	1082	382	669	1051	262	811	1073
"ND"	2010	"Stutsman"	"J3"	184	661	845	394	447	841	295	523	818	218	619	837
"ND"	2010	"Stutsman"	"J4"	135	615	750	344	400	744	255	478	733	171	573	744
"ND"	2010	"Stutsman"	"J5"	205	662	867	456	417	873	347	507	854	249	622	871
"ND"	2010	"Stutsman"	"J6"	180	508	688	344	361	705	306	383	689	231	469	700
"ND"	2010	"Stutsman"	"P2"	41	111	152	91	70	161	72	86	158	60	101	161
"ND"	2010	"Stutsman"	"P3"	102	349	451	225	224	449	168	264	432	131	313	444
"ND"	2010	"Stutsman"	"P4"	120	485	605	256	348	604	205	380	585	172	430	602
"ND"	2010	"Stutsman"	"P5"	79	376	455	151	305	456	141	309	450	107	348	455
"ND"	2010	"Stutsman"	"P6"	94	459	553	224	321	545	169	363	532	122	412	534
"ND"	2010	"Towner"	"Cando"	115	501	616	286	336	622	210	393	603	146	470	616
"ND"	2010	"Towner"	"Egeland"	53	136	189	119	69	188	79	104	183	65	115	180
"ND"	2010	"Towner"	"Rocklake"	79	130	209	145	66	211	116	90	206	80	129	209
"ND"	2010	"Traill"	"1"	44	77	121	71	53	124	60	63	123	45	77	122
"ND"	2010	"Traill"	"10"	59	272	331	154	180	334	108	221	329	71	263	334
"ND"	2010	"Traill"	"11"	83	223	306	176	130	306	134	169	303	87	220	307
"ND"	2010	"Traill"	"12"	87	283	370	207	168	375	154	219	373	97	280	377
"ND"	2010	"Traill"	"13"	95	212	307	192	116	308	156	150	306	94	217	311
"ND"	2010	"Traill"	"2"	56	166	222	124	99	223	97	119	216	68	148	216
"ND"	2010	"Traill"	"3"	38	114	152	75	81	156	61	93	154	36	119	155
"ND"	2010	"Traill"	"4"	37	76	113	67	50	117	55	65	120	37	84	121
"ND"	2010	"Traill"	"5"	33	80	113	65	46	111	46	66	112	34	80	114
"ND"	2010	"Traill"	"6"	32	52	84	54	33	87	44	43	87	35	52	87
"ND"	2010	"Traill"	"7"	76	271	347	179	171	350	153	193	346	91	260	351
"ND"	2010	"Traill"	"8"	48	187	235	114	123	237	95	145	240	44	195	239
"ND"	2010	"Traill"	"9"	77	249	326	177	150	327	142	182	324	87	237	324
"ND"	2010	"Walsh"	"1 - Adams, Fairdale"	55	143	198	128	75	203	111	88	199	71	129	200
"ND"	2010	"Walsh"	"10 - Grafton Ward 1"	49	156	205	114	98	212	89	121	210	62	148	210
"ND"	2010	"Walsh"	"11 - Grafton Ward 2"	23	111	134	68	69	137	49	82	131	28	104	132
"ND"	2010	"Walsh"	"12 - Grafton Ward 3"	62	224	286	150	136	286	114	172	286	76	212	288
"ND"	2010	"Walsh"	"13 - Grafton Ward 4"	46	175	221	118	101	219	92	120	212	47	166	213
"ND"	2010	"Walsh"	"14 - Grafton Ward 5"	48	351	399	163	239	402	118	278	396	74	324	398
"ND"	2010	"Walsh"	"15 - Park River Wd 1"	31	171	202	97	102	199	74	121	195	44	150	194
"ND"	2010	"Walsh"	"16 - Park River Wd 2"	24	146	170	89	80	169	65	103	168	38	131	169
"ND"	2010	"Walsh"	"17 - Park River Wd 3"	28	149	177	80	98	178	52	121	173	39	136	175
"ND"	2010	"Walsh"	"18 - Minto"	38	163	201	114	88	202	84	115	199	45	155	200
"ND"	2010	"Walsh"	"2 - Edinburg"	42	196	238	121	119	240	86	150	236	58	181	239
"ND"	2010	"Walsh"	"3 - Hoople"	26	223	249	95	157	252	69	181	250	40	209	249
"ND"	2010	"Walsh"	"4 - Townships"	47	229	276	112	166	278	88	187	275	56	223	279
"ND"	2010	"Walsh"	"5 - Ardoch"	46	117	163	103	63	166	73	84	157	50	110	160
"ND"	2010	"Walsh"	"6 - Forest River"	31	194	225	87	137	224	62	156	218	36	184	220
"ND"	2010	"Walsh"	"7 - Pisek"	60	225	285	135	155	290	105	180	285	57	232	289
"ND"	2010	"Walsh"	"8 - Fordville,Conway"	61	155	216	120	94	214	89	124	213	68	145	213
"ND"	2010	"Walsh"	"9 - Lankin"	50	107	157	107	52	159	84	67	151	71	85	156
"ND"	2010	"Ward"	"1A Child Development Center"	143	421	564	269	300	569	283	290	573	158	414	572
"ND"	2010	"Ward"	"1B Courthouse"	180	734	914	369	548	917	373	545	918	222	695	917
"ND"	2010	"Ward"	"2A Trinity Nursing Home"	120	381	501	248	252	500	209	294	503	140	366	506
"ND"	2010	"Ward"	"2B McKinley School"	128	450	578	267	318	585	242	338	580	164	416	580
"ND"	2010	"Ward"	"2C Augustana Church"	58	258	316	129	191	320	126	193	319	74	244	318
"ND"	2010	"Ward"	"3A Lewis & Clark School"	157	779	936	394	549	943	368	566	934	216	722	938
"ND"	2010	"Ward"	"3B Lewis & Clark School"	131	644	775	308	464	772	283	477	760	148	620	768
"ND"	2010	"Ward"	"4A Bel Air School"	211	1103	1314	505	800	1305	454	840	1294	252	1064	1316
"ND"	2010	"Ward"	"4B Perkett School"	195	1069	1264	480	778	1258	446	810	1256	234	1027	1261
"ND"	2010	"Ward"	"5A Little Flower School"	70	284	354	158	197	355	138	215	353	86	265	351
"ND"	2010	"Ward"	"5B Longfellow School"	148	589	737	334	391	725	298	432	730	193	547	740
"ND"	2010	"Ward"	"5C Lincoln School"	76	361	437	178	260	438	167	266	433	89	347	436
"ND"	2010	"Ward"	"6A Minot Rural FD"	261	1081	1342	549	780	1329	550	771	1321	309	1024	1333
"ND"	2010	"Ward"	"6B Bread of Life Church"	222	1123	1345	526	809	1335	520	817	1337	281	1063	1344
"ND"	2010	"Ward"	"7A Municipal Auditorium"	124	457	581	290	292	582	246	334	580	169	421	590
"ND"	2010	"Ward"	"7B 1st Assembly of God Church"	89	402	491	227	268	495	195	297	492	125	372	497
"ND"	2010	"Ward"	"7C 1st Assembly of God Church"	70	407	477	184	300	484	177	303	480	95	387	482
"ND"	2010	"Ward"	"Afton Our Savior Lutheran"	46	250	296	100	199	299	110	187	297	54	240	294
"ND"	2010	"Ward"	"Berthold Sr Citizen Center"	90	375	465	190	274	464	171	300	471	102	369	471
"ND"	2010	"Ward"	"Burlington City Hall"	116	577	693	247	439	686	262	433	695	137	559	696
"ND"	2010	"Ward"	"Des Lacs Community Hall"	32	199	231	87	146	233	99	133	232	45	184	229
"ND"	2010	"Ward"	"Harrison Courthouse"	95	563	658	221	443	664	210	452	662	102	563	665
"ND"	2010	"Ward"	"Kenmare Memorial Hall"	111	462	573	228	349	577	172	403	575	115	462	577
"ND"	2010	"Ward"	"Makoti Pioneer Sr Citizen Club"	23	100	123	51	67	118	53	65	118	32	88	120
"ND"	2010	"Ward"	"Nedrose School"	153	686	839	350	488	838	351	480	831	186	646	832
"ND"	2010	"Ward"	"North Central Lynch Immanuel"	13	75	88	20	69	89	20	69	89	14	75	89
"ND"	2010	"Ward"	"Ruthville Lynch Immanuel"	32	154	186	66	123	189	65	123	188	36	154	190
"ND"	2010	"Ward"	"Ryder Elementary School"	50	139	189	94	88	182	101	88	189	62	127	189
"ND"	2010	"Ward"	"Sawyer City Hall"	59	291	350	117	237	354	106	242	348	67	286	353
"ND"	2010	"Ward"	"South Prairie School"	78	188	266	135	134	269	110	149	259	82	182	264
"ND"	2010	"Ward"	"Sundre Bell School"	77	373	450	168	285	453	170	285	455	101	355	456
"ND"	2010	"Ward"	"Surrey City Hall"	95	490	585	233	351	584	234	349	583	118	469	587
"ND"	2010	"Wells"	"01 Harvey"	41	248	289	84	211	295	74	211	285	49	238	287
"ND"	2010	"Wells"	"02 Fessenden"	67	172	239	105	133	238	93	145	238	65	177	242
"ND"	2010	"Wells"	"03 Bowdon"	48	237	285	90	191	281	84	197	281	59	229	288
"ND"	2010	"Wells"	"04 Sykeston"	40	168	208	93	119	212	65	140	205	41	165	206
"ND"	2010	"Wells"	"05 Harvey"	151	708	859	350	509	859	274	585	859	179	682	861
"ND"	2010	"Wells"	"06 Fessenden"	40	241	281	106	172	278	67	209	276	49	228	277
"ND"	2010	"Williams"	"43"	38	361	399	108	299	407	89	319	408	52	358	410
"ND"	2010	"Williams"	"45"	22	64	86	31	55	86	36	50	86	22	62	84
"ND"	2010	"Williams"	"48"	36	249	285	75	213	288	70	215	285	39	249	288
"ND"	2010	"Williams"	"53"	10	80	90	20	72	92	18	70	88	16	73	89
"ND"	2010	"Williams"	"55"	36	103	139	56	89	145	49	92	141	35	107	142
"ND"	2010	"Williams"	"59"	209	978	1187	404	778	1182	357	821	1178	232	960	1192
"ND"	2010	"Williams"	"60"	68	343	411	141	274	415	129	284	413	89	324	413
"ND"	2010	"Williams"	"62"	26	138	164	55	108	163	57	106	163	34	133	167
"ND"	2010	"Williams"	"63"	68	208	276	140	144	284	125	156	281	89	192	281
"ND"	2010	"Williams"	"64"	53	519	572	134	433	567	108	461	569	77	490	567
"ND"	2010	"Williams"	"65"	25	113	138	58	80	138	51	89	140	38	103	141
"ND"	2010	"Williams"	"67"	25	95	120	60	56	116	46	75	121	27	94	121
"ND"	2010	"Williams"	"73"	110	692	802	253	565	818	206	595	801	135	678	813
"ND"	2010	"Williams"	"74"	116	720	836	268	573	841	234	598	832	147	696	843
"ND"	2010	"Williams"	"76"	97	611	708	221	492	713	189	524	713	107	610	717
