state	year	county	precinct	g2008_USP_dv	g2008_USP_rv	g2008_USP_tv	g2008_USH_dv	g2008_USH_rv	g2008_USH_tv	g2008_GOV_dv	g2008_GOV_rv	g2008_GOV_tv
"ND"	2008	"Adams"	"39_1"	435	788	1223	691	575	1266	266	989	1255
"ND"	2008	"Adams"	"39_2(06)"									
"ND"	2008	"Adams"	"39_3(06)"									
"ND"	2008	"Barnes"	"20_6"	152	157	309	202	116	318	85	223	308
"ND"	2008	"Barnes"	"20_10"	44	44	88	53	32	85	27	56	83
"ND"	2008	"Barnes"	"20_12"	102	141	243	131	130	261	60	191	251
"ND"	2008	"Barnes"	"20_13"	141	118	259	179	85	264	74	185	259
"ND"	2008	"Barnes"	"24_1"	184	166	350	249	102	351	90	262	352
"ND"	2008	"Barnes"	"24_2"	404	358	762	545	244	789	219	546	765
"ND"	2008	"Barnes"	"24_3"	262	183	445	342	115	457	123	322	445
"ND"	2008	"Barnes"	"24_4"	346	313	659	477	208	685	162	499	661
"ND"	2008	"Barnes"	"24_5"	489	488	977	691	302	993	232	737	969
"ND"	2008	"Barnes"	"24_7"	87	125	212	132	86	218	40	173	213
"ND"	2008	"Barnes"	"24_8"	43	56	99	62	40	102	20	80	100
"ND"	2008	"Barnes"	"24_9"	115	114	229	142	91	233	61	167	228
"ND"	2008	"Barnes"	"24_11"	239	357	596	368	244	612	113	486	599
"ND"	2008	"Barnes"	"24_14"	50	49	99	70	32	102	37	61	98
"ND"	2008	"Barnes"	"24_15"	83	157	240	139	103	242	41	199	240
"ND"	2008	"Benson"	"7_1"	48	49	97	66	32	98	31	67	98
"ND"	2008	"Benson"	"7_2"	245	218	463	335	136	471	108	359	467
"ND"	2008	"Benson"	"7_3"	114	67	181	128	55	183	64	118	182
"ND"	2008	"Benson"	"7_4"	232	177	409	289	132	421	113	301	414
"ND"	2008	"Benson"	"23_5"	108	67	175	131	45	176	56	122	178
"ND"	2008	"Benson"	"23_6"	66	53	119	85	35	120	39	80	119
"ND"	2008	"Benson"	"23_7"	623	80	703	610	70	680	364	307	671
"ND"	2008	"Benson"	"23_8"	133	62	195	148	43	191	72	116	188
"ND"	2008	"Billings"	"39_1"	33	106	139	56	91	147	22	127	149
"ND"	2008	"Billings"	"39_2"	73	200	273	127	149	276	39	232	271
"ND"	2008	"Billings"	"39_3"	8	69	77	17	62	79	9	65	74
"ND"	2008	"Billings"	"39_4(02)"									
"ND"	2008	"Bottineau"	"6_1"	229	342	571	332	252	584	115	459	574
"ND"	2008	"Bottineau"	"6_2(06)"									
"ND"	2008	"Bottineau"	"6_3"	66	90	156	101	64	165	34	121	155
"ND"	2008	"Bottineau"	"6_4"	153	219	372	227	153	380	84	294	378
"ND"	2008	"Bottineau"	"6_5"	24	124	148	58	91	149	23	121	144
"ND"	2008	"Bottineau"	"6_6"	132	224	356	205	166	371	70	291	361
"ND"	2008	"Bottineau"	"6_7"	30	61	91	59	34	93	13	78	91
"ND"	2008	"Bottineau"	"6_8"	65	146	211	109	103	212	39	169	208
"ND"	2008	"Bottineau"	"6_9(06)"									
"ND"	2008	"Bottineau"	"6_10"	112	180	292	192	99	291	50	235	285
"ND"	2008	"Bottineau"	"6_11"	81	93	174	111	67	178	45	136	181
"ND"	2008	"Bottineau"	"6_12"	173	193	366	236	138	374	70	304	374
"ND"	2008	"Bottineau"	"6_13"	122	131	253	171	85	256	52	199	251
"ND"	2008	"Bottineau"	"6_14"	101	131	232	139	98	237	43	188	231
"ND"	2008	"Bottineau"	"6_15"	99	125	224	148	84	232	25	207	232
"ND"	2008	"Bowman"	"39_1"	275	543	818	420	397	817	128	696	824
"ND"	2008	"Bowman"	"39_2"	67	228	295	127	172	299	47	243	290
"ND"	2008	"Bowman"	"39_3"	48	142	190	96	99	195	25	169	194
"ND"	2008	"Bowman"	"39_4"	88	194	282	150	145	295	58	238	296
"ND"	2008	"Bowman"	"39_5(02)"									
"ND"	2008	"Burke"	"2_1"	10	41	51	24	32	56	7	48	55
"ND"	2008	"Burke"	"2_2"	96	203	299	147	156	303	47	251	298
"ND"	2008	"Burke"	"2_3"	78	174	252	130	133	263	50	211	261
"ND"	2008	"Burke"	"2_4"	52	90	142	85	63	148	14	132	146
"ND"	2008	"Burke"	"2_5"	25	89	114	64	53	117	13	103	116
"ND"	2008	"Burke"	"2_6"	25	43	68	36	32	68	9	57	66
"ND"	2008	"Burleigh"	"8_4"	63	119	182	85	102	187	42	136	178
"ND"	2008	"Burleigh"	"8_5"	476	1232	1708	809	913	1722	309	1388	1697
"ND"	2008	"Burleigh"	"8_6"	978	1564	2542	1415	1153	2568	512	2014	2526
"ND"	2008	"Burleigh"	"8_10"	567	1165	1732	894	856	1750	339	1379	1718
"ND"	2008	"Burleigh"	"14_11"	63	111	174	86	95	181	26	143	169
"ND"	2008	"Burleigh"	"14_12"	47	50	97	64	40	104	35	65	100
"ND"	2008	"Burleigh"	"14_13"	130	195	325	175	157	332	100	222	322
"ND"	2008	"Burleigh"	"14_15(04)"									
"ND"	2008	"Burleigh"	"14_16"	87	177	264	123	151	274	64	200	264
"ND"	2008	"Burleigh"	"14_17"	105	235	340	171	177	348	86	252	338
"ND"	2008	"Burleigh"	"14_18(04)"									
"ND"	2008	"Burleigh"	"14_19"	505	803	1308	724	600	1324	303	992	1295
"ND"	2008	"Burleigh"	"30_20"	417	660	1077	555	523	1078	250	813	1063
"ND"	2008	"Burleigh"	"30_21"	320	460	780	451	323	774	130	617	747
"ND"	2008	"Burleigh"	"30_22"	547	657	1204	740	492	1232	336	863	1199
"ND"	2008	"Burleigh"	"30_23"	355	567	922	515	405	920	222	688	910
"ND"	2008	"Burleigh"	"30_24"	678	1033	1711	977	773	1750	375	1343	1718
"ND"	2008	"Burleigh"	"30_25"	603	1209	1812	926	903	1829	310	1492	1802
"ND"	2008	"Burleigh"	"32_31"	372	397	769	500	275	775	189	559	748
"ND"	2008	"Burleigh"	"32_33"	383	467	850	527	349	876	223	640	863
"ND"	2008	"Burleigh"	"32_34"	301	287	588	381	227	608	166	421	587
"ND"	2008	"Burleigh"	"32_36"	378	530	908	532	375	907	192	704	896
"ND"	2008	"Burleigh"	"32_37"	512	951	1463	783	682	1465	247	1213	1460
"ND"	2008	"Burleigh"	"32_38"	642	803	1445	862	610	1472	327	1102	1429
"ND"	2008	"Burleigh"	"32_39"	359	447	806	467	340	807	165	627	792
"ND"	2008	"Burleigh"	"35_51"	418	673	1091	595	493	1088	202	883	1085
"ND"	2008	"Burleigh"	"35_52"	526	754	1280	732	575	1307	275	1012	1287
"ND"	2008	"Burleigh"	"35_53"	642	1094	1736	931	803	1734	302	1420	1722
"ND"	2008	"Burleigh"	"35_54"	319	506	825	477	362	839	169	651	820
"ND"	2008	"Burleigh"	"35_55"	428	671	1099	611	489	1100	216	865	1081
"ND"	2008	"Burleigh"	"35_56"	764	741	1505	934	592	1526	421	1085	1506
"ND"	2008	"Burleigh"	"35_57(04)"									
"ND"	2008	"Burleigh"	"47_40"	498	1172	1670	798	868	1666	281	1377	1658
"ND"	2008	"Burleigh"	"47_41"	747	1601	2348	1121	1206	2327	351	1996	2347
"ND"	2008	"Burleigh"	"47_42"	567	784	1351	820	533	1353	294	1048	1342
"ND"	2008	"Burleigh"	"47_45"	578	987	1565	836	727	1563	297	1252	1549
"ND"	2008	"Burleigh"	"47_46"	488	789	1277	692	597	1289	253	1034	1287
"ND"	2008	"Burleigh"	"47_48"	737	1552	2289	1103	1179	2282	370	1902	2272
"ND"	2008	"Cass"	"11_1"	1905	1390	3295	2253	1029	3282	1107	2175	3282
"ND"	2008	"Cass"	"11_2"	2060	1225	3285	2376	939	3315	1198	2032	3230
"ND"	2008	"Cass"	"11_3(06)"									
"ND"	2008	"Cass"	"11_4(06)"									
"ND"	2008	"Cass"	"11_5(06)"									
"ND"	2008	"Cass"	"13_1"	1166	1162	2328	1588	782	2370	587	1755	2342
"ND"	2008	"Cass"	"13_2"	1551	1235	2786	1970	837	2807	818	1947	2765
"ND"	2008	"Cass"	"13_3"	1663	1827	3490	2239	1245	3484	774	2703	3477
"ND"	2008	"Cass"	"13_4(06)"									
"ND"	2008	"Cass"	"13_5(06)"									
"ND"	2008	"Cass"	"20_1"	86	75	161	119	44	163	48	112	160
"ND"	2008	"Cass"	"20_2"	273	259	532	371	171	542	149	382	531
"ND"	2008	"Cass"	"21_1"	1902	962	2864	2152	721	2873	1178	1622	2800
"ND"	2008	"Cass"	"21_2"	1739	974	2713	2014	702	2716	1031	1599	2630
"ND"	2008	"Cass"	"21_3(06)"									
"ND"	2008	"Cass"	"21_4(06)"									
"ND"	2008	"Cass"	"21_5(06)"									
"ND"	2008	"Cass"	"21_6(06)"									
"ND"	2008	"Cass"	"22_1"	32	62	94	45	51	96	20	75	95
"ND"	2008	"Cass"	"22_2"	255	238	493	326	172	498	136	353	489
"ND"	2008	"Cass"	"22_3"	303	336	639	413	244	657	197	452	649
"ND"	2008	"Cass"	"22_4"	200	219	419	266	159	425	109	311	420
"ND"	2008	"Cass"	"22_5"	701	607	1308	924	407	1331	387	928	1315
"ND"	2008	"Cass"	"22_6"	300	326	626	407	230	637	170	455	625
"ND"	2008	"Cass"	"22_7"	115	137	252	148	106	254	61	187	248
"ND"	2008	"Cass"	"22_8"	175	181	356	233	136	369	108	251	359
"ND"	2008	"Cass"	"22_9"	394	396	790	523	281	804	196	596	792
"ND"	2008	"Cass"	"22_10"	1127	1340	2467	1578	892	2470	485	1952	2437
"ND"	2008	"Cass"	"22_11"	776	822	1598	1012	607	1619	409	1190	1599
"ND"	2008	"Cass"	"22_12"	201	288	489	281	209	490	100	388	488
"ND"	2008	"Cass"	"27_1"	2641	1713	4354	3068	1246	4314	1324	2859	4183
"ND"	2008	"Cass"	"27_2"	545	461	1006	691	322	1013	302	708	1010
"ND"	2008	"Cass"	"27_3"	390	236	626	477	150	627	168	437	605
"ND"	2008	"Cass"	"27_4"	1708	1710	3418	2199	1200	3399	731	2637	3368
"ND"	2008	"Cass"	"27_5"	359	459	818	483	330	813	220	594	814
"ND"	2008	"Cass"	"27_6(06)"									
"ND"	2008	"Cass"	"41_1"	2147	2062	4209	2778	1419	4197	1030	3127	4157
"ND"	2008	"Cass"	"41_2"	1479	1691	3170	1961	1186	3147	724	2414	3138
"ND"	2008	"Cass"	"41_3(06)"									
"ND"	2008	"Cass"	"41_4(06)"									
"ND"	2008	"Cass"	"41_5(06)"									
"ND"	2008	"Cass"	"44_1"	2331	1525	3856	2789	1106	3895	1372	2413	3785
"ND"	2008	"Cass"	"44_2"	1697	1605	3302	2181	1155	3336	849	2466	3315
"ND"	2008	"Cass"	"44_3(06)"									
"ND"	2008	"Cass"	"44_4(06)"									
"ND"	2008	"Cass"	"44_5(06)"									
"ND"	2008	"Cass"	"44_6(06)"									
"ND"	2008	"Cass"	"45_1"	1323	1155	2478	1594	810	2404	615	1746	2361
"ND"	2008	"Cass"	"45_2"	1618	1491	3109	2045	1045	3090	787	2294	3081
"ND"	2008	"Cass"	"45_3"	445	503	948	600	365	965	233	719	952
"ND"	2008	"Cass"	"45_4(06)"									
"ND"	2008	"Cass"	"45_5(04)"									
"ND"	2008	"Cass"	"45_6(06)"									
"ND"	2008	"Cass"	"46_1"	1719	1359	3078	2161	959	3120	878	2149	3027
"ND"	2008	"Cass"	"46_2"	2296	2535	4831	3114	1720	4834	1097	3713	4810
"ND"	2008	"Cass"	"46_3(06)"									
"ND"	2008	"Cass"	"46_4(06)"									
"ND"	2008	"Cass"	"46_5(06)"									
"ND"	2008	"Cass"	"46_6(06)"									
"ND"	2008	"Cavalier"	"10_1"	44	46	90	67	33	100	20	77	97
"ND"	2008	"Cavalier"	"10_2"	51	34	85	62	29	91	14	73	87
"ND"	2008	"Cavalier"	"10_3"	51	136	187	101	92	193	23	168	191
"ND"	2008	"Cavalier"	"10_4"	29	40	69	43	29	72	8	63	71
"ND"	2008	"Cavalier"	"10_5"	33	30	63	47	19	66	15	52	67
"ND"	2008	"Cavalier"	"10_6"	43	54	97	70	28	98	17	83	100
"ND"	2008	"Cavalier"	"10_7"	67	61	128	83	44	127	36	89	125
"ND"	2008	"Cavalier"	"10_8"	57	39	96	74	25	99	28	72	100
"ND"	2008	"Cavalier"	"10_9"	141	152	293	212	98	310	67	241	308
"ND"	2008	"Cavalier"	"10_10"	414	536	950	688	306	994	177	795	972
"ND"	2008	"Dickey"	"26_2"	74	85	159	102	59	161	54	108	162
"ND"	2008	"Dickey"	"26_3"	610	688	1298	832	493	1325	314	998	1312
"ND"	2008	"Dickey"	"28_1"	360	752	1112	521	609	1130	231	858	1089
"ND"	2008	"Divide"	"2_1"	203	296	499	346	177	523	104	414	518
"ND"	2008	"Divide"	"2_2"	149	125	274	226	63	289	82	206	288
"ND"	2008	"Divide"	"2_3"	65	112	177	107	74	181	38	142	180
"ND"	2008	"Divide"	"2_4"	47	97	144	87	63	150	27	120	147
"ND"	2008	"Divide"	"2_5(04)"									
"ND"	2008	"Divide"	"2_6(04)"									
"ND"	2008	"Dunn"	"4_1"	47	8	55	51	4	55	34	18	52
"ND"	2008	"Dunn"	"4_2"	51	113	164	87	86	173	25	147	172
"ND"	2008	"Dunn"	"4_3"	47	177	224	82	144	226	43	177	220
"ND"	2008	"Dunn"	"4_11"	36	31	67	45	25	70	25	43	68
"ND"	2008	"Dunn"	"4_15"	31	3	34	33	1	34	27	7	34
"ND"	2008	"Dunn"	"36_8"	109	223	332	174	172	346	49	294	343
"ND"	2008	"Dunn"	"36_9"	32	129	161	67	103	170	25	141	166
"ND"	2008	"Dunn"	"36_10"	19	60	79	23	54	77	5	73	78
"ND"	2008	"Dunn"	"36_12"	65	159	224	104	131	235	46	178	224
"ND"	2008	"Dunn"	"36_14"	80	102	182	104	84	188	45	140	185
"ND"	2008	"Dunn"	"36_16"	10	75	85	17	65	82	8	74	82
"ND"	2008	"Eddy"	"23_1"	317	306	623	414	223	637	151	487	638
"ND"	2008	"Eddy"	"23_2"	40	53	93	63	33	96	21	75	96
"ND"	2008	"Eddy"	"23_3"	120	74	194	152	42	194	78	114	192
"ND"	2008	"Eddy"	"23_4"	50	48	98	64	39	103	25	75	100
"ND"	2008	"Eddy"	"29_3(06)"									
"ND"	2008	"Eddy"	"29_5"	56	67	123	94	33	127	40	87	127
"ND"	2008	"Emmons"	"28_1"	116	285	401	184	234	418	88	322	410
"ND"	2008	"Emmons"	"28_2"	124	240	364	201	180	381	106	267	373
"ND"	2008	"Emmons"	"28_3"	135	313	448	227	242	469	102	351	453
"ND"	2008	"Emmons"	"28_4"	91	154	245	140	123	263	61	195	256
"ND"	2008	"Emmons"	"28_5"	80	238	318	134	194	328	51	277	328
"ND"	2008	"Emmons"	"28_6(06)"									
"ND"	2008	"Emmons"	"28_7(06)"									
"ND"	2008	"Emmons"	"28_8(06)"									
"ND"	2008	"Emmons"	"28_9(06)"									
"ND"	2008	"Emmons"	"28_10(06)"									
"ND"	2008	"Emmons"	"28_11(06)"									
"ND"	2008	"Emmons"	"28_41(04)"									
"ND"	2008	"Emmons"	"28_42(04)"									
"ND"	2008	"Emmons"	"28_43(04)"									
"ND"	2008	"Foster"	"29_1"	60	51	111	85	36	121	35	82	117
"ND"	2008	"Foster"	"29_2"	53	40	93	72	25	97	31	64	95
"ND"	2008	"Foster"	"29_3"	37	53	90	61	32	93	20	73	93
"ND"	2008	"Foster"	"29_4"	127	212	339	209	149	358	60	293	353
"ND"	2008	"Foster"	"29_5"	205	263	468	330	145	475	81	398	479
"ND"	2008	"Foster"	"29_6"	205	295	500	351	161	512	90	417	507
"ND"	2008	"Golden Valley"	"39_1"	210	642	852	404	460	864	127	730	857
"ND"	2008	"Golden Valley"	"39_2(04)"									
"ND"	2008	"Golden Valley"	"39_3(04)"									
"ND"	2008	"Golden Valley"	"39_4(04)"									
"ND"	2008	"Golden Valley"	"39_5(04)"									
"ND"	2008	"Grand Forks"	"17_1"	117	131	248	168	85	253	47	202	249
"ND"	2008	"Grand Forks"	"17_2"	135	251	386	215	168	383	59	318	377
"ND"	2008	"Grand Forks"	"17_3"	628	474	1102	830	276	1106	308	770	1078
"ND"	2008	"Grand Forks"	"17_4"	619	607	1226	882	347	1229	286	938	1224
"ND"	2008	"Grand Forks"	"17_5"	556	633	1189	809	377	1186	223	964	1187
"ND"	2008	"Grand Forks"	"17_6"	620	571	1191	799	396	1195	279	913	1192
"ND"	2008	"Grand Forks"	"17_7"	772	928	1700	1160	550	1710	266	1438	1704
"ND"	2008	"Grand Forks"	"17_8"	486	459	945	633	318	951	205	720	925
"ND"	2008	"Grand Forks"	"17_16(06)"									
"ND"	2008	"Grand Forks"	"17_17(06)"									
"ND"	2008	"Grand Forks"	"17_30(06)"									
"ND"	2008	"Grand Forks"	"17_31(06)"									
"ND"	2008	"Grand Forks"	"17_32(06)"									
"ND"	2008	"Grand Forks"	"17_33(06)"									
"ND"	2008	"Grand Forks"	"17_34(06)"									
"ND"	2008	"Grand Forks"	"17_39(06)"									
"ND"	2008	"Grand Forks"	"18_1(06)"									
"ND"	2008	"Grand Forks"	"18_9"	196	266	462	288	167	455	85	357	442
"ND"	2008	"Grand Forks"	"18_10"	325	177	502	393	120	513	162	329	491
"ND"	2008	"Grand Forks"	"18_11"	649	394	1043	808	248	1056	340	680	1020
"ND"	2008	"Grand Forks"	"18_12"	602	285	887	702	194	896	343	504	847
"ND"	2008	"Grand Forks"	"18_13"	512	334	846	638	217	855	245	566	811
"ND"	2008	"Grand Forks"	"18_14"	126	68	194	153	39	192	55	132	187
"ND"	2008	"Grand Forks"	"18_15"	570	459	1029	786	268	1054	286	741	1027
"ND"	2008	"Grand Forks"	"18_16"	132	61	193	147	46	193	61	123	184
"ND"	2008	"Grand Forks"	"18_23(06)"									
"ND"	2008	"Grand Forks"	"18_25(06)"									
"ND"	2008	"Grand Forks"	"18_26(06)"									
"ND"	2008	"Grand Forks"	"18_27(06)"									
"ND"	2008	"Grand Forks"	"18_28(06)"									
"ND"	2008	"Grand Forks"	"18_29(06)"									
"ND"	2008	"Grand Forks"	"18_42(06)"									
"ND"	2008	"Grand Forks"	"19_2(06)"									
"ND"	2008	"Grand Forks"	"19_3(06)"									
"ND"	2008	"Grand Forks"	"19_4(06)"									
"ND"	2008	"Grand Forks"	"19_5(06)"									
"ND"	2008	"Grand Forks"	"19_6(06)"									
"ND"	2008	"Grand Forks"	"19_7(06)"									
"ND"	2008	"Grand Forks"	"19_8(06)"									
"ND"	2008	"Grand Forks"	"19_9(06)"									
"ND"	2008	"Grand Forks"	"19_10(06)"									
"ND"	2008	"Grand Forks"	"19_11(06)"									
"ND"	2008	"Grand Forks"	"19_12(06)"									
"ND"	2008	"Grand Forks"	"19_13(06)"									
"ND"	2008	"Grand Forks"	"19_14(06)"									
"ND"	2008	"Grand Forks"	"19_15(06)"									
"ND"	2008	"Grand Forks"	"19_17"	296	409	705	410	287	697	143	537	680
"ND"	2008	"Grand Forks"	"19_18"	139	139	278	193	91	284	55	223	278
"ND"	2008	"Grand Forks"	"19_19"	99	110	209	142	64	206	29	176	205
"ND"	2008	"Grand Forks"	"19_20"	141	228	369	221	150	371	61	299	360
"ND"	2008	"Grand Forks"	"19_21"	125	204	329	191	141	332	53	273	326
"ND"	2008	"Grand Forks"	"19_22"	121	147	268	178	88	266	65	201	266
"ND"	2008	"Grand Forks"	"19_23"	200	225	425	301	134	435	94	334	428
"ND"	2008	"Grand Forks"	"19_24"	83	101	184	119	73	192	48	137	185
"ND"	2008	"Grand Forks"	"19_25"	90	162	252	145	111	256	32	222	254
"ND"	2008	"Grand Forks"	"19_26"	52	96	148	71	82	153	26	126	152
"ND"	2008	"Grand Forks"	"19_27"	110	175	285	172	119	291	41	247	288
"ND"	2008	"Grand Forks"	"19_28"	160	185	345	230	123	353	72	282	354
"ND"	2008	"Grand Forks"	"19_29"	285	277	562	380	184	564	115	454	569
"ND"	2008	"Grand Forks"	"19_30"	211	257	468	302	175	477	93	382	475
"ND"	2008	"Grand Forks"	"42_18(06)"									
"ND"	2008	"Grand Forks"	"42_19(06)"									
"ND"	2008	"Grand Forks"	"42_20(06)"									
"ND"	2008	"Grand Forks"	"42_21(06)"									
"ND"	2008	"Grand Forks"	"42_22(06)"									
"ND"	2008	"Grand Forks"	"42_24(06)"									
"ND"	2008	"Grand Forks"	"42_31"	464	393	857	619	253	872	213	630	843
"ND"	2008	"Grand Forks"	"42_32"	887	703	1590	1127	438	1565	422	1070	1492
"ND"	2008	"Grand Forks"	"42_33"	493	452	945	550	339	889	239	580	819
"ND"	2008	"Grand Forks"	"42_34"	708	569	1277	842	383	1225	311	833	1144
"ND"	2008	"Grand Forks"	"42_35"	706	492	1198	898	305	1203	306	863	1169
"ND"	2008	"Grand Forks"	"42_36"	371	258	629	487	152	639	171	445	616
"ND"	2008	"Grand Forks"	"43_35(06)"									
"ND"	2008	"Grand Forks"	"43_36(06)"									
"ND"	2008	"Grand Forks"	"43_37"	658	629	1287	870	402	1272	269	985	1254
"ND"	2008	"Grand Forks"	"43_38"	291	279	570	391	183	574	137	426	563
"ND"	2008	"Grand Forks"	"43_39"	410	275	685	495	186	681	179	491	670
"ND"	2008	"Grand Forks"	"43_40"	388	257	645	493	142	635	186	435	621
"ND"	2008	"Grand Forks"	"43_41"	491	609	1100	709	390	1099	198	895	1093
"ND"	2008	"Grand Forks"	"43_42"	530	505	1035	753	287	1040	216	805	1021
"ND"	2008	"Grand Forks"	"43_43"	550	286	836	660	172	832	244	573	817
"ND"	2008	"Grant"	"31_1"	35	67	102	53	68	121	28	91	119
"ND"	2008	"Grant"	"31_2"	15	5	20	244	208	452	105	345	450
"ND"	2008	"Grant"	"31_3"	167	374	541	280	267	547	104	437	541
"ND"	2008	"Grant"	"31_4"	63	141	204	93	124	217	39	179	218
"ND"	2008	"Grant"	"31_5(04)"									
"ND"	2008	"Grant"	"31_6(04)"									
"ND"	2008	"Grant"	"31_7(04)"									
"ND"	2008	"Griggs"	"23_1"	97	81	178	132	48	180	53	127	180
"ND"	2008	"Griggs"	"23_2"	139	148	287	190	91	281	66	225	291
"ND"	2008	"Griggs"	"23_3"	141	166	307	185	126	311	63	249	312
"ND"	2008	"Griggs"	"23_4"	57	132	189	107	89	196	33	167	200
"ND"	2008	"Griggs"	"23_5"	20	32	52	28	24	52	6	45	51
"ND"	2008	"Griggs"	"23_6"	114	66	180	132	47	179	69	112	181
"ND"	2008	"Griggs"	"23_7"	30	57	87	50	42	92	27	64	91
"ND"	2008	"Hettinger"	"31_1"	201	427	628	310	332	642	131	517	648
"ND"	2008	"Hettinger"	"31_2"	47	170	217	113	109	222	42	178	220
"ND"	2008	"Hettinger"	"31_3(06)"									
"ND"	2008	"Hettinger"	"36_2(06)"									
"ND"	2008	"Hettinger"	"36_3"	158	296	454	256	226	482	97	376	473
"ND"	2008	"Kidder"	"14_1"	57	67	124	86	54	140	52	86	138
"ND"	2008	"Kidder"	"14_2"	37	45	82	48	42	90	39	48	87
"ND"	2008	"Kidder"	"14_3"	31	49	80	57	31	88	39	45	84
"ND"	2008	"Kidder"	"14_4"	202	347	549	290	285	575	126	437	563
"ND"	2008	"Kidder"	"14_5"	33	79	112	45	72	117	14	97	111
"ND"	2008	"Kidder"	"14_6"	62	165	227	97	133	230	47	182	229
"ND"	2008	"Kidder"	"14_7(04)"									
"ND"	2008	"Kidder"	"14_8(04)"									
"ND"	2008	"Kidder"	"14_9(04)"									
"ND"	2008	"LaMoure"	"26_1"	154	257	411	244	189	433	105	319	424
"ND"	2008	"LaMoure"	"26_2"	76	85	161	111	55	166	60	100	160
"ND"	2008	"LaMoure"	"28_3"	177	279	456	278	188	466	134	317	451
"ND"	2008	"LaMoure"	"28_4"	93	196	289	157	141	298	78	215	293
"ND"	2008	"LaMoure"	"28_5"	54	134	188	94	106	200	35	154	189
"ND"	2008	"LaMoure"	"28_6(06)"									
"ND"	2008	"LaMoure"	"28_7(06)"									
"ND"	2008	"LaMoure"	"29_3(06)"									
"ND"	2008	"LaMoure"	"29_4(06)"									
"ND"	2008	"LaMoure"	"29_6"	101	119	220	128	93	221	71	146	217
"ND"	2008	"LaMoure"	"29_7"	21	33	54	36	19	55	22	33	55
"ND"	2008	"LaMoure"	"29_8"	79	77	156	91	71	162	64	90	154
"ND"	2008	"LaMoure"	"29_9"	113	130	243	153	100	253	81	169	250
"ND"	2008	"Logan"	"28_1"	63	187	250	134	135	269	64	204	268
"ND"	2008	"Logan"	"28_2"	99	273	372	205	178	383	85	299	384
"ND"	2008	"Logan"	"28_3"	102	177	279	153	135	288	71	212	283
"ND"	2008	"Logan"	"28_4"	15	42	57	29	33	62	18	42	60
"ND"	2008	"Logan"	"28_5"	20	47	67	30	41	71	20	44	64
"ND"	2008	"McHenry"	"7_16"	36	105	141	73	71	144	15	126	141
"ND"	2008	"McHenry"	"7_18"	215	286	501	328	199	527	138	383	521
"ND"	2008	"McHenry"	"7_27"	48	98	146	83	67	150	29	123	152
"ND"	2008	"McHenry"	"7_41"	85	164	249	115	143	258	67	189	256
"ND"	2008	"McHenry"	"7_47"	347	417	764	491	298	789	171	604	775
"ND"	2008	"McHenry"	"7_55"	126	94	220	165	69	234	84	138	222
"ND"	2008	"McHenry"	"7_58"	57	108	165	99	72	171	24	145	169
"ND"	2008	"McHenry"	"7_62"	67	102	169	103	83	186	51	133	184
"ND"	2008	"McIntosh"	"28_1"	200	273	473	292	194	486	82	391	473
"ND"	2008	"McIntosh"	"28_2"	98	108	206	128	87	215	49	161	210
"ND"	2008	"McIntosh"	"28_3"	36	34	70	49	26	75	25	48	73
"ND"	2008	"McIntosh"	"28_4"	157	296	453	228	254	482	72	403	475
"ND"	2008	"McIntosh"	"28_5"	44	95	139	70	73	143	28	114	142
"ND"	2008	"McIntosh"	"28_6"	44	110	154	61	94	155	26	124	150
"ND"	2008	"McIntosh"	"28_7(06)"									
"ND"	2008	"McIntosh"	"28_8(06)"									
"ND"	2008	"McKenzie"	"4_1"	160	22	182	166	10	176	94	74	168
"ND"	2008	"McKenzie"	"4_2"	184	20	204	187	16	203	116	81	197
"ND"	2008	"McKenzie"	"39_1(04)"									
"ND"	2008	"McKenzie"	"39_2(06)"									
"ND"	2008	"McKenzie"	"39_3"	67	107	174	104	68	172	16	151	167
"ND"	2008	"McKenzie"	"39_4"	23	72	95	48	47	95	16	78	94
"ND"	2008	"McKenzie"	"39_5"	62	187	249	129	124	253	43	205	248
"ND"	2008	"McKenzie"	"39_6"	40	106	146	70	77	147	17	132	149
"ND"	2008	"McKenzie"	"39_7"	4	65	69	32	36	68	4	61	65
"ND"	2008	"McKenzie"	"39_8"	15	115	130	41	92	133	13	119	132
"ND"	2008	"McKenzie"	"39_9"	49	159	208	81	127	208	26	179	205
"ND"	2008	"McKenzie"	"39_10"	82	233	315	132	186	318	51	266	317
"ND"	2008	"McKenzie"	"39_11(04)"									
"ND"	2008	"McKenzie"	"39_12"	65	159	224	102	119	221	42	183	225
"ND"	2008	"McKenzie"	"39_13"	60	143	203	107	101	208	43	163	206
"ND"	2008	"McKenzie"	"39_14"	48	164	212	105	105	210	16	194	210
"ND"	2008	"McKenzie"	"39_15"	74	188	262	123	137	260	28	229	257
"ND"	2008	"McLean"	"4_8"	104	193	297	159	141	300	55	235	290
"ND"	2008	"McLean"	"4_9"	397	575	972	561	419	980	206	757	963
"ND"	2008	"McLean"	"4_10"	182	29	211	194	14	208	117	85	202
"ND"	2008	"McLean"	"4_11"	90	82	172	120	57	177	55	118	173
"ND"	2008	"McLean"	"4_12(04)"									
"ND"	2008	"McLean"	"4_13(04)"									
"ND"	2008	"McLean"	"4_14(04)"									
"ND"	2008	"McLean"	"4_15(04)"									
"ND"	2008	"McLean"	"4_16(04)"									
"ND"	2008	"McLean"	"8_1"	133	227	360	192	178	370	71	288	359
"ND"	2008	"McLean"	"8_2"	341	654	995	490	516	1006	203	788	991
"ND"	2008	"McLean"	"8_3"	60	132	192	86	117	203	46	156	202
"ND"	2008	"McLean"	"8_4"	243	370	613	353	280	633	157	456	613
"ND"	2008	"McLean"	"8_5"	215	312	527	313	225	538	124	413	537
"ND"	2008	"McLean"	"8_6"	24	101	125	40	85	125	17	107	124
"ND"	2008	"McLean"	"8_7"	78	92	170	104	76	180	46	124	170
"ND"	2008	"McLean"	"8_8(04)"									
"ND"	2008	"McLean"	"8_9(04)"									
"ND"	2008	"McLean"	"8_10(04)"									
"ND"	2008	"McLean"	"8_11(04)"									
"ND"	2008	"Mercer"	"4_1"	8	2	10	10	0	10	5	5	10
"ND"	2008	"Mercer"	"33_1"	185	138	323	237	98	335	140	193	333
"ND"	2008	"Mercer"	"33_3"	119	204	323	146	179	325	89	234	323
"ND"	2008	"Mercer"	"33_5(04)"									
"ND"	2008	"Mercer"	"33_13"	72	212	284	133	164	297	63	227	290
"ND"	2008	"Mercer"	"33_14"	49	153	202	91	124	215	42	175	217
"ND"	2008	"Mercer"	"33_16"	99	99	198	127	80	207	77	127	204
"ND"	2008	"Mercer"	"33_20"	38	145	183	84	105	189	23	164	187
"ND"	2008	"Mercer"	"33_21"	93	320	413	176	252	428	59	367	426
"ND"	2008	"Mercer"	"33_22"	93	256	349	179	186	365	52	310	362
"ND"	2008	"Mercer"	"33_23"	137	281	418	184	242	426	79	328	407
"ND"	2008	"Mercer"	"33_24"	78	180	258	103	156	259	39	218	257
"ND"	2008	"Mercer"	"33_81"	160	260	420	224	200	424	98	326	424
"ND"	2008	"Mercer"	"33_82"	179	306	485	262	240	502	98	397	495
"ND"	2008	"Mercer"	"33_83"	166	233	399	245	162	407	93	303	396
"ND"	2008	"Morton"	"31_17"	516	830	1346	689	663	1352	303	1050	1353
"ND"	2008	"Morton"	"31_18"	246	325	571	333	249	582	148	420	568
"ND"	2008	"Morton"	"31_20"	81	148	229	135	104	239	40	197	237
"ND"	2008	"Morton"	"31_23"	91	160	251	145	115	260	57	198	255
"ND"	2008	"Morton"	"31_24"	155	322	477	234	246	480	103	373	476
"ND"	2008	"Morton"	"33_32"	391	699	1090	529	580	1109	253	834	1087
"ND"	2008	"Morton"	"33_33"	235	482	717	346	384	730	137	582	719
"ND"	2008	"Morton"	"33_34"	35	97	132	55	82	137	25	109	134
"ND"	2008	"Morton"	"34_1"	564	764	1328	778	576	1354	343	991	1334
"ND"	2008	"Morton"	"34_2"	359	680	1039	517	522	1039	184	854	1038
"ND"	2008	"Morton"	"34_3"	453	489	942	602	363	965	313	632	945
"ND"	2008	"Morton"	"34_4"	341	553	894	520	402	922	193	716	909
"ND"	2008	"Morton"	"34_5"	317	322	639	432	229	661	176	472	648
"ND"	2008	"Morton"	"34_6"	493	638	1131	681	472	1153	311	818	1129
"ND"	2008	"Morton"	"34_7"	313	332	645	419	251	670	175	478	653
"ND"	2008	"Morton"	"34_8"	309	314	623	433	220	653	191	436	627
"ND"	2008	"Morton"	"36_36"	108	392	500	217	290	507	70	428	498
"ND"	2008	"Morton"	"36_38"	72	322	394	158	237	395	45	351	396
"ND"	2008	"Mountrail"	"2_1"	198	426	624	337	295	632	107	513	620
"ND"	2008	"Mountrail"	"2_6"	23	70	93	52	51	103	14	83	97
"ND"	2008	"Mountrail"	"2_7"	72	176	248	126	123	249	49	192	241
"ND"	2008	"Mountrail"	"4_2"	531	137	668	573	102	675	303	347	650
"ND"	2008	"Mountrail"	"4_3"	290	145	435	333	114	447	185	243	428
"ND"	2008	"Mountrail"	"4_4"	60	80	140	84	61	145	44	96	140
"ND"	2008	"Mountrail"	"4_5"	53	133	186	97	95	192	44	137	181
"ND"	2008	"Mountrail"	"4_8"	151	154	305	191	119	310	95	204	299
"ND"	2008	"Mountrail"	"4_9"	99	85	184	136	57	193	51	134	185
"ND"	2008	"Nelson"	"23_1"	195	177	372	279	111	390	84	300	384
"ND"	2008	"Nelson"	"23_2"	204	120	324	270	74	344	83	252	335
"ND"	2008	"Nelson"	"23_3"	128	181	309	193	117	310	77	234	311
"ND"	2008	"Nelson"	"23_4"	213	144	357	264	100	364	120	248	368
"ND"	2008	"Nelson"	"23_5"	167	178	345	233	117	350	80	274	354
"ND"	2008	"Nelson"	"23_6(06)"									
"ND"	2008	"Nelson"	"23_7(04)"									
"ND"	2008	"Oliver"	"33_1"	62	140	202	85	118	203	38	163	201
"ND"	2008	"Oliver"	"33_2"	58	83	141	77	68	145	34	107	141
"ND"	2008	"Oliver"	"33_3"	28	53	81	42	42	84	17	68	85
"ND"	2008	"Oliver"	"33_4"	23	43	66	28	38	66	15	50	65
"ND"	2008	"Oliver"	"33_5"	38	111	149	65	88	153	28	121	149
"ND"	2008	"Oliver"	"33_6"	53	138	191	87	103	190	42	152	194
"ND"	2008	"Oliver"	"33_7"	70	114	184	108	80	188	39	144	183
"ND"	2008	"Pembina"	"10_1"	261	342	603	386	229	615	108	504	612
"ND"	2008	"Pembina"	"10_2"	317	304	621	434	229	663	131	520	651
"ND"	2008	"Pembina"	"10_3"	322	363	685	455	257	712	133	573	706
"ND"	2008	"Pembina"	"10_4"	291	408	699	445	274	719	96	625	721
"ND"	2008	"Pembina"	"10_5"	119	148	267	175	105	280	54	227	281
"ND"	2008	"Pembina"	"10_6(04)"									
"ND"	2008	"Pembina"	"10_7(06)"									
"ND"	2008	"Pembina"	"10_8(06)"									
"ND"	2008	"Pembina"	"10_9(06)"									
"ND"	2008	"Pembina"	"10_10(06)"									
"ND"	2008	"Pembina"	"10_11(06)"									
"ND"	2008	"Pembina"	"10_12(06)"									
"ND"	2008	"Pembina"	"10_14(04)"									
"ND"	2008	"Pembina"	"16_1"	184	157	341	255	86	341	92	246	338
"ND"	2008	"Pembina"	"16_6(06)"									
"ND"	2008	"Pembina"	"16_13(04)"									
"ND"	2008	"Pierce"	"7_1"	35	86	121	59	61	120	29	93	122
"ND"	2008	"Pierce"	"7_2"	63	98	161	98	70	168	58	109	167
"ND"	2008	"Pierce"	"7_3"	74	155	229	132	102	234	72	161	233
"ND"	2008	"Pierce"	"7_4"	134	165	299	194	113	307	61	242	303
"ND"	2008	"Pierce"	"7_5"	20	39	59	34	27	61	12	50	62
"ND"	2008	"Pierce"	"7_6"	153	225	378	244	141	385	79	307	386
"ND"	2008	"Pierce"	"7_7"	123	176	299	194	104	298	54	239	293
"ND"	2008	"Pierce"	"7_8"	190	357	547	312	255	567	100	465	565
"ND"	2008	"Pierce"	"7_9(04)"									
"ND"	2008	"Ramsey"	"15_1"	77	41	118	98	25	123	40	83	123
"ND"	2008	"Ramsey"	"15_2"	126	89	215	156	66	222	61	160	221
"ND"	2008	"Ramsey"	"15_3"	73	82	155	120	39	159	42	116	158
"ND"	2008	"Ramsey"	"15_4"	106	124	230	136	94	230	39	184	223
"ND"	2008	"Ramsey"	"15_5"	53	88	141	87	55	142	23	117	140
"ND"	2008	"Ramsey"	"15_6"	155	173	328	207	121	328	73	252	325
"ND"	2008	"Ramsey"	"15_7"	370	512	882	569	317	886	145	742	887
"ND"	2008	"Ramsey"	"15_8"	1354	1252	2606	1847	782	2629	612	2020	2632
"ND"	2008	"Ransom"	"24_1"	95	95	190	135	61	196	52	138	190
"ND"	2008	"Ransom"	"24_2"	281	170	451	339	123	462	193	267	460
"ND"	2008	"Ransom"	"24_3"	602	403	1005	781	252	1033	352	667	1019
"ND"	2008	"Ransom"	"24_4"	123	96	219	176	56	232	81	144	225
"ND"	2008	"Ransom"	"24_6(06)"									
"ND"	2008	"Ransom"	"26_3(06)"									
"ND"	2008	"Ransom"	"26_5"	171	128	299	210	97	307	105	202	307
"ND"	2008	"Ransom"	"26_6"	99	106	205	130	75	205	70	135	205
"ND"	2008	"Renville"	"6_1"	93	152	245	154	100	254	40	205	245
"ND"	2008	"Renville"	"6_2"	64	78	142	87	59	146	28	108	136
"ND"	2008	"Renville"	"6_3"	213	348	561	355	223	578	103	463	566
"ND"	2008	"Renville"	"6_4"	36	36	72	57	27	84	29	52	81
"ND"	2008	"Renville"	"6_5"	99	185	284	174	118	292	49	239	288
"ND"	2008	"Richland"	"25_37"	134	158	292	176	115	291	72	219	291
"ND"	2008	"Richland"	"25_38"	92	101	193	120	79	199	63	133	196
"ND"	2008	"Richland"	"25_39"	100	171	271	161	111	272	58	220	278
"ND"	2008	"Richland"	"25_41"	95	104	199	139	65	204	59	144	203
"ND"	2008	"Richland"	"25_46"	147	139	286	191	94	285	70	214	284
"ND"	2008	"Richland"	"25_48"	257	283	540	330	221	551	134	412	546
"ND"	2008	"Richland"	"25_49"	104	99	203	131	70	201	46	155	201
"ND"	2008	"Richland"	"25_51"	465	450	915	665	276	941	229	694	923
"ND"	2008	"Richland"	"25_52"	493	568	1061	699	365	1064	210	854	1064
"ND"	2008	"Richland"	"25_53"	349	419	768	503	268	771	143	604	747
"ND"	2008	"Richland"	"25_54"	485	538	1023	669	344	1013	180	833	1013
"ND"	2008	"Richland"	"26_37"	54	94	148	88	60	148	28	118	146
"ND"	2008	"Richland"	"26_38"	43	74	117	59	57	116	23	94	117
"ND"	2008	"Richland"	"26_42"	77	83	160	109	54	163	49	110	159
"ND"	2008	"Richland"	"26_43"	56	67	123	76	47	123	45	75	120
"ND"	2008	"Richland"	"26_45"	272	223	495	329	183	512	173	322	495
"ND"	2008	"Richland"	"26_47"	227	250	477	305	181	486	135	340	475
"ND"	2008	"Richland"	"26_48"	63	79	142	96	52	148	45	100	145
"ND"	2008	"Rolette"	"9_1"	344	295	639	436	216	652	210	445	655
"ND"	2008	"Rolette"	"9_2"	299	132	431	325	112	437	228	198	426
"ND"	2008	"Rolette"	"9_3"	1752	155	1907	1779	136	1915	1358	526	1884
"ND"	2008	"Rolette"	"9_4"	733	170	903	769	139	908	543	349	892
"ND"	2008	"Rolette"	"9_5"	275	293	568	359	221	580	271	302	573
"ND"	2008	"Sargent"	"26_1"	268	216	484	346	147	493	177	317	494
"ND"	2008	"Sargent"	"26_2"	230	184	414	306	118	424	114	307	421
"ND"	2008	"Sargent"	"26_3"	151	96	247	180	70	250	81	170	251
"ND"	2008	"Sargent"	"26_4"	295	210	505	377	142	519	174	343	517
"ND"	2008	"Sargent"	"26_5"	171	72	243	198	56	254	112	141	253
"ND"	2008	"Sheridan"	"7_1"	30	93	123	58	72	130	21	107	128
"ND"	2008	"Sheridan"	"7_2"	29	39	68	35	32	67	16	51	67
"ND"	2008	"Sheridan"	"7_3"	26	78	104	36	65	101	17	84	101
"ND"	2008	"Sheridan"	"7_4"	15	42	57	24	36	60	12	46	58
"ND"	2008	"Sheridan"	"14_5"	92	228	320	121	202	323	50	266	316
"ND"	2008	"Sheridan"	"14_6"	37	75	112	57	59	116	32	82	114
"ND"	2008	"Sioux"	"31_1"	257	28	285	242	36	278	142	131	273
"ND"	2008	"Sioux"	"31_2"	30	20	50	32	20	52	21	29	50
"ND"	2008	"Sioux"	"31_3"	226	37	263	234	26	260	134	129	263
"ND"	2008	"Sioux"	"31_4"	379	21	400	375	27	402	207	182	389
"ND"	2008	"Sioux"	"31_5"	103	11	114	104	8	112	56	59	115
"ND"	2008	"Sioux"	"31_6"	61	14	75	66	8	74	38	35	73
"ND"	2008	"Sioux"	"31_7(04)"									
"ND"	2008	"Sioux"	"31_8"	89	84	173	111	66	177	55	124	179
"ND"	2008	"Sioux"	"31_9(04)"									
"ND"	2008	"Slope"	"39_1"	29	93	122	51	76	127	16	110	126
"ND"	2008	"Slope"	"39_2"	49	90	139	76	65	141	30	114	144
"ND"	2008	"Slope"	"39_3"	28	114	142	60	86	146	19	115	134
"ND"	2008	"Slope"	"39_4(04)"									
"ND"	2008	"Slope"	"39_5(04)"									
"ND"	2008	"Slope"	"39_6(04)"									
"ND"	2008	"Stark"	"36_7"	355	606	961	545	427	972	159	794	953
"ND"	2008	"Stark"	"36_8"	134	331	465	245	236	481	75	394	469
"ND"	2008	"Stark"	"36_9"	45	160	205	92	121	213	31	176	207
"ND"	2008	"Stark"	"36_10"	68	120	188	102	89	191	35	157	192
"ND"	2008	"Stark"	"36_11"	313	776	1089	553	551	1104	178	917	1095
"ND"	2008	"Stark"	"36_12"	196	343	539	306	247	553	124	418	542
"ND"	2008	"Stark"	"36_13"	114	380	494	210	298	508	71	424	495
"ND"	2008	"Stark"	"37_1"	514	927	1441	840	611	1451	262	1183	1445
"ND"	2008	"Stark"	"37_2"	334	694	1028	568	455	1023	147	879	1026
"ND"	2008	"Stark"	"37_3"	494	736	1230	698	523	1221	261	924	1185
"ND"	2008	"Stark"	"37_4"	586	990	1576	952	652	1604	279	1298	1577
"ND"	2008	"Stark"	"37_5"	474	723	1197	694	511	1205	242	960	1202
"ND"	2008	"Stark"	"37_6"	175	238	413	268	156	424	85	333	418
"ND"	2008	"Steele"	"20_3"	122	114	236	166	74	240	75	166	241
"ND"	2008	"Steele"	"20_4"	183	97	280	210	71	281	102	180	282
"ND"	2008	"Steele"	"20_5"	36	20	56	46	12	58	32	26	58
"ND"	2008	"Steele"	"23_1"	110	56	166	126	40	166	75	95	170
"ND"	2008	"Steele"	"23_2"	163	117	280	200	84	284	88	196	284
"ND"	2008	"Stutsman"	"12_1(04)"									
"ND"	2008	"Stutsman"	"12_2(04)"									
"ND"	2008	"Stutsman"	"12_3(04)"									
"ND"	2008	"Stutsman"	"12_5(04)"									
"ND"	2008	"Stutsman"	"12_6(04)"									
"ND"	2008	"Stutsman"	"12_91"	601	797	1398	854	520	1374	281	1075	1356
"ND"	2008	"Stutsman"	"12_92"	584	749	1333	873	470	1343	295	1025	1320
"ND"	2008	"Stutsman"	"12_93"	487	603	1090	714	390	1104	268	812	1080
"ND"	2008	"Stutsman"	"12_95"	555	628	1183	795	407	1202	289	889	1178
"ND"	2008	"Stutsman"	"12_96"	445	468	913	613	335	948	263	662	925
"ND"	2008	"Stutsman"	"29_1"	87	176	263	153	114	267	50	216	266
"ND"	2008	"Stutsman"	"29_2"	100	84	184	130	69	199	60	139	199
"ND"	2008	"Stutsman"	"29_3"	215	301	516	314	207	521	118	408	526
"ND"	2008	"Stutsman"	"29_4"	240	398	638	374	284	658	150	493	643
"ND"	2008	"Stutsman"	"29_5"	155	358	513	266	267	533	92	432	524
"ND"	2008	"Stutsman"	"29_6"	226	389	615	366	258	624	111	505	616
"ND"	2008	"Stutsman"	"29_7(04)"									
"ND"	2008	"Stutsman"	"29_8(04)"									
"ND"	2008	"Stutsman"	"29_9(04)"									
"ND"	2008	"Stutsman"	"29_10(04)"									
"ND"	2008	"Stutsman"	"29_11(04)"									
"ND"	2008	"Stutsman"	"29_12(04)"									
"ND"	2008	"Stutsman"	"29_41(04)"									
"ND"	2008	"Stutsman"	"29_94"	361	548	909	570	358	928	185	734	919
"ND"	2008	"Towner"	"10_2"	115	76	191	158	52	210	65	139	204
"ND"	2008	"Towner"	"10_3"	163	72	235	188	51	239	98	137	235
"ND"	2008	"Towner"	"15_1"	343	388	731	502	252	754	139	607	746
"ND"	2008	"Traill"	"20_1"	91	85	176	126	53	179	67	105	172
"ND"	2008	"Traill"	"20_2"	182	136	318	232	87	319	73	239	312
"ND"	2008	"Traill"	"20_3"	101	102	203	145	64	209	50	156	206
"ND"	2008	"Traill"	"20_4"	66	72	138	91	48	139	41	95	136
"ND"	2008	"Traill"	"20_5"	97	60	157	124	36	160	49	108	157
"ND"	2008	"Traill"	"20_6"	65	40	105	85	22	107	32	68	100
"ND"	2008	"Traill"	"20_7"	211	210	421	298	132	430	102	320	422
"ND"	2008	"Traill"	"20_8"	182	146	328	217	114	331	87	237	324
"ND"	2008	"Traill"	"20_9"	206	179	385	274	128	402	86	316	402
"ND"	2008	"Traill"	"20_10"	228	247	475	306	174	480	91	388	479
"ND"	2008	"Traill"	"20_11"	214	182	396	287	118	405	112	291	403
"ND"	2008	"Traill"	"20_12"	272	235	507	358	158	516	139	373	512
"ND"	2008	"Traill"	"20_13"	221	151	372	276	102	378	119	255	374
"ND"	2008	"Walsh"	"16_1"	130	57	187	148	51	199	63	136	199
"ND"	2008	"Walsh"	"16_2"	124	146	270	160	108	268	44	226	270
"ND"	2008	"Walsh"	"16_3"	93	192	285	169	130	299	39	259	298
"ND"	2008	"Walsh"	"16_4"	158	205	363	242	135	377	68	307	375
"ND"	2008	"Walsh"	"16_5"	106	91	197	159	48	207	49	158	207
"ND"	2008	"Walsh"	"16_6"	64	144	208	126	100	226	29	189	218
"ND"	2008	"Walsh"	"16_7"	131	155	286	189	121	310	62	247	309
"ND"	2008	"Walsh"	"16_8"	147	113	260	184	82	266	66	198	264
"ND"	2008	"Walsh"	"16_9"	134	45	179	151	39	190	47	140	187
"ND"	2008	"Walsh"	"16_10"	154	139	293	203	95	298	76	218	294
"ND"	2008	"Walsh"	"16_11"	96	85	181	127	55	182	41	139	180
"ND"	2008	"Walsh"	"16_12"	180	173	353	258	117	375	60	312	372
"ND"	2008	"Walsh"	"16_13"	159	135	294	218	85	303	79	219	298
"ND"	2008	"Walsh"	"16_14"	205	266	471	308	163	471	59	415	474
"ND"	2008	"Walsh"	"16_15"	112	126	238	165	81	246	44	200	244
"ND"	2008	"Walsh"	"16_16"	114	105	219	152	72	224	47	180	227
"ND"	2008	"Walsh"	"16_17"	97	120	217	139	78	217	37	184	221
"ND"	2008	"Walsh"	"16_18"	121	118	239	190	69	259	62	192	254
"ND"	2008	"Ward"	"3_8"	399	624	1023	608	431	1039	197	831	1028
"ND"	2008	"Ward"	"3_11(04)"									
"ND"	2008	"Ward"	"3_12(04)"									
"ND"	2008	"Ward"	"3_14"	175	374	549	285	266	551	97	449	546
"ND"	2008	"Ward"	"3_15"	251	454	705	390	325	715	115	603	718
"ND"	2008	"Ward"	"3_16"	388	388	776	499	287	786	195	573	768
"ND"	2008	"Ward"	"3_17"	529	694	1223	740	508	1248	246	981	1227
"ND"	2008	"Ward"	"3_18"	374	387	761	505	254	759	166	585	751
"ND"	2008	"Ward"	"3_19"	355	411	766	479	296	775	174	589	763
"ND"	2008	"Ward"	"3_21(04)"									
"ND"	2008	"Ward"	"3_22(04)"									
"ND"	2008	"Ward"	"4_7"	54	84	138	79	64	143	28	106	134
"ND"	2008	"Ward"	"4_11"	116	109	225	146	80	226	49	173	222
"ND"	2008	"Ward"	"4_12"	132	289	421	202	234	436	87	341	428
"ND"	2008	"Ward"	"4_13"	152	183	335	211	123	334	78	248	326
"ND"	2008	"Ward"	"5_24"	598	921	1519	920	586	1506	226	1295	1521
"ND"	2008	"Ward"	"5_27"	258	377	635	369	263	632	128	506	634
"ND"	2008	"Ward"	"5_28"	630	931	1561	923	641	1564	282	1271	1553
"ND"	2008	"Ward"	"5_29"	620	1066	1686	1001	685	1686	237	1446	1683
"ND"	2008	"Ward"	"5_30"	406	458	864	572	287	859	172	673	845
"ND"	2008	"Ward"	"5_31"	266	365	631	388	240	628	106	516	622
"ND"	2008	"Ward"	"5_42(04)"									
"ND"	2008	"Ward"	"5_53(04)"									
"ND"	2008	"Ward"	"5_61(04)"									
"ND"	2008	"Ward"	"5_62(04)"									
"ND"	2008	"Ward"	"5_71(04)"									
"ND"	2008	"Ward"	"5_72(04)"									
"ND"	2008	"Ward"	"6_2"	187	341	528	310	235	545	95	435	530
"ND"	2008	"Ward"	"6_4"	75	189	264	130	134	264	46	213	259
"ND"	2008	"Ward"	"6_6"	235	481	716	419	316	735	118	602	720
"ND"	2008	"Ward"	"38_1"	121	225	346	187	157	344	51	283	334
"ND"	2008	"Ward"	"38_3"	299	568	867	502	380	882	155	716	871
"ND"	2008	"Ward"	"38_5"	245	527	772	411	361	772	118	653	771
"ND"	2008	"Ward"	"38_9"	89	162	251	104	132	236	50	180	230
"ND"	2008	"Ward"	"38_23"	663	1063	1726	983	744	1727	273	1440	1713
"ND"	2008	"Ward"	"38_26"	474	570	1044	687	375	1062	204	834	1038
"ND"	2008	"Ward"	"38_32"	242	363	605	367	255	622	100	516	616
"ND"	2008	"Ward"	"38_41(04)"									
"ND"	2008	"Ward"	"38_52(04)"									
"ND"	2008	"Ward"	"38_73(04)"									
"ND"	2008	"Ward"	"40_10"	239	433	672	330	309	639	144	457	601
"ND"	2008	"Ward"	"40_20"	262	293	555	336	224	560	125	422	547
"ND"	2008	"Ward"	"40_21"	580	762	1342	837	499	1336	244	1059	1303
"ND"	2008	"Ward"	"40_22"	448	658	1106	683	422	1105	167	917	1084
"ND"	2008	"Ward"	"40_23(04)"									
"ND"	2008	"Ward"	"40_25"	282	311	593	379	220	599	134	442	576
"ND"	2008	"Ward"	"40_31(04)"									
"ND"	2008	"Ward"	"40_32(04)"									
"ND"	2008	"Ward"	"40_51(04)"									
"ND"	2008	"Wells"	"14_1"	78	214	292	135	171	306	49	250	299
"ND"	2008	"Wells"	"14_2"	114	134	248	151	105	256	72	175	247
"ND"	2008	"Wells"	"14_3"	98	191	289	134	161	295	52	239	291
"ND"	2008	"Wells"	"14_4"	136	145	281	170	119	289	85	195	280
"ND"	2008	"Wells"	"14_5"	304	593	897	530	410	940	194	731	925
"ND"	2008	"Wells"	"14_6"	111	191	302	177	135	312	57	249	306
"ND"	2008	"Williams"	"1_59"	592	1226	1818	1025	809	1834	306	1508	1814
"ND"	2008	"Williams"	"1_60"	263	453	716	417	301	718	126	579	705
"ND"	2008	"Williams"	"1_73"	376	812	1188	593	610	1203	164	1019	1183
"ND"	2008	"Williams"	"1_74"	384	819	1203	629	576	1205	157	1036	1193
"ND"	2008	"Williams"	"1_76"	351	793	1144	615	528	1143	162	978	1140
"ND"	2008	"Williams"	"2_43"	160	438	598	301	307	608	84	517	601
"ND"	2008	"Williams"	"2_45"	35	56	91	65	34	99	29	66	95
"ND"	2008	"Williams"	"2_48"	113	326	439	194	247	441	60	376	436
"ND"	2008	"Williams"	"2_53"	27	81	108	47	67	114	16	92	108
"ND"	2008	"Williams"	"2_55"	97	156	253	142	115	257	67	178	245
"ND"	2008	"Williams"	"2_62"	75	151	226	124	106	230	44	179	223
"ND"	2008	"Williams"	"2_63"	154	181	335	245	103	348	97	242	339
"ND"	2008	"Williams"	"2_64"	162	606	768	376	392	768	82	684	766
"ND"	2008	"Williams"	"2_65"	57	96	153	97	64	161	42	118	160
"ND"	2008	"Williams"	"2_67"	75	97	172	122	57	179	39	136	175
