state	year	county	precinct_code	g2006_USS_dv	g2006_USS_rv	g2006_USS_tv	g2006_USH_dv	g2006_USH_rv	g2006_USH_tv	g2006_SOS_dv	g2006_SOS_rv	g2006_SOS_tv	g2006_ATG_dv	g2006_ATG_rv	g2006_ATG_tv
"ND"	2006	"Adams"	"39_1"	60	40	100	59	45	104	41	61	102	26	77	103
"ND"	2006	"Adams"	"39_2(06)"	516	217	733	487	255	742	338	387	725	240	490	730
"ND"	2006	"Adams"	"39_3(06)"	85	30	115	82	37	119	66	52	118	47	68	115
"ND"	2006	"Barnes"	"20_6"	142	85	227	151	79	230	121	105	226	85	138	223
"ND"	2006	"Barnes"	"20_10"	41	30	71	45	27	72	34	36	70	24	49	73
"ND"	2006	"Barnes"	"20_12"	129	101	230	130	101	231	99	130	229	60	166	226
"ND"	2006	"Barnes"	"20_13"	162	60	222	152	68	220	121	91	212	83	136	219
"ND"	2006	"Barnes"	"24_1"	187	109	296	205	92	297	144	151	295	92	202	294
"ND"	2006	"Barnes"	"24_2"	411	194	605	456	154	610	339	250	589	227	368	595
"ND"	2006	"Barnes"	"24_3"	207	93	300	230	75	305	159	140	299	110	187	297
"ND"	2006	"Barnes"	"24_4"	394	170	564	414	157	571	290	274	564	163	401	564
"ND"	2006	"Barnes"	"24_5"	528	275	803	565	244	809	404	396	800	249	550	799
"ND"	2006	"Barnes"	"24_7"	87	83	170	95	75	170	80	90	170	50	121	171
"ND"	2006	"Barnes"	"24_8"	46	49	95	62	33	95	41	54	95	19	76	95
"ND"	2006	"Barnes"	"24_9"	111	89	200	132	65	197	106	88	194	73	122	195
"ND"	2006	"Barnes"	"24_11"	287	195	482	316	171	487	227	248	475	139	342	481
"ND"	2006	"Barnes"	"24_14"	70	28	98	68	30	98	57	40	97	37	62	99
"ND"	2006	"Barnes"	"24_15"	128	97	225	129	98	227	100	125	225	45	178	223
"ND"	2006	"Benson"	"7_1"	60	22	82	59	25	84	48	35	83	38	45	83
"ND"	2006	"Benson"	"7_2"	321	100	421	312	115	427	219	204	423	171	255	426
"ND"	2006	"Benson"	"7_3"	157	31	188	146	44	190	119	66	185	97	88	185
"ND"	2006	"Benson"	"7_4"	305	85	390	295	105	400	230	161	391	159	234	393
"ND"	2006	"Benson"	"23_5"	153	24	177	148	36	184	102	79	181	82	103	185
"ND"	2006	"Benson"	"23_6"	78	30	108	75	39	114	61	53	114	42	72	114
"ND"	2006	"Benson"	"23_7"	309	20	329	307	27	334	280	52	332	246	87	333
"ND"	2006	"Benson"	"23_8"	81	26	107	82	29	111	53	53	106	41	66	107
"ND"	2006	"Billings"	"39_1"	61	62	123	54	73	127	35	90	125	25	99	124
"ND"	2006	"Billings"	"39_2"	136	86	222	130	101	231	97	127	224	65	162	227
"ND"	2006	"Billings"	"39_3"	30	39	69	27	42	69	19	50	69	9	61	70
"ND"	2006	"Billings"	"39_4(02)"												
"ND"	2006	"Bottineau"	"6_1"	411	151	562	382	186	568	238	321	559	143	422	565
"ND"	2006	"Bottineau"	"6_2(06)"	105	37	142	99	45	144	66	79	145	37	109	146
"ND"	2006	"Bottineau"	"6_3"	92	32	124	84	42	126	52	73	125	32	92	124
"ND"	2006	"Bottineau"	"6_4"	211	98	309	202	110	312	129	173	302	77	230	307
"ND"	2006	"Bottineau"	"6_5"	68	59	127	64	67	131	33	95	128	26	105	131
"ND"	2006	"Bottineau"	"6_6"	173	60	233	160	77	237	108	124	232	65	170	235
"ND"	2006	"Bottineau"	"6_7"	68	23	91	62	29	91	36	54	90	20	69	89
"ND"	2006	"Bottineau"	"6_8"	67	34	101	63	41	104	37	63	100	26	77	103
"ND"	2006	"Bottineau"	"6_9(06)"	72	44	116	68	53	121	50	70	120	33	87	120
"ND"	2006	"Bottineau"	"6_10"	174	37	211	158	53	211	99	107	206	72	135	207
"ND"	2006	"Bottineau"	"6_11"	131	39	170	127	46	173	94	79	173	56	118	174
"ND"	2006	"Bottineau"	"6_12"	247	79	326	232	98	330	133	190	323	79	249	328
"ND"	2006	"Bottineau"	"6_13"	161	56	217	153	65	218	103	109	212	68	144	212
"ND"	2006	"Bottineau"	"6_14"	187	61	248	170	80	250	118	127	245	69	178	247
"ND"	2006	"Bottineau"	"6_15"	186	47	233	171	69	240	105	133	238	65	177	242
"ND"	2006	"Bowman"	"39_1"	346	208	554	333	229	562	233	322	555	154	402	556
"ND"	2006	"Bowman"	"39_2"	101	80	181	89	96	185	67	111	178	36	143	179
"ND"	2006	"Bowman"	"39_3"	76	48	124	67	59	126	57	69	126	36	89	125
"ND"	2006	"Bowman"	"39_4"	144	83	227	135	93	228	97	129	226	63	164	227
"ND"	2006	"Bowman"	"39_5(02)"												
"ND"	2006	"Burke"	"2_1"	35	12	47	31	18	49	23	26	49	19	30	49
"ND"	2006	"Burke"	"2_2"	146	93	239	138	105	243	93	147	240	58	184	242
"ND"	2006	"Burke"	"2_3"	151	69	220	144	81	225	103	118	221	73	149	222
"ND"	2006	"Burke"	"2_4"	91	17	108	83	28	111	47	59	106	31	76	107
"ND"	2006	"Burke"	"2_5"	62	21	83	60	23	83	32	51	83	20	63	83
"ND"	2006	"Burke"	"2_6"	36	13	49	32	17	49	21	25	46	14	34	48
"ND"	2006	"Burleigh"	"8_4"	90	39	129	81	58	139	69	67	136	38	99	137
"ND"	2006	"Burleigh"	"8_5"	677	527	1204	622	594	1216	400	809	1209	254	963	1217
"ND"	2006	"Burleigh"	"8_6"	924	479	1403	873	560	1433	587	825	1412	338	1076	1414
"ND"	2006	"Burleigh"	"8_10"	628	393	1021	576	466	1042	435	599	1034	250	789	1039
"ND"	2006	"Burleigh"	"14_11"	92	58	150	83	70	153	63	86	149	43	103	146
"ND"	2006	"Burleigh"	"14_12"	74	17	91	68	26	94	53	37	90	32	59	91
"ND"	2006	"Burleigh"	"14_13"	170	92	262	151	112	263	121	138	259	95	163	258
"ND"	2006	"Burleigh"	"14_15(04)"												
"ND"	2006	"Burleigh"	"14_16"	123	88	211	116	102	218	100	117	217	66	147	213
"ND"	2006	"Burleigh"	"14_17"	188	116	304	168	139	307	119	191	310	72	235	307
"ND"	2006	"Burleigh"	"14_18(04)"												
"ND"	2006	"Burleigh"	"14_19"	451	256	707	437	291	728	311	411	722	197	529	726
"ND"	2006	"Burleigh"	"30_20"	396	281	677	375	316	691	258	433	691	151	541	692
"ND"	2006	"Burleigh"	"30_21"	207	115	322	189	136	325	111	205	316	60	260	320
"ND"	2006	"Burleigh"	"30_22"	521	251	772	506	282	788	359	424	783	259	531	790
"ND"	2006	"Burleigh"	"30_23"	388	227	615	365	263	628	246	381	627	153	471	624
"ND"	2006	"Burleigh"	"30_24"	697	364	1061	662	414	1076	471	598	1069	271	806	1077
"ND"	2006	"Burleigh"	"30_25"	804	498	1302	739	578	1317	442	866	1308	249	1066	1315
"ND"	2006	"Burleigh"	"32_31"	361	128	489	360	148	508	279	224	503	186	323	509
"ND"	2006	"Burleigh"	"32_33"	374	173	547	368	196	564	254	303	557	162	400	562
"ND"	2006	"Burleigh"	"32_34"	246	97	343	233	115	348	173	175	348	113	232	345
"ND"	2006	"Burleigh"	"32_36"	429	239	668	399	277	676	240	429	669	136	541	677
"ND"	2006	"Burleigh"	"32_37"	704	372	1076	650	440	1090	413	662	1075	222	867	1089
"ND"	2006	"Burleigh"	"32_38"	661	293	954	617	351	968	451	508	959	270	692	962
"ND"	2006	"Burleigh"	"32_39"	403	215	618	380	247	627	257	367	624	163	463	626
"ND"	2006	"Burleigh"	"35_51"	482	379	861	451	417	868	284	581	865	171	692	863
"ND"	2006	"Burleigh"	"35_52"	696	369	1065	645	430	1075	417	654	1071	249	822	1071
"ND"	2006	"Burleigh"	"35_53"	768	470	1238	697	554	1251	455	780	1235	277	963	1240
"ND"	2006	"Burleigh"	"35_54"	419	207	626	404	248	652	280	360	640	184	461	645
"ND"	2006	"Burleigh"	"35_55"	532	329	861	485	383	868	324	537	861	200	664	864
"ND"	2006	"Burleigh"	"35_56"	790	341	1131	744	398	1142	528	607	1135	348	798	1146
"ND"	2006	"Burleigh"	"35_57(04)"												
"ND"	2006	"Burleigh"	"47_40"	617	438	1055	539	526	1065	366	687	1053	211	851	1062
"ND"	2006	"Burleigh"	"47_41"	869	659	1528	811	735	1546	451	1086	1537	268	1270	1538
"ND"	2006	"Burleigh"	"47_42"	610	341	951	585	373	958	365	587	952	218	738	956
"ND"	2006	"Burleigh"	"47_45"	726	471	1197	692	533	1225	408	824	1232	265	965	1230
"ND"	2006	"Burleigh"	"47_46"	628	396	1024	584	452	1036	370	654	1024	217	820	1037
"ND"	2006	"Burleigh"	"47_48"	917	739	1656	805	870	1675	467	1207	1674	279	1383	1662
"ND"	2006	"Cass"	"11_1"	790	318	1108	750	363	1113	520	560	1080	398	689	1087
"ND"	2006	"Cass"	"11_2"	417	96	513	404	114	518	323	187	510	268	243	511
"ND"	2006	"Cass"	"11_3(06)"	607	209	816	589	241	830	415	395	810	317	496	813
"ND"	2006	"Cass"	"11_4(06)"	764	329	1093	724	383	1107	478	615	1093	362	730	1092
"ND"	2006	"Cass"	"11_5(06)"	386	158	544	364	184	548	246	294	540	208	335	543
"ND"	2006	"Cass"	"13_1"	867	354	1221	822	412	1234	540	677	1217	375	852	1227
"ND"	2006	"Cass"	"13_2"	643	250	893	625	279	904	412	471	883	289	605	894
"ND"	2006	"Cass"	"13_3"	585	213	798	578	232	810	393	398	791	305	489	794
"ND"	2006	"Cass"	"13_4(06)"	685	304	989	644	353	997	440	535	975	325	654	979
"ND"	2006	"Cass"	"13_5(06)"	616	320	936	566	372	938	307	620	927	204	728	932
"ND"	2006	"Cass"	"20_1"	102	29	131	90	41	131	65	66	131	48	83	131
"ND"	2006	"Cass"	"20_2"	252	114	366	240	127	367	180	184	364	129	238	367
"ND"	2006	"Cass"	"21_1"	466	147	613	449	172	621	355	259	614	294	324	618
"ND"	2006	"Cass"	"21_2"	350	81	431	345	95	440	259	170	429	224	208	432
"ND"	2006	"Cass"	"21_3(06)"	522	164	686	504	193	697	389	294	683	328	365	693
"ND"	2006	"Cass"	"21_4(06)"	452	156	608	445	177	622	354	258	612	278	334	612
"ND"	2006	"Cass"	"21_5(06)"	344	98	442	335	120	455	264	182	446	214	233	447
"ND"	2006	"Cass"	"21_6(06)"	370	142	512	352	172	524	271	241	512	207	307	514
"ND"	2006	"Cass"	"22_1"	29	46	75	19	56	75	23	51	74	14	59	73
"ND"	2006	"Cass"	"22_2"	265	123	388	231	164	395	178	214	392	113	276	389
"ND"	2006	"Cass"	"22_3"	317	139	456	296	161	457	243	213	456	159	295	454
"ND"	2006	"Cass"	"22_4"	153	93	246	140	109	249	90	156	246	60	186	246
"ND"	2006	"Cass"	"22_5"	747	260	1007	657	363	1020	488	508	996	327	669	996
"ND"	2006	"Cass"	"22_6"	260	127	387	236	156	392	193	195	388	145	248	393
"ND"	2006	"Cass"	"22_7"	77	46	123	72	55	127	48	78	126	40	85	125
"ND"	2006	"Cass"	"22_8"	187	70	257	174	86	260	137	121	258	103	155	258
"ND"	2006	"Cass"	"22_9"	306	158	464	286	178	464	212	245	457	119	341	460
"ND"	2006	"Cass"	"22_10"	481	312	793	441	355	796	295	490	785	205	587	792
"ND"	2006	"Cass"	"22_11"	632	306	938	588	361	949	391	541	932	260	673	933
"ND"	2006	"Cass"	"22_12"	186	133	319	171	152	323	103	210	313	79	235	314
"ND"	2006	"Cass"	"27_1"	241	93	334	222	117	339	156	181	337	122	213	335
"ND"	2006	"Cass"	"27_2"	510	181	691	494	198	692	384	300	684	308	376	684
"ND"	2006	"Cass"	"27_3"	350	148	498	351	159	510	255	251	506	173	332	505
"ND"	2006	"Cass"	"27_4"	542	200	742	522	231	753	390	349	739	289	453	742
"ND"	2006	"Cass"	"27_5"	725	369	1094	694	413	1107	458	621	1079	332	757	1089
"ND"	2006	"Cass"	"27_6(06)"	351	201	552	332	225	557	239	313	552	186	367	553
"ND"	2006	"Cass"	"41_1"	402	215	617	386	241	627	228	389	617	165	461	626
"ND"	2006	"Cass"	"41_2"	380	135	515	355	162	517	219	279	498	154	350	504
"ND"	2006	"Cass"	"41_3(06)"	865	461	1326	799	534	1333	464	845	1309	344	971	1315
"ND"	2006	"Cass"	"41_4(06)"	803	395	1198	727	484	1211	476	709	1185	370	819	1189
"ND"	2006	"Cass"	"41_5(06)"	351	265	616	323	296	619	165	448	613	122	494	616
"ND"	2006	"Cass"	"44_1"	521	203	724	502	234	736	385	345	730	311	414	725
"ND"	2006	"Cass"	"44_2"	785	305	1090	762	334	1096	587	501	1088	470	621	1091
"ND"	2006	"Cass"	"44_3(06)"	540	191	731	518	214	732	358	362	720	273	452	725
"ND"	2006	"Cass"	"44_4(06)"	736	357	1093	704	397	1101	414	679	1093	305	790	1095
"ND"	2006	"Cass"	"44_5(06)"	378	114	492	365	132	497	244	242	486	206	284	490
"ND"	2006	"Cass"	"44_6(06)"	503	278	781	465	328	793	243	541	784	180	597	777
"ND"	2006	"Cass"	"45_1"	547	248	795	522	284	806	352	432	784	279	514	793
"ND"	2006	"Cass"	"45_2"	182	113	295	178	120	298	113	168	281	94	189	283
"ND"	2006	"Cass"	"45_3"	887	357	1244	829	421	1250	540	700	1240	394	850	1244
"ND"	2006	"Cass"	"45_4(06)"	635	290	925	587	349	936	324	581	905	265	651	916
"ND"	2006	"Cass"	"45_5(04)"												
"ND"	2006	"Cass"	"45_6(06)"	378	196	574	350	226	576	254	311	565	179	390	569
"ND"	2006	"Cass"	"46_1"	444	247	691	421	274	695	254	426	680	188	499	687
"ND"	2006	"Cass"	"46_2"	413	173	586	394	203	597	273	313	586	178	411	589
"ND"	2006	"Cass"	"46_3(06)"	441	170	611	434	179	613	289	319	608	203	407	610
"ND"	2006	"Cass"	"46_4(06)"	612	301	913	557	354	911	332	577	909	239	669	908
"ND"	2006	"Cass"	"46_5(06)"	515	225	740	491	259	750	303	439	742	232	509	741
"ND"	2006	"Cass"	"46_6(06)"	703	441	1144	645	506	1151	381	753	1134	264	875	1139
"ND"	2006	"Cavalier"	"10_1"	65	23	88	61	27	88	39	46	85	26	58	84
"ND"	2006	"Cavalier"	"10_2"	68	14	82	70	16	86	43	37	80	31	50	81
"ND"	2006	"Cavalier"	"10_3"	108	48	156	107	50	157	59	91	150	29	125	154
"ND"	2006	"Cavalier"	"10_4"	51	24	75	44	31	75	24	49	73	18	55	73
"ND"	2006	"Cavalier"	"10_5"	51	9	60	49	12	61	37	22	59	24	35	59
"ND"	2006	"Cavalier"	"10_6"	62	15	77	59	18	77	41	34	75	25	49	74
"ND"	2006	"Cavalier"	"10_7"	72	23	95	74	26	100	56	39	95	36	63	99
"ND"	2006	"Cavalier"	"10_8"	80	10	90	76	15	91	65	26	91	41	50	91
"ND"	2006	"Cavalier"	"10_9"	200	52	252	194	57	251	138	96	234	89	151	240
"ND"	2006	"Cavalier"	"10_10"	565	147	712	543	170	713	341	333	674	227	464	691
"ND"	2006	"Dickey"	"26_2"	94	37	131	88	42	130	71	60	131	56	77	133
"ND"	2006	"Dickey"	"26_3"	604	361	965	616	359	975	443	512	955	282	685	967
"ND"	2006	"Dickey"	"28_1"	480	369	849	464	400	864	309	539	848	242	610	852
"ND"	2006	"Divide"	"2_1"	306	81	387	298	96	394	205	178	383	110	278	388
"ND"	2006	"Divide"	"2_2"	188	38	226	189	39	228	132	92	224	74	149	223
"ND"	2006	"Divide"	"2_3"	111	38	149	96	52	148	63	85	148	39	108	147
"ND"	2006	"Divide"	"2_4"	83	40	123	79	46	125	67	56	123	40	83	123
"ND"	2006	"Divide"	"2_5(04)"												
"ND"	2006	"Divide"	"2_6(04)"												
"ND"	2006	"Dunn"	"4_1"	89	3	92	87	6	93	77	14	91	62	30	92
"ND"	2006	"Dunn"	"4_2"	121	47	168	112	61	173	68	103	171	44	130	174
"ND"	2006	"Dunn"	"4_3"	123	62	185	120	71	191	88	106	194	44	148	192
"ND"	2006	"Dunn"	"4_11"	49	15	64	47	18	65	32	32	64	22	41	63
"ND"	2006	"Dunn"	"4_15"	29	2	31	29	3	32	28	4	32	26	6	32
"ND"	2006	"Dunn"	"36_8"	168	82	250	153	101	254	110	147	257	59	193	252
"ND"	2006	"Dunn"	"36_9"	75	51	126	70	63	133	54	77	131	24	107	131
"ND"	2006	"Dunn"	"36_10"	33	25	58	28	32	60	14	45	59	6	54	60
"ND"	2006	"Dunn"	"36_12"	123	60	183	103	85	188	72	113	185	59	123	182
"ND"	2006	"Dunn"	"36_14"	110	49	159	100	60	160	93	67	160	68	90	158
"ND"	2006	"Dunn"	"36_16"	41	34	75	33	46	79	20	58	78	9	67	76
"ND"	2006	"Eddy"	"23_1"	472	159	631	459	177	636	312	316	628	219	412	631
"ND"	2006	"Eddy"	"23_2"	104	24	128	104	29	133	74	54	128	52	78	130
"ND"	2006	"Eddy"	"23_3"												
"ND"	2006	"Eddy"	"23_4"	195	39	234	190	48	238	140	90	230	103	131	234
"ND"	2006	"Eddy"	"29_3(06)"	94	30	124	89	38	127	64	59	123	51	71	122
"ND"	2006	"Eddy"	"29_5"												
"ND"	2006	"Emmons"	"28_1"	48	40	88	41	49	90	33	57	90	18	73	91
"ND"	2006	"Emmons"	"28_2"	159	82	241	144	102	246	100	144	244	62	181	243
"ND"	2006	"Emmons"	"28_3"	146	45	191	125	76	201	94	102	196	61	133	194
"ND"	2006	"Emmons"	"28_4"	123	86	209	128	85	213	87	123	210	63	147	210
"ND"	2006	"Emmons"	"28_5"	53	18	71	43	30	73	40	30	70	30	40	70
"ND"	2006	"Emmons"	"28_6(06)"	133	44	177	124	61	185	73	104	177	62	115	177
"ND"	2006	"Emmons"	"28_7(06)"	51	35	86	30	56	86	33	54	87	14	72	86
"ND"	2006	"Emmons"	"28_8(06)"	55	56	111	44	67	111	23	86	109	17	90	107
"ND"	2006	"Emmons"	"28_9(06)"	25	13	38	24	16	40	19	19	38	10	28	38
"ND"	2006	"Emmons"	"28_10(06)"	124	43	167	113	55	168	74	95	169	58	110	168
"ND"	2006	"Emmons"	"28_11(06)"	93	42	135	89	57	146	63	81	144	38	109	147
"ND"	2006	"Emmons"	"28_41(04)"												
"ND"	2006	"Emmons"	"28_42(04)"												
"ND"	2006	"Emmons"	"28_43(04)"												
"ND"	2006	"Foster"	"29_1"	90	21	111	83	29	112	58	51	109	38	73	111
"ND"	2006	"Foster"	"29_2"	68	15	83	64	22	86	49	35	84	34	52	86
"ND"	2006	"Foster"	"29_3"	76	17	93	71	20	91	41	48	89	22	67	89
"ND"	2006	"Foster"	"29_4"	209	79	288	186	112	298	111	179	290	67	228	295
"ND"	2006	"Foster"	"29_5"	286	97	383	272	115	387	168	213	381	100	281	381
"ND"	2006	"Foster"	"29_6"	300	125	425	307	132	439	189	241	430	123	311	434
"ND"	2006	"Golden Valley"	"39_1"	481	262	743	442	318	760	274	465	739	190	555	745
"ND"	2006	"Golden Valley"	"39_2(04)"												
"ND"	2006	"Golden Valley"	"39_3(04)"												
"ND"	2006	"Golden Valley"	"39_4(04)"												
"ND"	2006	"Golden Valley"	"39_5(04)"												
"ND"	2006	"Grand Forks"	"17_1"												
"ND"	2006	"Grand Forks"	"17_2"												
"ND"	2006	"Grand Forks"	"17_3"												
"ND"	2006	"Grand Forks"	"17_4"												
"ND"	2006	"Grand Forks"	"17_5"												
"ND"	2006	"Grand Forks"	"17_6"												
"ND"	2006	"Grand Forks"	"17_7"												
"ND"	2006	"Grand Forks"	"17_8"												
"ND"	2006	"Grand Forks"	"17_16(06)"	107	50	157	101	57	158	61	93	154	39	118	157
"ND"	2006	"Grand Forks"	"17_17(06)"	181	91	272	164	114	278	96	179	275	58	218	276
"ND"	2006	"Grand Forks"	"17_30(06)"	583	158	741	565	185	750	419	317	736	259	485	744
"ND"	2006	"Grand Forks"	"17_31(06)"	666	202	868	640	231	871	414	433	847	234	628	862
"ND"	2006	"Grand Forks"	"17_32(06)"	617	244	861	598	275	873	352	487	839	214	645	859
"ND"	2006	"Grand Forks"	"17_33(06)"	570	203	773	567	217	784	334	431	765	222	549	771
"ND"	2006	"Grand Forks"	"17_34(06)"	859	306	1165	830	347	1177	462	675	1137	280	882	1162
"ND"	2006	"Grand Forks"	"17_39(06)"	230	78	308	223	86	309	158	142	300	98	207	305
"ND"	2006	"Grand Forks"	"18_1(06)"	153	62	215	156	66	222	109	106	215	72	146	218
"ND"	2006	"Grand Forks"	"18_9"												
"ND"	2006	"Grand Forks"	"18_10"												
"ND"	2006	"Grand Forks"	"18_11"												
"ND"	2006	"Grand Forks"	"18_12"												
"ND"	2006	"Grand Forks"	"18_13"												
"ND"	2006	"Grand Forks"	"18_14"												
"ND"	2006	"Grand Forks"	"18_15"												
"ND"	2006	"Grand Forks"	"18_16"												
"ND"	2006	"Grand Forks"	"18_23(06)"	258	50	308	255	53	308	193	104	297	130	174	304
"ND"	2006	"Grand Forks"	"18_25(06)"	421	114	535	426	124	550	330	212	542	231	310	541
"ND"	2006	"Grand Forks"	"18_26(06)"	342	71	413	343	82	425	288	132	420	228	194	422
"ND"	2006	"Grand Forks"	"18_27(06)"	406	89	495	399	103	502	298	192	490	188	306	494
"ND"	2006	"Grand Forks"	"18_28(06)"	102	22	124	102	24	126	78	45	123	52	73	125
"ND"	2006	"Grand Forks"	"18_29(06)"	536	129	665	520	157	677	374	289	663	248	424	672
"ND"	2006	"Grand Forks"	"18_42(06)"	90	22	112	85	29	114	71	41	112	53	59	112
"ND"	2006	"Grand Forks"	"19_2(06)"	215	112	327	210	124	334	150	177	327	89	241	330
"ND"	2006	"Grand Forks"	"19_3(06)"	135	54	189	136	57	193	87	99	186	53	138	191
"ND"	2006	"Grand Forks"	"19_4(06)"	120	38	158	116	44	160	74	77	151	45	107	152
"ND"	2006	"Grand Forks"	"19_5(06)"	187	73	260	180	88	268	114	148	262	70	195	265
"ND"	2006	"Grand Forks"	"19_6(06)"	172	111	283	162	124	286	104	172	276	62	219	281
"ND"	2006	"Grand Forks"	"19_7(06)"	164	47	211	153	65	218	98	109	207	59	153	212
"ND"	2006	"Grand Forks"	"19_8(06)"	213	59	272	209	67	276	139	127	266	105	167	272
"ND"	2006	"Grand Forks"	"19_9(06)"	114	33	147	105	46	151	75	66	141	42	101	143
"ND"	2006	"Grand Forks"	"19_10(06)"	121	63	184	104	80	184	61	121	182	36	145	181
"ND"	2006	"Grand Forks"	"19_11(06)"	89	61	150	91	59	150	53	94	147	40	110	150
"ND"	2006	"Grand Forks"	"19_12(06)"	132	67	199	125	81	206	87	116	203	69	134	203
"ND"	2006	"Grand Forks"	"19_13(06)"	171	63	234	162	75	237	119	113	232	59	174	233
"ND"	2006	"Grand Forks"	"19_14(06)"	265	80	345	249	101	350	157	182	339	96	255	351
"ND"	2006	"Grand Forks"	"19_15(06)"	227	82	309	220	94	314	129	173	302	78	229	307
"ND"	2006	"Grand Forks"	"19_17"												
"ND"	2006	"Grand Forks"	"19_18"												
"ND"	2006	"Grand Forks"	"19_19"												
"ND"	2006	"Grand Forks"	"19_20"												
"ND"	2006	"Grand Forks"	"19_21"												
"ND"	2006	"Grand Forks"	"19_22"												
"ND"	2006	"Grand Forks"	"19_23"												
"ND"	2006	"Grand Forks"	"19_24"												
"ND"	2006	"Grand Forks"	"19_25"												
"ND"	2006	"Grand Forks"	"19_26"												
"ND"	2006	"Grand Forks"	"19_27"												
"ND"	2006	"Grand Forks"	"19_28"												
"ND"	2006	"Grand Forks"	"19_29"												
"ND"	2006	"Grand Forks"	"19_30"												
"ND"	2006	"Grand Forks"	"42_18(06)"	295	117	412	279	142	421	214	197	411	136	275	411
"ND"	2006	"Grand Forks"	"42_19(06)"	430	143	573	421	161	582	303	267	570	201	372	573
"ND"	2006	"Grand Forks"	"42_20(06)"	160	75	235	154	86	240	101	123	224	75	154	229
"ND"	2006	"Grand Forks"	"42_21(06)"	268	88	356	261	100	361	177	170	347	123	235	358
"ND"	2006	"Grand Forks"	"42_22(06)"	544	124	668	542	138	680	383	273	656	230	441	671
"ND"	2006	"Grand Forks"	"42_24(06)"	275	47	322	277	54	331	211	110	321	124	201	325
"ND"	2006	"Grand Forks"	"42_31"												
"ND"	2006	"Grand Forks"	"42_32"												
"ND"	2006	"Grand Forks"	"42_33"												
"ND"	2006	"Grand Forks"	"42_34"												
"ND"	2006	"Grand Forks"	"42_35"												
"ND"	2006	"Grand Forks"	"42_36"												
"ND"	2006	"Grand Forks"	"43_35(06)"	533	211	744	528	229	757	352	366	718	230	506	736
"ND"	2006	"Grand Forks"	"43_36(06)"	266	75	341	250	97	347	164	179	343	101	245	346
"ND"	2006	"Grand Forks"	"43_37"	315	81	396	314	88	402	221	160	381	159	236	395
"ND"	2006	"Grand Forks"	"43_38"	263	45	308	262	53	315	179	123	302	121	184	305
"ND"	2006	"Grand Forks"	"43_39"												
"ND"	2006	"Grand Forks"	"43_40"	532	179	711	510	207	717	305	390	695	201	510	711
"ND"	2006	"Grand Forks"	"43_41"	552	151	703	549	162	711	351	329	680	207	488	695
"ND"	2006	"Grand Forks"	"43_42"												
"ND"	2006	"Grand Forks"	"43_43"	381	79	460	371	96	467	271	180	451	171	286	457
"ND"	2006	"Grant"	"31_1"	71	37	108	70	39	109	55	53	108	39	69	108
"ND"	2006	"Grant"	"31_2"	241	121	362	226	149	375	168	203	371	95	278	373
"ND"	2006	"Grant"	"31_3"	279	141	420	252	175	427	178	252	430	124	306	430
"ND"	2006	"Grant"	"31_4"	98	81	179	97	90	187	64	118	182	39	143	182
"ND"	2006	"Grant"	"31_5(04)"												
"ND"	2006	"Grant"	"31_6(04)"												
"ND"	2006	"Grant"	"31_7(04)"												
"ND"	2006	"Griggs"	"23_1"	118	41	159	116	48	164	86	77	163	68	94	162
"ND"	2006	"Griggs"	"23_2"	161	74	235	148	86	234	101	126	227	74	159	233
"ND"	2006	"Griggs"	"23_3"	190	74	264	179	86	265	121	137	258	80	179	259
"ND"	2006	"Griggs"	"23_4"	102	68	170	94	75	169	52	117	169	46	124	170
"ND"	2006	"Griggs"	"23_5"	34	16	50	33	16	49	18	32	50	13	37	50
"ND"	2006	"Griggs"	"23_6"	125	42	167	127	39	166	98	63	161	78	85	163
"ND"	2006	"Griggs"	"23_7"	54	29	83	49	38	87	40	46	86	34	52	86
"ND"	2006	"Hettinger"	"31_1"	347	198	545	344	212	556	253	296	549	140	408	548
"ND"	2006	"Hettinger"	"31_2"												
"ND"	2006	"Hettinger"	"31_3(06)"	139	62	201	128	77	205	84	119	203	56	147	203
"ND"	2006	"Hettinger"	"36_2(06)"	229	96	325	219	112	331	159	170	329	103	228	331
"ND"	2006	"Hettinger"	"36_3"												
"ND"	2006	"Kidder"	"14_1"	89	23	112	85	33	118	54	61	115	41	78	119
"ND"	2006	"Kidder"	"14_2"	74	19	93	71	23	94	53	40	93	34	59	93
"ND"	2006	"Kidder"	"14_3"	62	17	79	62	15	77	38	41	79	36	44	80
"ND"	2006	"Kidder"	"14_4"	362	182	544	335	220	555	239	302	541	138	405	543
"ND"	2006	"Kidder"	"14_5"	58	38	96	51	55	106	37	68	105	28	78	106
"ND"	2006	"Kidder"	"14_6"	112	89	201	105	95	200	73	127	200	43	155	198
"ND"	2006	"Kidder"	"14_7(04)"												
"ND"	2006	"Kidder"	"14_8(04)"												
"ND"	2006	"Kidder"	"14_9(04)"												
"ND"	2006	"LaMoure"	"26_1"	260	150	410	253	164	417	180	232	412	121	292	413
"ND"	2006	"LaMoure"	"26_2"	109	42	151	107	49	156	77	73	150	53	97	150
"ND"	2006	"LaMoure"	"28_3"												
"ND"	2006	"LaMoure"	"28_4"												
"ND"	2006	"LaMoure"	"28_5"	291	110	401	285	120	405	188	209	397	120	279	399
"ND"	2006	"LaMoure"	"28_6(06)"	164	101	265	155	112	267	103	162	265	66	199	265
"ND"	2006	"LaMoure"	"28_7(06)"	116	69	185	108	79	187	56	122	178	43	137	180
"ND"	2006	"LaMoure"	"29_3(06)"	119	65	184	121	68	189	89	97	186	63	124	187
"ND"	2006	"LaMoure"	"29_4(06)"	55	16	71	54	15	69	32	35	67	19	46	65
"ND"	2006	"LaMoure"	"29_6"												
"ND"	2006	"LaMoure"	"29_7"												
"ND"	2006	"LaMoure"	"29_8"	99	52	151	98	57	155	88	61	149	62	87	149
"ND"	2006	"LaMoure"	"29_9"	145	76	221	140	82	222	105	116	221	73	149	222
"ND"	2006	"Logan"	"28_1"	147	78	225	140	86	226	90	134	224	50	173	223
"ND"	2006	"Logan"	"28_2"	219	92	311	203	112	315	93	215	308	57	251	308
"ND"	2006	"Logan"	"28_3"	130	72	202	117	89	206	76	127	203	60	142	202
"ND"	2006	"Logan"	"28_4"	48	23	71	45	26	71	31	39	70	18	52	70
"ND"	2006	"Logan"	"28_5"	47	15	62	47	20	67	28	37	65	22	43	65
"ND"	2006	"McHenry"	"7_16"	77	52	129	67	64	131	47	80	127	21	109	130
"ND"	2006	"McHenry"	"7_18"	414	140	554	402	162	564	264	292	556	183	377	560
"ND"	2006	"McHenry"	"7_27"	86	38	124	77	47	124	52	67	119	32	92	124
"ND"	2006	"McHenry"	"7_41"	126	83	209	121	97	218	100	117	217	71	146	217
"ND"	2006	"McHenry"	"7_47"	477	187	664	444	222	666	328	335	663	208	451	659
"ND"	2006	"McHenry"	"7_55"	189	31	220	181	41	222	149	70	219	113	105	218
"ND"	2006	"McHenry"	"7_58"	137	47	184	126	57	183	70	109	179	43	136	179
"ND"	2006	"McHenry"	"7_62"	107	37	144	98	48	146	81	63	144	53	94	147
"ND"	2006	"McIntosh"	"28_1"	328	121	449	315	139	454	156	294	450	116	341	457
"ND"	2006	"McIntosh"	"28_2"	152	48	200	146	64	210	99	103	202	69	139	208
"ND"	2006	"McIntosh"	"28_3"	50	20	70	49	25	74	36	36	72	25	48	73
"ND"	2006	"McIntosh"	"28_4"	281	157	438	262	188	450	172	275	447	97	350	447
"ND"	2006	"McIntosh"	"28_5"												
"ND"	2006	"McIntosh"	"28_6"												
"ND"	2006	"McIntosh"	"28_7(06)"	82	53	135	75	62	137	54	83	137	26	109	135
"ND"	2006	"McIntosh"	"28_8(06)"	82	70	152	76	80	156	45	109	154	29	126	155
"ND"	2006	"McKenzie"	"4_1"	110	4	114	110	4	114	97	14	111	89	25	114
"ND"	2006	"McKenzie"	"4_2"	122	6	128	123	7	130	114	16	130	100	29	129
"ND"	2006	"McKenzie"	"39_1(04)"												
"ND"	2006	"McKenzie"	"39_2(06)"	79	23	102	72	33	105	35	68	103	15	88	103
"ND"	2006	"McKenzie"	"39_3"	52	28	80	52	28	80	25	51	76	15	64	79
"ND"	2006	"McKenzie"	"39_4"	113	61	174	108	70	178	65	111	176	45	133	178
"ND"	2006	"McKenzie"	"39_5"	83	45	128	77	56	133	50	81	131	28	101	129
"ND"	2006	"McKenzie"	"39_6"	24	23	47	20	28	48	6	41	47	5	41	46
"ND"	2006	"McKenzie"	"39_7"												
"ND"	2006	"McKenzie"	"39_8"	53	42	95	49	48	97	22	69	91	7	86	93
"ND"	2006	"McKenzie"	"39_9"	91	80	171	78	95	173	52	118	170	31	143	174
"ND"	2006	"McKenzie"	"39_10"	153	106	259	133	130	263	79	181	260	43	219	262
"ND"	2006	"McKenzie"	"39_11(04)"												
"ND"	2006	"McKenzie"	"39_12"	132	80	212	119	97	216	70	133	203	43	164	207
"ND"	2006	"McKenzie"	"39_13"	105	59	164	96	72	168	71	95	166	42	125	167
"ND"	2006	"McKenzie"	"39_14"	95	57	152	89	66	155	57	98	155	30	128	158
"ND"	2006	"McKenzie"	"39_15"	134	73	207	123	86	209	79	123	202	34	174	208
"ND"	2006	"McLean"	"4_8"	134	73	207	129	84	213	112	100	212	69	139	208
"ND"	2006	"McLean"	"4_9"	476	220	696	451	256	707	334	366	700	241	460	701
"ND"	2006	"McLean"	"4_10"	150	7	157	149	8	157	132	23	155	101	52	153
"ND"	2006	"McLean"	"4_11"	105	17	122	96	26	122	76	47	123	45	76	121
"ND"	2006	"McLean"	"4_12(04)"												
"ND"	2006	"McLean"	"4_13(04)"												
"ND"	2006	"McLean"	"4_14(04)"												
"ND"	2006	"McLean"	"4_15(04)"												
"ND"	2006	"McLean"	"4_16(04)"												
"ND"	2006	"McLean"	"8_1"	172	88	260	154	111	265	121	143	264	72	190	262
"ND"	2006	"McLean"	"8_2"	465	272	737	433	316	749	285	456	741	172	572	744
"ND"	2006	"McLean"	"8_3"	90	70	160	83	82	165	58	105	163	42	123	165
"ND"	2006	"McLean"	"8_4"	332	126	458	301	166	467	224	234	458	167	299	466
"ND"	2006	"McLean"	"8_5"	253	148	401	237	166	403	189	215	404	139	264	403
"ND"	2006	"McLean"	"8_6"	53	53	106	46	62	108	33	78	111	15	96	111
"ND"	2006	"McLean"	"8_7"	97	37	134	85	50	135	65	70	135	51	84	135
"ND"	2006	"McLean"	"8_8(04)"												
"ND"	2006	"McLean"	"8_9(04)"												
"ND"	2006	"McLean"	"8_10(04)"												
"ND"	2006	"McLean"	"8_11(04)"												
"ND"	2006	"Mercer"	"4_1"	5	0	5	5	0	5	5	0	5	4	1	5
"ND"	2006	"Mercer"	"33_1"	237	55	292	239	63	302	177	126	303	153	146	299
"ND"	2006	"Mercer"	"33_3"	165	93	258	154	104	258	118	142	260	89	171	260
"ND"	2006	"Mercer"	"33_5(04)"												
"ND"	2006	"Mercer"	"33_13"	149	94	243	140	104	244	71	172	243	59	186	245
"ND"	2006	"Mercer"	"33_14"	101	62	163	94	74	168	62	105	167	35	130	165
"ND"	2006	"Mercer"	"33_16"	117	48	165	110	56	166	93	70	163	73	90	163
"ND"	2006	"Mercer"	"33_20"	110	60	170	101	73	174	72	97	169	42	126	168
"ND"	2006	"Mercer"	"33_21"	175	143	318	159	165	324	103	218	321	67	255	322
"ND"	2006	"Mercer"	"33_22"	168	107	275	153	126	279	90	189	279	63	213	276
"ND"	2006	"Mercer"	"33_23"	216	130	346	196	158	354	101	256	357	76	282	358
"ND"	2006	"Mercer"	"33_24"	113	84	197	105	97	202	56	145	201	48	151	199
"ND"	2006	"Mercer"	"33_81"	224	108	332	208	129	337	142	195	337	93	244	337
"ND"	2006	"Mercer"	"33_82"	283	120	403	265	142	407	182	227	409	127	281	408
"ND"	2006	"Mercer"	"33_83"	225	77	302	211	102	313	149	162	311	110	202	312
"ND"	2006	"Morton"	"31_17"	560	316	876	529	374	903	404	489	893	250	643	893
"ND"	2006	"Morton"	"31_18"	259	148	407	248	182	430	186	233	419	123	297	420
"ND"	2006	"Morton"	"31_20"	140	71	211	140	79	219	109	100	209	72	140	212
"ND"	2006	"Morton"	"31_23"	148	60	208	136	76	212	112	95	207	82	127	209
"ND"	2006	"Morton"	"31_24"	206	129	335	185	157	342	139	197	336	91	250	341
"ND"	2006	"Morton"	"33_32"	452	260	712	436	297	733	325	394	719	210	508	718
"ND"	2006	"Morton"	"33_33"	366	236	602	347	269	616	239	359	598	157	442	599
"ND"	2006	"Morton"	"33_34"	59	43	102	56	49	105	31	70	101	18	85	103
"ND"	2006	"Morton"	"34_1"	642	290	932	615	343	958	427	514	941	296	651	947
"ND"	2006	"Morton"	"34_2"	359	183	542	338	217	555	205	335	540	131	420	551
"ND"	2006	"Morton"	"34_3"	538	211	749	530	241	771	390	364	754	280	474	754
"ND"	2006	"Morton"	"34_4"	456	230	686	450	253	703	292	394	686	189	504	693
"ND"	2006	"Morton"	"34_5"	372	130	502	358	155	513	248	254	502	162	343	505
"ND"	2006	"Morton"	"34_6"	575	254	829	553	301	854	404	445	849	261	588	849
"ND"	2006	"Morton"	"34_7"	408	127	535	396	154	550	277	258	535	193	347	540
"ND"	2006	"Morton"	"34_8"	325	119	444	315	141	456	249	201	450	170	283	453
"ND"	2006	"Morton"	"36_36"	226	173	399	202	210	412	143	264	407	86	322	408
"ND"	2006	"Morton"	"36_38"	169	104	273	160	117	277	96	179	275	58	216	274
"ND"	2006	"Mountrail"	"2_1"	358	137	495	335	173	508	254	246	500	132	373	505
"ND"	2006	"Mountrail"	"2_6"	53	25	78	53	28	81	38	42	80	21	60	81
"ND"	2006	"Mountrail"	"2_7"	135	61	196	114	87	201	81	116	197	44	156	200
"ND"	2006	"Mountrail"	"4_2"	302	41	343	298	50	348	263	81	344	208	136	344
"ND"	2006	"Mountrail"	"4_3"	279	54	333	278	60	338	225	114	339	173	165	338
"ND"	2006	"Mountrail"	"4_4"	93	32	125	93	37	130	85	43	128	54	74	128
"ND"	2006	"Mountrail"	"4_5"	106	57	163	97	71	168	79	87	166	48	116	164
"ND"	2006	"Mountrail"	"4_8"	173	57	230	167	70	237	154	81	235	104	133	237
"ND"	2006	"Mountrail"	"4_9"	118	34	152	113	39	152	87	58	145	56	90	146
"ND"	2006	"Nelson"	"23_1"	363	82	445	352	95	447	220	219	439	144	292	436
"ND"	2006	"Nelson"	"23_2"	188	30	218	187	37	224	138	80	218	106	114	220
"ND"	2006	"Nelson"	"23_3"	121	30	151	116	36	152	66	84	150	49	102	151
"ND"	2006	"Nelson"	"23_4"	96	48	144	86	60	146	59	81	140	38	103	141
"ND"	2006	"Nelson"	"23_5"	205	73	278	200	85	285	150	126	276	102	179	281
"ND"	2006	"Nelson"	"23_6(06)"	180	53	233	175	65	240	122	111	233	87	144	231
"ND"	2006	"Nelson"	"23_7(04)"												
"ND"	2006	"Oliver"	"33_1"	114	63	177	102	79	181	72	106	178	45	134	179
"ND"	2006	"Oliver"	"33_2"	103	42	145	101	47	148	67	81	148	56	91	147
"ND"	2006	"Oliver"	"33_3"	56	22	78	52	27	79	34	45	79	21	58	79
"ND"	2006	"Oliver"	"33_4"	41	10	51	34	20	54	21	32	53	17	37	54
"ND"	2006	"Oliver"	"33_5"	54	49	103	51	56	107	34	72	106	23	84	107
"ND"	2006	"Oliver"	"33_6"	91	64	155	85	73	158	51	108	159	34	125	159
"ND"	2006	"Oliver"	"33_7"	122	53	175	114	63	177	81	96	177	50	126	176
"ND"	2006	"Pembina"	"10_1"	32	23	55	33	21	54	20	33	53	16	37	53
"ND"	2006	"Pembina"	"10_2"	441	163	604	430	179	609	266	325	591	199	402	601
"ND"	2006	"Pembina"	"10_3"	308	91	399	302	104	406	198	196	394	132	272	404
"ND"	2006	"Pembina"	"10_4"	70	26	96	65	31	96	47	51	98	34	62	96
"ND"	2006	"Pembina"	"10_5"	68	22	90	63	26	89	36	52	88	25	63	88
"ND"	2006	"Pembina"	"10_6(04)"												
"ND"	2006	"Pembina"	"10_7(06)"	89	33	122	80	44	124	51	65	116	38	82	120
"ND"	2006	"Pembina"	"10_8(06)"	124	46	170	122	48	170	89	76	165	69	98	167
"ND"	2006	"Pembina"	"10_9(06)"	119	39	158	117	42	159	75	77	152	53	101	154
"ND"	2006	"Pembina"	"10_10(06)"	187	56	243	180	64	244	129	110	239	77	162	239
"ND"	2006	"Pembina"	"10_11(06)"	187	66	253	179	80	259	106	149	255	74	183	257
"ND"	2006	"Pembina"	"10_12(06)"	391	88	479	373	108	481	261	202	463	183	288	471
"ND"	2006	"Pembina"	"10_14(04)"												
"ND"	2006	"Pembina"	"16_1"												
"ND"	2006	"Pembina"	"16_6(06)"	268	50	318	252	70	322	195	122	317	133	188	321
"ND"	2006	"Pembina"	"16_13(04)"												
"ND"	2006	"Pierce"	"7_1"	84	40	124	83	44	127	54	66	120	32	91	123
"ND"	2006	"Pierce"	"7_2"	109	44	153	104	51	155	85	70	155	60	95	155
"ND"	2006	"Pierce"	"7_3"	172	64	236	161	76	237	120	116	236	68	169	237
"ND"	2006	"Pierce"	"7_4"	217	63	280	206	75	281	138	143	281	91	190	281
"ND"	2006	"Pierce"	"7_5"	37	8	45	35	11	46	22	24	46	11	34	45
"ND"	2006	"Pierce"	"7_6"	264	91	355	254	100	354	167	185	352	99	253	352
"ND"	2006	"Pierce"	"7_7"	193	84	277	185	94	279	112	161	273	61	211	272
"ND"	2006	"Pierce"	"7_8"	333	147	480	312	171	483	195	278	473	111	363	474
"ND"	2006	"Pierce"	"7_9(04)"												
"ND"	2006	"Ramsey"	"15_1"	85	20	105	84	22	106	52	47	99	47	55	102
"ND"	2006	"Ramsey"	"15_2"	174	37	211	161	49	210	98	97	195	65	140	205
"ND"	2006	"Ramsey"	"15_3"	111	22	133	108	27	135	65	63	128	53	78	131
"ND"	2006	"Ramsey"	"15_4"	138	59	197	134	65	199	92	106	198	64	133	197
"ND"	2006	"Ramsey"	"15_5"	115	35	150	106	48	154	53	98	151	38	117	155
"ND"	2006	"Ramsey"	"15_6"	195	78	273	184	95	279	113	158	271	75	203	278
"ND"	2006	"Ramsey"	"15_7"	585	196	781	566	216	782	306	472	778	207	572	779
"ND"	2006	"Ramsey"	"15_8"	1550	395	1945	1501	473	1974	964	973	1937	687	1261	1948
"ND"	2006	"Ransom"	"24_1"	145	53	198	149	51	200	100	95	195	71	128	199
"ND"	2006	"Ransom"	"24_2"	352	71	423	341	88	429	283	140	423	186	240	426
"ND"	2006	"Ransom"	"24_3"												
"ND"	2006	"Ransom"	"24_4"	173	31	204	172	35	207	115	92	207	76	130	206
"ND"	2006	"Ransom"	"24_6(06)"	652	176	828	644	191	835	482	336	818	316	512	828
"ND"	2006	"Ransom"	"26_3(06)"	120	43	163	116	46	162	81	82	163	58	105	163
"ND"	2006	"Ransom"	"26_5"	227	43	270	214	59	273	161	99	260	104	162	266
"ND"	2006	"Ransom"	"26_6"												
"ND"	2006	"Renville"	"6_1"	166	42	208	159	53	212	95	111	206	79	132	211
"ND"	2006	"Renville"	"6_2"	78	24	102	72	33	105	63	42	105	48	58	106
"ND"	2006	"Renville"	"6_3"	374	117	491	347	147	494	259	230	489	197	298	495
"ND"	2006	"Renville"	"6_4"	55	9	64	55	11	66	45	20	65	32	33	65
"ND"	2006	"Renville"	"6_5"	150	59	209	140	75	215	105	108	213	75	137	212
"ND"	2006	"Richland"	"25_37"	102	80	182	92	94	186	71	115	186	57	130	187
"ND"	2006	"Richland"	"25_38"	94	48	142	83	62	145	70	71	141	52	91	143
"ND"	2006	"Richland"	"25_39"	114	81	195	104	91	195	68	131	199	47	152	199
"ND"	2006	"Richland"	"25_41"	127	41	168	121	49	170	97	72	169	64	103	167
"ND"	2006	"Richland"	"25_46"	137	56	193	137	56	193	103	90	193	73	120	193
"ND"	2006	"Richland"	"25_48"	320	138	458	308	155	463	219	230	449	166	290	456
"ND"	2006	"Richland"	"25_49"	96	45	141	87	57	144	65	79	144	48	96	144
"ND"	2006	"Richland"	"25_51"	522	137	659	502	162	664	334	311	645	224	431	655
"ND"	2006	"Richland"	"25_52"	575	233	808	558	260	818	372	431	803	248	565	813
"ND"	2006	"Richland"	"25_53"	363	168	531	335	200	535	218	308	526	132	397	529
"ND"	2006	"Richland"	"25_54"	458	178	636	429	211	640	268	354	622	175	454	629
"ND"	2006	"Richland"	"26_37"	43	29	72	40	33	73	35	37	72	20	52	72
"ND"	2006	"Richland"	"26_38"	47	31	78	44	36	80	29	47	76	15	64	79
"ND"	2006	"Richland"	"26_42"	81	31	112	74	39	113	61	52	113	44	70	114
"ND"	2006	"Richland"	"26_43"	76	36	112	72	38	110	48	61	109	30	80	110
"ND"	2006	"Richland"	"26_45"	282	118	400	273	128	401	204	195	399	152	249	401
"ND"	2006	"Richland"	"26_47"	302	114	416	291	131	422	225	189	414	173	236	409
"ND"	2006	"Richland"	"26_48"	66	27	93	68	26	94	43	49	92	27	67	94
"ND"	2006	"Rolette"	"9_1"	458	129	587	432	159	591	317	262	579	200	382	582
"ND"	2006	"Rolette"	"9_2"	289	48	337	290	61	351	227	113	340	194	150	344
"ND"	2006	"Rolette"	"9_3"	1314	41	1355	1305	68	1373	1203	143	1346	1085	265	1350
"ND"	2006	"Rolette"	"9_4"	796	48	844	783	86	869	668	166	834	585	257	842
"ND"	2006	"Rolette"	"9_5"	387	111	498	370	137	507	291	196	487	204	290	494
"ND"	2006	"Sargent"	"26_1"	337	93	430	324	113	437	257	171	428	175	255	430
"ND"	2006	"Sargent"	"26_2"	260	69	329	261	75	336	191	140	331	132	201	333
"ND"	2006	"Sargent"	"26_3"	177	49	226	170	57	227	128	95	223	93	130	223
"ND"	2006	"Sargent"	"26_4"	365	108	473	366	114	480	288	182	470	222	249	471
"ND"	2006	"Sargent"	"26_5"	180	42	222	172	55	227	134	83	217	105	116	221
"ND"	2006	"Sheridan"	"7_1"	91	50	141	83	59	142	55	83	138	32	108	140
"ND"	2006	"Sheridan"	"7_2"	50	22	72	46	26	72	32	40	72	16	56	72
"ND"	2006	"Sheridan"	"7_3"	68	32	100	61	41	102	44	55	99	28	72	100
"ND"	2006	"Sheridan"	"7_4"	43	9	52	30	27	57	19	37	56	15	41	56
"ND"	2006	"Sheridan"	"14_5"	140	155	295	123	182	305	98	213	311	72	239	311
"ND"	2006	"Sheridan"	"14_6"	75	41	116	69	49	118	43	75	118	28	92	120
"ND"	2006	"Sioux"	"31_1"	142	18	160	136	24	160	110	46	156	76	81	157
"ND"	2006	"Sioux"	"31_2"	44	11	55	40	17	57	33	24	57	22	33	55
"ND"	2006	"Sioux"	"31_3"	115	12	127	117	11	128	97	27	124	68	56	124
"ND"	2006	"Sioux"	"31_4"	94	7	101	94	11	105	85	18	103	70	34	104
"ND"	2006	"Sioux"	"31_5"	80	4	84	79	7	86	70	15	85	54	31	85
"ND"	2006	"Sioux"	"31_6"	58	3	61	56	5	61	47	12	59	31	28	59
"ND"	2006	"Sioux"	"31_7(04)"												
"ND"	2006	"Sioux"	"31_8"	159	62	221	158	66	224	122	98	220	77	143	220
"ND"	2006	"Sioux"	"31_9(04)"												
"ND"	2006	"Slope"	"39_1"	74	46	120	68	56	124	45	72	117	26	95	121
"ND"	2006	"Slope"	"39_2"	70	38	108	69	44	113	40	68	108	35	73	108
"ND"	2006	"Slope"	"39_3"	103	49	152	96	58	154	58	91	149	41	106	147
"ND"	2006	"Slope"	"39_4(04)"												
"ND"	2006	"Slope"	"39_5(04)"												
"ND"	2006	"Slope"	"39_6(04)"												
"ND"	2006	"Stark"	"36_7"	416	138	554	385	177	562	283	272	555	148	407	555
"ND"	2006	"Stark"	"36_8"	240	128	368	204	169	373	152	220	372	93	279	372
"ND"	2006	"Stark"	"36_9"	98	70	168	91	80	171	55	112	167	33	136	169
"ND"	2006	"Stark"	"36_10"	118	45	163	107	59	166	83	80	163	57	100	157
"ND"	2006	"Stark"	"36_11"	452	246	698	417	289	706	294	411	705	184	516	700
"ND"	2006	"Stark"	"36_12"	257	90	347	241	109	350	195	157	352	117	229	346
"ND"	2006	"Stark"	"36_13"	184	112	296	169	140	309	120	186	306	79	231	310
"ND"	2006	"Stark"	"37_1"	581	260	841	545	307	852	339	497	836	232	605	837
"ND"	2006	"Stark"	"37_2"	447	223	670	418	256	674	236	433	669	138	532	670
"ND"	2006	"Stark"	"37_3"	551	256	807	517	298	815	376	426	802	257	548	805
"ND"	2006	"Stark"	"37_4"	815	321	1136	768	376	1144	469	670	1139	306	826	1132
"ND"	2006	"Stark"	"37_5"	555	195	750	521	242	763	349	410	759	220	540	760
"ND"	2006	"Stark"	"37_6"	179	53	232	167	73	240	116	120	236	77	161	238
"ND"	2006	"Steele"	"20_3"	166	51	217	149	68	217	104	109	213	97	118	215
"ND"	2006	"Steele"	"20_4"	234	60	294	214	79	293	170	119	289	155	133	288
"ND"	2006	"Steele"	"20_5"	41	12	53	33	19	52	34	18	52	35	17	52
"ND"	2006	"Steele"	"23_1"	140	29	169	136	32	168	113	53	166	95	73	168
"ND"	2006	"Steele"	"23_2"	245	61	306	230	77	307	169	127	296	145	155	300
"ND"	2006	"Stutsman"	"12_1(04)"												
"ND"	2006	"Stutsman"	"12_2(04)"												
"ND"	2006	"Stutsman"	"12_3(04)"												
"ND"	2006	"Stutsman"	"12_5(04)"												
"ND"	2006	"Stutsman"	"12_6(04)"												
"ND"	2006	"Stutsman"	"12_91"	575	310	885	582	309	891	386	488	874	243	635	878
"ND"	2006	"Stutsman"	"12_92"	649	287	936	636	313	949	437	491	928	286	651	937
"ND"	2006	"Stutsman"	"12_93"	556	292	848	559	307	866	411	443	854	277	581	858
"ND"	2006	"Stutsman"	"12_95"	598	270	868	601	276	877	432	429	861	305	570	875
"ND"	2006	"Stutsman"	"12_96"	433	211	644	435	222	657	322	322	644	208	439	647
"ND"	2006	"Stutsman"	"29_1"	152	62	214	140	80	220	90	125	215	58	161	219
"ND"	2006	"Stutsman"	"29_2"	120	32	152	120	34	154	102	48	150	74	75	149
"ND"	2006	"Stutsman"	"29_3"	270	143	413	282	135	417	194	216	410	115	293	408
"ND"	2006	"Stutsman"	"29_4"	358	184	542	345	201	546	252	272	524	160	370	530
"ND"	2006	"Stutsman"	"29_5"	261	153	414	254	173	427	165	257	422	118	301	419
"ND"	2006	"Stutsman"	"29_6"	309	140	449	300	149	449	182	251	433	94	351	445
"ND"	2006	"Stutsman"	"29_7(04)"												
"ND"	2006	"Stutsman"	"29_8(04)"												
"ND"	2006	"Stutsman"	"29_9(04)"												
"ND"	2006	"Stutsman"	"29_10(04)"												
"ND"	2006	"Stutsman"	"29_11(04)"												
"ND"	2006	"Stutsman"	"29_12(04)"												
"ND"	2006	"Stutsman"	"29_41(04)"												
"ND"	2006	"Stutsman"	"29_94"	479	258	737	487	255	742	358	370	728	234	503	737
"ND"	2006	"Towner"	"10_2"	232	31	263	233	37	270	150	107	257	100	163	263
"ND"	2006	"Towner"	"10_3"	212	23	235	204	30	234	151	72	223	118	108	226
"ND"	2006	"Towner"	"15_1"	601	169	770	583	196	779	330	417	747	227	533	760
"ND"	2006	"Traill"	"20_1"	101	29	130	99	33	132	73	58	131	56	75	131
"ND"	2006	"Traill"	"20_2"	151	40	191	141	51	192	102	83	185	81	107	188
"ND"	2006	"Traill"	"20_3"	86	42	128	82	51	133	59	72	131	50	83	133
"ND"	2006	"Traill"	"20_4"	67	35	102	59	44	103	44	57	101	29	74	103
"ND"	2006	"Traill"	"20_5"	88	35	123	81	40	121	69	52	121	64	59	123
"ND"	2006	"Traill"	"20_6"	51	23	74	49	25	74	41	31	72	35	39	74
"ND"	2006	"Traill"	"20_7"	227	90	317	202	113	315	147	165	312	169	147	316
"ND"	2006	"Traill"	"20_8"	127	54	181	119	61	180	91	86	177	87	90	177
"ND"	2006	"Traill"	"20_9"	203	71	274	189	86	275	136	132	268	149	128	277
"ND"	2006	"Traill"	"20_10"	226	89	315	213	104	317	142	173	315	123	193	316
"ND"	2006	"Traill"	"20_11"	186	67	253	176	81	257	132	124	256	100	159	259
"ND"	2006	"Traill"	"20_12"	229	89	318	221	98	319	167	152	319	122	198	320
"ND"	2006	"Traill"	"20_13"	207	61	268	204	65	269	145	120	265	149	119	268
"ND"	2006	"Walsh"	"16_1"	138	30	168	133	37	170	101	67	168	70	100	170
"ND"	2006	"Walsh"	"16_2"	162	72	234	154	81	235	106	125	231	80	154	234
"ND"	2006	"Walsh"	"16_3"	157	87	244	150	101	251	89	156	245	88	160	248
"ND"	2006	"Walsh"	"16_4"	182	79	261	171	91	262	112	150	262	77	186	263
"ND"	2006	"Walsh"	"16_5"	144	18	162	141	25	166	96	65	161	62	100	162
"ND"	2006	"Walsh"	"16_6"	114	68	182	110	78	188	74	110	184	41	144	185
"ND"	2006	"Walsh"	"16_7"	156	79	235	158	80	238	105	123	228	64	168	232
"ND"	2006	"Walsh"	"16_8"	148	53	201	142	57	199	101	89	190	78	117	195
"ND"	2006	"Walsh"	"16_9"	170	17	187	169	23	192	127	55	182	88	98	186
"ND"	2006	"Walsh"	"16_10"	170	44	214	167	52	219	125	91	216	96	122	218
"ND"	2006	"Walsh"	"16_11"	108	41	149	104	47	151	69	80	149	55	95	150
"ND"	2006	"Walsh"	"16_12"	230	60	290	218	80	298	127	165	292	84	210	294
"ND"	2006	"Walsh"	"16_13"	146	39	185	143	46	189	84	103	187	66	119	185
"ND"	2006	"Walsh"	"16_14"	289	101	390	281	116	397	157	232	389	107	283	390
"ND"	2006	"Walsh"	"16_15"	136	33	169	137	34	171	75	87	162	52	113	165
"ND"	2006	"Walsh"	"16_16"	91	47	138	87	52	139	64	73	137	42	97	139
"ND"	2006	"Walsh"	"16_17"	136	44	180	135	51	186	85	90	175	61	121	182
"ND"	2006	"Walsh"	"16_18"	146	39	185	143	44	187	98	85	183	67	116	183
"ND"	2006	"Ward"	"3_8"	467	213	680	443	253	696	340	347	687	206	485	691
"ND"	2006	"Ward"	"3_11(04)"												
"ND"	2006	"Ward"	"3_12(04)"												
"ND"	2006	"Ward"	"3_14"	279	141	420	252	179	431	177	243	420	116	308	424
"ND"	2006	"Ward"	"3_15"	343	163	506	313	198	511	233	272	505	136	371	507
"ND"	2006	"Ward"	"3_16"	402	121	523	379	152	531	287	236	523	199	325	524
"ND"	2006	"Ward"	"3_17"	581	239	820	553	275	828	388	435	823	263	561	824
"ND"	2006	"Ward"	"3_18"	383	126	509	369	148	517	279	233	512	176	341	517
"ND"	2006	"Ward"	"3_19"	392	151	543	365	181	546	298	242	540	187	354	541
"ND"	2006	"Ward"	"3_21(04)"												
"ND"	2006	"Ward"	"3_22(04)"												
"ND"	2006	"Ward"	"4_7"	102	31	133	95	41	136	68	68	136	36	100	136
"ND"	2006	"Ward"	"4_11"	141	37	178	133	47	180	105	74	179	66	111	177
"ND"	2006	"Ward"	"4_12"	169	132	301	167	140	307	118	187	305	77	224	301
"ND"	2006	"Ward"	"4_13"	182	74	256	171	88	259	138	120	258	97	161	258
"ND"	2006	"Ward"	"5_24"	715	286	1001	643	363	1006	417	572	989	236	763	999
"ND"	2006	"Ward"	"5_27"	269	115	384	241	145	386	172	207	379	115	267	382
"ND"	2006	"Ward"	"5_28"	749	317	1066	704	378	1082	464	604	1068	304	771	1075
"ND"	2006	"Ward"	"5_29"	953	412	1365	882	488	1370	554	801	1355	332	1025	1357
"ND"	2006	"Ward"	"5_30"	419	141	560	396	173	569	303	256	559	182	377	559
"ND"	2006	"Ward"	"5_31"	313	134	447	295	156	451	191	248	439	111	335	446
"ND"	2006	"Ward"	"5_42(04)"												
"ND"	2006	"Ward"	"5_53(04)"												
"ND"	2006	"Ward"	"5_61(04)"												
"ND"	2006	"Ward"	"5_62(04)"												
"ND"	2006	"Ward"	"5_71(04)"												
"ND"	2006	"Ward"	"5_72(04)"												
"ND"	2006	"Ward"	"6_2"	274	116	390	254	146	400	188	200	388	114	278	392
"ND"	2006	"Ward"	"6_4"	131	69	200	111	92	203	94	106	200	56	143	199
"ND"	2006	"Ward"	"6_6"	353	161	514	342	179	521	222	290	512	145	371	516
"ND"	2006	"Ward"	"38_1"	146	83	229	137	97	234	110	120	230	72	158	230
"ND"	2006	"Ward"	"38_3"	394	170	564	365	206	571	267	300	567	172	397	569
"ND"	2006	"Ward"	"38_5"	334	187	521	303	222	525	193	323	516	122	393	515
"ND"	2006	"Ward"	"38_9"	37	28	65	40	27	67	26	40	66	16	51	67
"ND"	2006	"Ward"	"38_23"	848	371	1219	771	466	1237	490	724	1214	301	929	1230
"ND"	2006	"Ward"	"38_26"	523	210	733	494	249	743	359	378	737	217	517	734
"ND"	2006	"Ward"	"38_32"	284	115	399	262	141	403	187	212	399	106	295	401
"ND"	2006	"Ward"	"38_41(04)"												
"ND"	2006	"Ward"	"38_52(04)"												
"ND"	2006	"Ward"	"38_73(04)"												
"ND"	2006	"Ward"	"40_10"	117	79	196	106	91	197	68	123	191	55	139	194
"ND"	2006	"Ward"	"40_20"	232	110	342	212	139	351	170	179	349	113	236	349
"ND"	2006	"Ward"	"40_21"	599	211	810	553	269	822	409	398	807	244	567	811
"ND"	2006	"Ward"	"40_22"	470	230	700	440	264	704	280	416	696	170	528	698
"ND"	2006	"Ward"	"40_23(04)"												
"ND"	2006	"Ward"	"40_25"	241	113	354	235	122	357	165	189	354	91	265	356
"ND"	2006	"Ward"	"40_31(04)"												
"ND"	2006	"Ward"	"40_32(04)"												
"ND"	2006	"Ward"	"40_51(04)"												
"ND"	2006	"Wells"	"14_1"	142	115	257	143	117	260	87	164	251	54	199	253
"ND"	2006	"Wells"	"14_2"	148	64	212	144	76	220	100	116	216	77	140	217
"ND"	2006	"Wells"	"14_3"	148	94	242	144	101	245	104	137	241	63	176	239
"ND"	2006	"Wells"	"14_4"	147	51	198	140	63	203	96	103	199	76	123	199
"ND"	2006	"Wells"	"14_5"	533	220	753	510	248	758	347	402	749	235	520	755
"ND"	2006	"Wells"	"14_6"	176	87	263	166	102	268	101	159	260	57	206	263
"ND"	2006	"Williams"	"1_59"	850	342	1192	783	407	1190	477	704	1181	307	892	1199
"ND"	2006	"Williams"	"1_60"	302	129	431	290	146	436	197	230	427	136	300	436
"ND"	2006	"Williams"	"1_73"	525	321	846	494	360	854	259	583	842	140	712	852
"ND"	2006	"Williams"	"1_74"	527	282	809	495	326	821	301	505	806	164	657	821
"ND"	2006	"Williams"	"1_76"	377	173	550	350	208	558	206	346	552	116	443	559
"ND"	2006	"Williams"	"2_43"	224	122	346	219	132	351	128	216	344	81	267	348
"ND"	2006	"Williams"	"2_45"	64	14	78	62	17	79	47	31	78	32	45	77
"ND"	2006	"Williams"	"2_48"	142	87	229	133	96	229	95	134	229	64	166	230
"ND"	2006	"Williams"	"2_53"	41	29	70	38	33	71	23	43	66	19	47	66
"ND"	2006	"Williams"	"2_55"	97	45	142	92	49	141	71	67	138	49	89	138
"ND"	2006	"Williams"	"2_62"	83	35	118	71	52	123	58	66	124	38	87	125
"ND"	2006	"Williams"	"2_63"	176	46	222	166	56	222	126	87	213	90	125	215
"ND"	2006	"Williams"	"2_64"	259	140	399	240	164	404	136	267	403	86	317	403
"ND"	2006	"Williams"	"2_65"	90	24	114	84	29	113	59	56	115	37	77	114
"ND"	2006	"Williams"	"2_67"	114	30	144	114	30	144	77	63	140	44	95	139
