state	year	county	precinct_code	g2004_USP_dv	g2004_USP_rv	g2004_USP_tv	g2004_USS_dv	g2004_USS_rv	g2004_USS_tv	g2004_USH_dv	g2004_USH_rv	g2004_USH_tv	g2004_GOV_dv	g2004_GOV_rv	g2004_GOV_tv	g2004_SOS_dv	g2004_SOS_rv	g2004_SOS_tv	g2004_ATG_dv	g2004_ATG_rv	g2004_ATG_tv
"ND"	2004	"Adams"	"39_1"	34	107	141	83	63	146	75	71	146	34	109	143	42	101	143	39	102	141
"ND"	2004	"Adams"	"39_2(06)"	270	705	975	625	359	984	526	456	982	204	763	967	283	666	949	229	730	959
"ND"	2004	"Adams"	"39_3(06)"	49	103	152	96	55	151	96	56	152	40	112	152	53	98	151	40	111	151
"ND"	2004	"Barnes"	"20_6"	113	184	297	220	86	306	192	112	304	100	198	298	100	187	287	97	203	300
"ND"	2004	"Barnes"	"20_10"	39	50	89	59	31	90	54	36	90	30	58	88	36	53	89	30	60	90
"ND"	2004	"Barnes"	"20_12"	77	188	265	170	100	270	151	117	268	60	205	265	71	184	255	59	200	259
"ND"	2004	"Barnes"	"20_13"	125	150	275	208	72	280	182	98	280	96	183	279	108	153	261	89	176	265
"ND"	2004	"Barnes"	"24_1"	149	212	361	255	105	360	231	130	361	76	264	340	126	223	349	89	264	353
"ND"	2004	"Barnes"	"24_2"	315	451	766	564	212	776	530	250	780	243	518	761	291	444	735	240	510	750
"ND"	2004	"Barnes"	"24_3"	193	290	483	338	146	484	330	154	484	136	341	477	190	276	466	149	324	473
"ND"	2004	"Barnes"	"24_4"	270	420	690	499	195	694	465	233	698	183	504	687	232	443	675	189	494	683
"ND"	2004	"Barnes"	"24_5"	418	556	974	701	276	977	649	336	985	254	719	973	342	600	942	265	696	961
"ND"	2004	"Barnes"	"24_7"	70	158	228	161	77	238	146	92	238	72	161	233	82	150	232	60	175	235
"ND"	2004	"Barnes"	"24_8"	33	84	117	82	39	121	73	47	120	24	91	115	39	80	119	30	89	119
"ND"	2004	"Barnes"	"24_9"	85	154	239	180	66	246	166	82	248	85	160	245	88	148	236	71	174	245
"ND"	2004	"Barnes"	"24_11"	170	398	568	390	187	577	349	224	573	141	431	572	172	374	546	140	414	554
"ND"	2004	"Barnes"	"24_14"	53	62	115	90	25	115	82	34	116	47	69	116	48	63	111	42	69	111
"ND"	2004	"Barnes"	"24_15"	76	184	260	169	99	268	143	126	269	50	219	269	71	185	256	46	213	259
"ND"	2004	"Benson"	"7_1"	41	53	94	72	27	99	64	35	99	31	65	96	40	57	97	37	61	98
"ND"	2004	"Benson"	"7_2"	211	287	498	367	143	510	335	173	508	153	347	500	201	295	496	166	338	504
"ND"	2004	"Benson"	"7_3"	130	95	225	178	51	229	163	67	230	103	123	226	120	106	226	109	115	224
"ND"	2004	"Benson"	"7_4"	227	231	458	339	134	473	328	144	472	180	285	465	199	255	454	161	297	458
"ND"	2004	"Benson"	"23_5"	93	106	199	154	50	204	132	69	201	67	134	201	77	115	192	68	132	200
"ND"	2004	"Benson"	"23_6"	55	71	126	88	42	130	82	48	130	52	74	126	54	72	126	46	81	127
"ND"	2004	"Benson"	"23_7"	379	101	480	437	51	488	430	54	484	315	157	472	380	101	481	359	125	484
"ND"	2004	"Benson"	"23_8"	60	58	118	89	33	122	79	42	121	46	72	118	50	68	118	38	82	120
"ND"	2004	"Billings"	"39_1"	30	128	158	74	87	161	64	99	163	39	120	159	31	126	157	29	131	160
"ND"	2004	"Billings"	"39_2"	57	235	292	171	126	297	133	164	297	59	235	294	78	208	286	59	234	293
"ND"	2004	"Billings"	"39_3"	12	86	98	46	54	100	30	70	100	17	83	100	14	82	96	11	87	98
"ND"	2004	"Billings"	"39_4(02)"																		
"ND"	2004	"Bottineau"	"6_1"	189	397	586	413	179	592	343	250	593	128	451	579	159	413	572	141	443	584
"ND"	2004	"Bottineau"	"6_2(06)"	50	96	146	96	8	104	82	65	147	34	109	143	42	98	140	36	106	142
"ND"	2004	"Bottineau"	"6_3"	51	98	149	98	55	153	87	66	153	33	115	148	50	90	140	39	105	144
"ND"	2004	"Bottineau"	"6_4"	123	230	353	267	90	357	227	133	360	84	273	357	95	251	346	101	251	352
"ND"	2004	"Bottineau"	"6_5"	32	134	166	86	79	165	70	96	166	21	145	166	34	127	161	29	135	164
"ND"	2004	"Bottineau"	"6_6"	89	149	238	173	69	242	37	107	144	69	170	239	85	150	235	79	161	240
"ND"	2004	"Bottineau"	"6_7"	28	78	106	72	34	106	56	50	106	21	85	106	35	68	103	25	78	103
"ND"	2004	"Bottineau"	"6_8"	38	83	121	86	41	127	68	59	127	27	101	128	42	86	128	42	85	127
"ND"	2004	"Bottineau"	"6_9(06)"	33	105	138	78	60	138	66	72	138	26	106	132	38	97	135	35	100	135
"ND"	2004	"Bottineau"	"6_10"	86	209	295	206	83	289	187	101	288	57	231	288	94	181	275	88	193	281
"ND"	2004	"Bottineau"	"6_11"	78	110	188	150	46	196	125	69	194	56	129	185	79	110	189	62	126	188
"ND"	2004	"Bottineau"	"6_12"	117	230	347	255	97	352	217	133	350	70	273	343	111	229	340	93	250	343
"ND"	2004	"Bottineau"	"6_13"	92	181	273	194	82	276	154	121	275	64	205	269	88	172	260	71	195	266
"ND"	2004	"Bottineau"	"6_14"	90	193	283	180	104	284	149	131	280	52	225	277	73	191	264	63	206	269
"ND"	2004	"Bottineau"	"6_15"	72	175	247	173	73	246	138	111	249	45	201	246	75	161	236	59	184	243
"ND"	2004	"Bowman"	"39_1"	210	625	835	490	354	844	406	440	846	152	678	830	215	609	824	166	664	830
"ND"	2004	"Bowman"	"39_2"	55	242	297	181	125	306	145	157	302	57	238	295	66	230	296	55	240	295
"ND"	2004	"Bowman"	"39_3"	47	178	225	139	97	236	121	114	235	47	184	231	61	165	226	51	174	225
"ND"	2004	"Bowman"	"39_4"	85	235	320	188	134	322	163	161	324	61	258	319	96	222	318	66	253	319
"ND"	2004	"Bowman"	"39_5(02)"																		
"ND"	2004	"Burke"	"2_1"	25	48	73	61	16	77	51	27	78	25	50	75	27	49	76	21	55	76
"ND"	2004	"Burke"	"2_2"	86	243	329	231	109	340	178	162	340	68	265	333	92	239	331	77	254	331
"ND"	2004	"Burke"	"2_3"	106	242	348	251	103	354	221	132	353	85	257	342	124	216	340	104	234	338
"ND"	2004	"Burke"	"2_4"	56	113	169	135	38	173	119	54	173	33	136	169	60	102	162	48	122	170
"ND"	2004	"Burke"	"2_5"	25	102	127	91	38	129	71	54	125	16	105	121	25	93	118	25	96	121
"ND"	2004	"Burke"	"2_6"	38	60	98	69	31	100	59	40	99	16	81	97	28	67	95	23	73	96
"ND"	2004	"Burleigh"	"8_4"	53	97	150	94	62	156	77	82	159	62	90	152	60	94	154	52	105	157
"ND"	2004	"Burleigh"	"8_5"	361	1200	1561	881	687	1568	721	850	1571	368	1187	1555	366	1168	1534	295	1254	1549
"ND"	2004	"Burleigh"	"8_6"	540	1373	1913	1179	727	1906	986	928	1914	460	1427	1887	524	1309	1833	411	1451	1862
"ND"	2004	"Burleigh"	"8_10"	348	920	1268	717	549	1266	617	651	1268	314	943	1257	339	889	1228	277	967	1244
"ND"	2004	"Burleigh"	"14_11"	48	139	187	119	71	190	98	92	190	56	126	182	51	124	175	43	136	179
"ND"	2004	"Burleigh"	"14_12"	46	73	119	85	34	119	79	41	120	45	74	119	41	75	116	40	76	116
"ND"	2004	"Burleigh"	"14_13"	117	194	311	216	100	316	184	133	317	91	217	308	110	198	308	99	211	310
"ND"	2004	"Burleigh"	"14_15(04)"	49	62	111	75	39	114	68	46	114	43	66	109	51	61	112	47	64	111
"ND"	2004	"Burleigh"	"14_16"	25	89	114	47	70	117	40	76	116	23	93	116	22	88	110	21	94	115
"ND"	2004	"Burleigh"	"14_17"	91	241	332	216	121	337	169	168	337	106	228	334	97	231	328	76	257	333
"ND"	2004	"Burleigh"	"14_18(04)"	29	64	93	57	37	94	53	42	95	41	53	94	29	61	90	28	60	88
"ND"	2004	"Burleigh"	"14_19"	265	706	971	590	391	981	503	476	979	263	699	962	292	648	940	255	707	962
"ND"	2004	"Burleigh"	"30_20"	302	662	964	579	390	969	476	493	969	250	710	960	267	680	947	218	739	957
"ND"	2004	"Burleigh"	"30_21"	182	462	644	393	252	645	345	295	640	172	457	629	151	448	599	128	490	618
"ND"	2004	"Burleigh"	"30_22"	453	817	1270	824	476	1300	699	593	1292	390	884	1274	437	816	1253	364	901	1265
"ND"	2004	"Burleigh"	"30_23"	299	641	940	616	335	951	519	432	951	295	627	922	262	665	927	246	685	931
"ND"	2004	"Burleigh"	"30_24"	461	971	1432	946	495	1441	792	653	1445	429	993	1422	428	959	1387	362	1055	1417
"ND"	2004	"Burleigh"	"30_25"	484	1287	1771	1082	689	1771	904	874	1778	434	1319	1753	415	1319	1734	320	1425	1745
"ND"	2004	"Burleigh"	"32_31"	338	488	826	585	266	851	526	322	848	296	531	827	323	500	823	282	556	838
"ND"	2004	"Burleigh"	"32_33"	303	571	874	570	312	882	495	383	878	278	596	874	292	556	848	249	619	868
"ND"	2004	"Burleigh"	"32_34"	233	397	630	441	201	642	383	259	642	217	419	636	215	407	622	205	425	630
"ND"	2004	"Burleigh"	"32_36"	304	706	1010	646	374	1020	558	459	1017	271	735	1006	282	714	996	217	782	999
"ND"	2004	"Burleigh"	"32_37"	399	1037	1436	906	542	1448	753	695	1448	370	1075	1445	396	1023	1419	276	1161	1437
"ND"	2004	"Burleigh"	"32_38"	454	911	1365	929	451	1380	795	589	1384	400	955	1355	393	943	1336	347	1002	1349
"ND"	2004	"Burleigh"	"32_39"	314	542	856	530	334	864	475	390	865	292	560	852	251	581	832	211	641	852
"ND"	2004	"Burleigh"	"35_51"	332	782	1114	643	456	1099	559	551	1110	281	828	1109	277	820	1097	195	905	1100
"ND"	2004	"Burleigh"	"35_52"	467	885	1352	868	495	1363	728	639	1367	373	980	1353	376	962	1338	276	1075	1351
"ND"	2004	"Burleigh"	"35_53"	517	1205	1722	1037	678	1715	836	886	1722	411	1303	1714	454	1228	1682	326	1379	1705
"ND"	2004	"Burleigh"	"35_54"	265	604	869	550	335	885	485	397	882	243	628	871	260	590	850	222	637	859
"ND"	2004	"Burleigh"	"35_55"	352	789	1141	690	448	1138	581	560	1141	305	830	1135	306	798	1104	277	844	1121
"ND"	2004	"Burleigh"	"35_56"	478	690	1168	770	413	1183	678	513	1191	426	747	1173	413	752	1165	351	821	1172
"ND"	2004	"Burleigh"	"35_57(04)"	135	214	349	238	118	356	221	135	356	111	232	343	114	230	344	92	253	345
"ND"	2004	"Burleigh"	"47_40"	318	944	1262	759	504	1263	626	640	1266	303	946	1249	286	925	1211	219	1010	1229
"ND"	2004	"Burleigh"	"47_41"	406	1348	1754	941	809	1750	765	988	1753	354	1383	1737	355	1356	1711	254	1463	1717
"ND"	2004	"Burleigh"	"47_42"	436	849	1285	812	479	1291	698	592	1290	369	904	1273	366	872	1238	281	977	1258
"ND"	2004	"Burleigh"	"47_45"	502	1094	1596	963	637	1600	799	803	1602	399	1203	1602	432	1136	1568	322	1261	1583
"ND"	2004	"Burleigh"	"47_46"	400	912	1312	791	535	1326	679	651	1330	376	953	1329	328	970	1298	258	1056	1314
"ND"	2004	"Burleigh"	"47_48"	515	1611	2126	1145	973	2118	948	1189	2137	452	1674	2126	442	1632	2074	336	1763	2099
"ND"	2004	"Cass"	"11_1"	783	886	1669	1189	501	1690	1032	659	1691	597	1078	1675	667	929	1596	518	1108	1626
"ND"	2004	"Cass"	"11_2"	509	498	1007	774	250	1024	696	328	1024	384	604	988	455	509	964	399	575	974
"ND"	2004	"Cass"	"11_3(06)"	604	749	1353	991	379	1370	875	490	1365	485	867	1352	555	738	1293	439	880	1319
"ND"	2004	"Cass"	"11_4(06)"	703	960	1663	1186	492	1678	1070	616	1686	541	1121	1662	588	1011	1599	480	1136	1616
"ND"	2004	"Cass"	"11_5(06)"	452	557	1009	732	283	1015	664	351	1015	306	697	1003	398	564	962	310	671	981
"ND"	2004	"Cass"	"13_1"	694	1269	1963	1406	574	1980	1214	762	1976	525	1442	1967	631	1257	1888	510	1396	1906
"ND"	2004	"Cass"	"13_2"	570	899	1469	1065	421	1486	923	566	1489	461	1007	1468	540	891	1431	441	1002	1443
"ND"	2004	"Cass"	"13_3"	586	851	1437	1064	387	1451	946	514	1460	460	959	1419	559	827	1386	400	1018	1418
"ND"	2004	"Cass"	"13_4(06)"	657	1137	1794	1267	532	1799	1065	736	1801	466	1324	1790	580	1137	1717	470	1274	1744
"ND"	2004	"Cass"	"13_5(06)"	344	945	1289	844	457	1301	649	651	1300	225	1070	1295	268	972	1240	212	1036	1248
"ND"	2004	"Cass"	"20_1"	73	115	188	139	46	185	120	66	186	67	116	183	66	110	176	43	137	180
"ND"	2004	"Cass"	"20_2"	207	367	574	437	140	577	364	216	580	207	368	575	197	350	547	150	413	563
"ND"	2004	"Cass"	"21_1"	481	407	888	684	225	909	609	300	909	357	539	896	427	442	869	347	524	871
"ND"	2004	"Cass"	"21_2"	399	278	677	542	149	691	500	191	691	323	342	665	376	273	649	338	316	654
"ND"	2004	"Cass"	"21_3(06)"	624	484	1108	880	249	1129	809	325	1134	430	677	1107	562	509	1071	450	634	1084
"ND"	2004	"Cass"	"21_4(06)"	515	521	1036	814	248	1062	735	328	1063	446	597	1043	526	496	1022	413	610	1023
"ND"	2004	"Cass"	"21_5(06)"	343	417	760	611	161	772	531	238	769	280	467	747	355	375	730	282	451	733
"ND"	2004	"Cass"	"21_6(06)"	544	620	1164	831	348	1179	768	412	1180	399	741	1140	507	582	1089	400	705	1105
"ND"	2004	"Cass"	"22_1"	21	73	94	48	49	97	42	55	97	25	71	96	16	76	92	12	82	94
"ND"	2004	"Cass"	"22_2"	200	322	522	394	136	530	337	195	532	170	356	526	185	330	515	139	375	514
"ND"	2004	"Cass"	"22_3"	258	422	680	504	190	694	420	274	694	216	462	678	220	432	652	174	488	662
"ND"	2004	"Cass"	"22_4"	98	247	345	234	106	340	192	149	341	91	250	341	87	246	333	64	267	331
"ND"	2004	"Cass"	"22_5"	516	806	1322	1024	316	1340	857	482	1339	427	891	1318	487	784	1271	338	953	1291
"ND"	2004	"Cass"	"22_6"	200	389	589	406	184	590	348	247	595	163	419	582	195	368	563	162	415	577
"ND"	2004	"Cass"	"22_7"	67	139	206	133	72	205	119	88	207	52	154	206	67	131	198	44	154	198
"ND"	2004	"Cass"	"22_8"	166	233	399	318	87	405	265	141	406	142	255	397	158	229	387	127	265	392
"ND"	2004	"Cass"	"22_9"	263	509	772	554	222	776	481	296	777	196	574	770	222	521	743	183	563	746
"ND"	2004	"Cass"	"22_10"	242	585	827	533	294	827	467	360	827	159	663	822	207	575	782	164	621	785
"ND"	2004	"Cass"	"22_11"	511	954	1465	1009	472	1481	849	627	1476	407	1037	1444	466	935	1401	367	1054	1421
"ND"	2004	"Cass"	"22_12"	148	337	485	319	172	491	251	243	494	103	381	484	114	348	462	87	383	470
"ND"	2004	"Cass"	"27_1"	350	490	840	602	236	838	538	306	844	234	587	821	294	490	784	226	564	790
"ND"	2004	"Cass"	"27_2"	758	855	1613	1205	412	1617	1101	512	1613	552	1037	1589	663	839	1502	523	1015	1538
"ND"	2004	"Cass"	"27_3"	372	653	1025	739	293	1032	637	397	1034	278	753	1031	350	629	979	283	718	1001
"ND"	2004	"Cass"	"27_4"	462	565	1027	757	262	1019	679	336	1015	322	670	992	407	539	946	336	625	961
"ND"	2004	"Cass"	"27_5"	941	1635	2576	1801	774	2575	1559	1022	2581	635	1911	2546	827	1579	2406	671	1766	2437
"ND"	2004	"Cass"	"27_6(06)"	277	508	785	508	274	782	437	347	784	214	568	782	261	488	749	205	554	759
"ND"	2004	"Cass"	"41_1"	422	641	1063	738	321	1059	637	421	1058	302	739	1041	356	662	1018	281	747	1028
"ND"	2004	"Cass"	"41_2"	332	542	874	630	243	873	555	326	881	227	639	866	287	533	820	207	625	832
"ND"	2004	"Cass"	"41_3(06)"	828	1528	2356	1586	770	2356	1353	1012	2365	518	1834	2352	647	1613	2260	516	1760	2276
"ND"	2004	"Cass"	"41_4(06)"	814	1367	2181	1535	654	2189	1320	868	2188	554	1613	2167	666	1384	2050	541	1551	2092
"ND"	2004	"Cass"	"41_5(06)"	246	730	976	592	380	972	447	531	978	167	805	972	197	726	923	136	807	943
"ND"	2004	"Cass"	"44_1"	646	607	1253	943	333	1276	869	413	1282	509	721	1230	573	619	1192	497	698	1195
"ND"	2004	"Cass"	"44_2"	821	850	1671	1261	439	1700	1103	598	1701	640	1012	1652	675	911	1586	592	1018	1610
"ND"	2004	"Cass"	"44_3(06)"	446	594	1040	775	280	1055	683	369	1052	359	676	1035	380	608	988	301	702	1003
"ND"	2004	"Cass"	"44_4(06)"	570	1052	1622	1129	499	1628	928	703	1631	458	1155	1613	493	1052	1545	386	1181	1567
"ND"	2004	"Cass"	"44_5(06)"	340	365	705	547	171	718	488	228	716	245	467	712	290	396	686	233	457	690
"ND"	2004	"Cass"	"44_6(06)"	380	713	1093	720	372	1092	587	508	1095	262	818	1080	259	779	1038	217	824	1041
"ND"	2004	"Cass"	"45_1"	600	812	1412	991	437	1428	880	545	1425	469	950	1419	551	795	1346	428	952	1380
"ND"	2004	"Cass"	"45_2"	344	607	951	549	378	927	532	384	916	207	667	874	290	532	822	246	592	838
"ND"	2004	"Cass"	"45_3"	631	840	1471	1101	383	1484	958	522	1480	473	985	1458	553	861	1414	449	980	1429
"ND"	2004	"Cass"	"45_4(06)"	461	867	1328	910	433	1343	742	601	1343	319	1006	1325	355	930	1285	288	1008	1296
"ND"	2004	"Cass"	"45_5(04)"	94	246	340	199	142	341	171	171	342	85	255	340	87	247	334	64	273	337
"ND"	2004	"Cass"	"45_6(06)"	280	561	841	595	253	848	494	352	846	247	596	843	268	535	803	209	613	822
"ND"	2004	"Cass"	"46_1"	337	612	949	638	315	953	538	416	954	237	706	943	270	623	893	213	708	921
"ND"	2004	"Cass"	"46_2"	489	627	1116	819	319	1138	720	425	1145	343	768	1111	436	636	1072	341	751	1092
"ND"	2004	"Cass"	"46_3(06)"	502	701	1203	891	320	1211	781	427	1208	349	841	1190	443	690	1133	335	814	1149
"ND"	2004	"Cass"	"46_4(06)"	550	1031	1581	1112	468	1580	893	688	1581	357	1216	1573	446	1036	1482	329	1181	1510
"ND"	2004	"Cass"	"46_5(06)"	435	854	1289	869	422	1291	739	558	1297	304	977	1281	389	830	1219	277	967	1244
"ND"	2004	"Cass"	"46_6(06)"	504	1190	1694	1057	618	1675	879	802	1681	339	1313	1652	388	1191	1579	310	1285	1595
"ND"	2004	"Cavalier"	"10_1"	47	75	122	94	33	127	87	41	128	27	94	121	37	85	122	31	95	126
"ND"	2004	"Cavalier"	"10_2"	70	54	124	106	25	131	104	28	132	30	94	124	48	68	116	34	86	120
"ND"	2004	"Cavalier"	"10_3"	48	181	229	140	95	235	122	114	236	37	194	231	52	161	213	43	179	222
"ND"	2004	"Cavalier"	"10_4"	22	73	95	63	35	98	53	45	98	13	85	98	19	75	94	17	80	97
"ND"	2004	"Cavalier"	"10_5"	35	38	73	57	22	79	51	27	78	31	45	76	32	40	72	22	52	74
"ND"	2004	"Cavalier"	"10_6"	43	83	126	93	33	126	86	39	125	23	103	126	33	87	120	28	97	125
"ND"	2004	"Cavalier"	"10_7"	54	97	151	108	44	152	98	53	151	36	108	144	38	102	140	39	104	143
"ND"	2004	"Cavalier"	"10_8"	57	62	119	91	30	121	87	33	120	32	87	119	52	63	115	40	77	117
"ND"	2004	"Cavalier"	"10_9"	165	210	375	278	105	383	257	126	383	102	269	371	137	215	352	122	233	355
"ND"	2004	"Cavalier"	"10_10"	345	649	994	728	286	1014	657	367	1024	197	774	971	293	623	916	223	740	963
"ND"	2004	"Dickey"	"26_2"	59	105	164	111	56	167	88	80	168	62	104	166	57	99	156	54	102	156
"ND"	2004	"Dickey"	"26_3"	495	847	1342	922	445	1367	776	585	1361	377	968	1345	476	833	1309	401	935	1336
"ND"	2004	"Dickey"	"28_1"	329	938	1267	571	702	1273	518	759	1277	271	972	1243	309	910	1219	296	939	1235
"ND"	2004	"Divide"	"2_1"	207	343	550	433	129	562	382	181	563	128	432	560	207	327	534	145	409	554
"ND"	2004	"Divide"	"2_2"	50	44	94	84	13	97	81	17	98	40	56	96	49	42	91	32	62	94
"ND"	2004	"Divide"	"2_3"	35	73	108	81	27	108	67	42	109	29	77	106	38	68	106	26	81	107
"ND"	2004	"Divide"	"2_4"	61	109	170	123	46	169	116	54	170	39	127	166	57	104	161	45	120	165
"ND"	2004	"Divide"	"2_5(04)"	36	57	93	72	21	93	61	34	95	22	72	94	37	54	91	19	74	93
"ND"	2004	"Divide"	"2_6(04)"	98	125	223	187	41	228	164	64	228	81	143	224	109	108	217	75	143	218
"ND"	2004	"Dunn"	"4_1"	80	16	96	87	12	99	84	14	98	60	32	92	70	26	96	61	36	97
"ND"	2004	"Dunn"	"4_2"	56	157	213	141	71	212	111	101	212	43	169	212	45	161	206	46	163	209
"ND"	2004	"Dunn"	"4_3"	37	162	199	139	69	208	112	95	207	35	169	204	43	165	208	30	173	203
"ND"	2004	"Dunn"	"4_11"	38	38	76	56	23	79	49	30	79	33	45	78	32	43	75	30	47	77
"ND"	2004	"Dunn"	"4_15"	56	3	59	58	1	59	57	2	59	50	10	60	51	6	57	48	9	57
"ND"	2004	"Dunn"	"36_8"	93	247	340	217	125	342	180	162	342	55	282	337	90	246	336	56	281	337
"ND"	2004	"Dunn"	"36_9"	33	126	159	100	59	159	72	85	157	34	121	155	42	113	155	28	127	155
"ND"	2004	"Dunn"	"36_10"	14	73	87	51	38	89	35	55	90	9	79	88	16	72	88	11	79	90
"ND"	2004	"Dunn"	"36_12"	67	165	232	141	87	228	109	120	229	71	154	225	68	149	217	65	156	221
"ND"	2004	"Dunn"	"36_14"	87	110	197	132	67	199	124	75	199	69	127	196	82	113	195	70	124	194
"ND"	2004	"Dunn"	"36_16"	10	81	91	53	39	92	33	59	92	10	80	90	19	69	88	15	74	89
"ND"	2004	"Eddy"	"23_1"	273	372	645	483	183	666	420	247	667	180	473	653	258	389	647	217	441	658
"ND"	2004	"Eddy"	"23_2"	68	78	146	110	41	151	100	45	145	49	93	142	65	78	143	49	96	145
"ND"	2004	"Eddy"	"23_3"																		
"ND"	2004	"Eddy"	"23_4"	139	137	276	235	45	280	208	71	279	104	162	266	139	122	261	102	168	270
"ND"	2004	"Eddy"	"29_3(06)"	54	68	122	98	31	129	89	37	126	40	89	129	56	67	123	48	78	126
"ND"	2004	"Eddy"	"29_5"																		
"ND"	2004	"Emmons"	"28_1"	37	102	139	75	65	140	60	80	140	36	102	138	39	99	138	34	102	136
"ND"	2004	"Emmons"	"28_2"	95	231	326	209	135	344	184	158	342	81	248	329	112	210	322	90	245	335
"ND"	2004	"Emmons"	"28_3"	80	151	231	151	89	240	120	117	237	84	145	229	63	160	223	67	164	231
"ND"	2004	"Emmons"	"28_4"																		
"ND"	2004	"Emmons"	"28_5"	31	68	99	57	45	102	40	61	101	46	55	101	42	51	93	33	66	99
"ND"	2004	"Emmons"	"28_6(06)"	69	146	215	126	93	219	112	109	221	57	149	206	56	140	196	52	156	208
"ND"	2004	"Emmons"	"28_7(06)"	21	124	145	74	73	147	49	95	144	22	121	143	23	111	134	21	114	135
"ND"	2004	"Emmons"	"28_8(06)"	25	144	169	86	88	174	55	117	172	33	139	172	14	151	165	24	144	168
"ND"	2004	"Emmons"	"28_9(06)"	27	30	57	41	19	60	39	21	60	25	33	58	18	37	55	18	40	58
"ND"	2004	"Emmons"	"28_10(06)"																		
"ND"	2004	"Emmons"	"28_11(06)"																		
"ND"	2004	"Emmons"	"28_41(04)"	70	187	257	148	113	261	130	130	260	54	200	254	63	190	253	51	202	253
"ND"	2004	"Emmons"	"28_42(04)"	87	141	228	154	79	233	132	99	231	66	163	229	64	155	219	74	149	223
"ND"	2004	"Emmons"	"28_43(04)"	69	125	194	119	74	193	96	98	194	54	128	182	58	127	185	44	145	189
"ND"	2004	"Foster"	"29_1"	56	80	136	121	23	144	100	43	143	44	97	141	56	80	136	44	94	138
"ND"	2004	"Foster"	"29_2"	80	288	368	258	120	378	195	182	377	79	294	373	107	252	359	73	293	366
"ND"	2004	"Foster"	"29_3"	56	52	108	79	30	109	72	36	108	50	58	108	54	50	104	44	60	104
"ND"	2004	"Foster"	"29_4"	29	94	123	94	29	123	78	45	123	24	96	120	43	76	119	26	93	119
"ND"	2004	"Foster"	"29_5"	155	315	470	337	140	477	298	180	478	101	370	471	162	303	465	109	358	467
"ND"	2004	"Foster"	"29_6"	142	390	532	377	158	535	325	210	535	116	415	531	159	349	508	108	407	515
"ND"	2004	"Golden Valley"	"39_1"	4	33	37	22	16	38	19	19	38	2	35	37	6	32	38	6	31	37
"ND"	2004	"Golden Valley"	"39_2(04)"	14	77	91	49	47	96	35	61	96	14	78	92	18	72	90	18	75	93
"ND"	2004	"Golden Valley"	"39_3(04)"	14	84	98	60	41	101	41	59	100	15	86	101	17	79	96	14	81	95
"ND"	2004	"Golden Valley"	"39_4(04)"	38	123	161	96	64	160	88	73	161	33	126	159	50	105	155	34	120	154
"ND"	2004	"Golden Valley"	"39_5(04)"	125	402	527	302	234	536	267	265	532	94	429	523	145	363	508	109	406	515
"ND"	2004	"Grand Forks"	"17_1"																		
"ND"	2004	"Grand Forks"	"17_2"																		
"ND"	2004	"Grand Forks"	"17_3"																		
"ND"	2004	"Grand Forks"	"17_4"																		
"ND"	2004	"Grand Forks"	"17_5"																		
"ND"	2004	"Grand Forks"	"17_6"																		
"ND"	2004	"Grand Forks"	"17_7"																		
"ND"	2004	"Grand Forks"	"17_8"																		
"ND"	2004	"Grand Forks"	"17_16(06)"	74	167	241	162	78	240	151	90	241	38	199	237	66	162	228	42	198	240
"ND"	2004	"Grand Forks"	"17_17(06)"	97	255	352	226	131	357	196	164	360	53	303	356	88	250	338	57	293	350
"ND"	2004	"Grand Forks"	"17_30(06)"	549	537	1086	874	276	1150	802	347	1149	371	757	1128	507	580	1087	337	792	1129
"ND"	2004	"Grand Forks"	"17_31(06)"	517	728	1245	927	332	1259	870	391	1261	315	928	1243	435	765	1200	293	944	1237
"ND"	2004	"Grand Forks"	"17_32(06)"	434	796	1230	875	354	1229	819	420	1239	250	978	1228	372	786	1158	263	936	1199
"ND"	2004	"Grand Forks"	"17_33(06)"	521	735	1256	904	346	1250	839	419	1258	335	897	1232	448	718	1166	305	907	1212
"ND"	2004	"Grand Forks"	"17_34(06)"	561	972	1533	1104	426	1530	1004	534	1538	285	1234	1519	454	992	1446	276	1224	1500
"ND"	2004	"Grand Forks"	"17_39(06)"	120	166	286	206	73	279	184	96	280	70	210	280	100	165	265	67	205	272
"ND"	2004	"Grand Forks"	"18_1(06)"	173	359	532	330	194	524	313	207	520	117	386	503	179	308	487	116	385	501
"ND"	2004	"Grand Forks"	"18_9"																		
"ND"	2004	"Grand Forks"	"18_10"																		
"ND"	2004	"Grand Forks"	"18_11"																		
"ND"	2004	"Grand Forks"	"18_12"																		
"ND"	2004	"Grand Forks"	"18_13"																		
"ND"	2004	"Grand Forks"	"18_14"																		
"ND"	2004	"Grand Forks"	"18_15"																		
"ND"	2004	"Grand Forks"	"18_16"																		
"ND"	2004	"Grand Forks"	"18_23(06)"	287	267	554	441	120	561	416	141	557	195	343	538	266	241	507	178	348	526
"ND"	2004	"Grand Forks"	"18_25(06)"	492	488	980	718	267	985	693	290	983	328	625	953	447	475	922	298	650	948
"ND"	2004	"Grand Forks"	"18_26(06)"	546	398	944	745	220	965	712	256	968	373	544	917	484	411	895	357	558	915
"ND"	2004	"Grand Forks"	"18_27(06)"	454	407	861	673	191	864	638	228	866	299	536	835	442	372	814	306	536	842
"ND"	2004	"Grand Forks"	"18_28(06)"	104	76	180	146	38	184	144	39	183	72	104	176	81	78	159	58	113	171
"ND"	2004	"Grand Forks"	"18_29(06)"	462	605	1067	815	267	1082	762	320	1082	309	747	1056	437	590	1027	297	762	1059
"ND"	2004	"Grand Forks"	"18_42(06)"	96	84	180	128	49	177	119	58	177	64	109	173	84	82	166	62	112	174
"ND"	2004	"Grand Forks"	"19_2(06)"	233	593	826	484	318	802	438	357	795	168	601	769	258	496	754	187	574	761
"ND"	2004	"Grand Forks"	"19_3(06)"	101	184	285	190	98	288	182	109	291	60	223	283	90	184	274	65	214	279
"ND"	2004	"Grand Forks"	"19_4(06)"	80	149	229	158	71	229	147	81	228	55	170	225	73	138	211	50	162	212
"ND"	2004	"Grand Forks"	"19_5(06)"	101	252	353	226	129	355	205	150	355	67	282	349	106	229	335	67	283	350
"ND"	2004	"Grand Forks"	"19_6(06)"	96	280	376	218	161	379	192	185	377	49	317	366	90	271	361	57	310	367
"ND"	2004	"Grand Forks"	"19_7(06)"	100	201	301	216	86	302	202	100	302	65	236	301	103	189	292	59	239	298
"ND"	2004	"Grand Forks"	"19_8(06)"	180	288	468	348	123	471	317	154	471	115	347	462	178	270	448	127	332	459
"ND"	2004	"Grand Forks"	"19_9(06)"	66	130	196	141	56	197	122	75	197	42	151	193	69	117	186	43	146	189
"ND"	2004	"Grand Forks"	"19_10(06)"	56	211	267	149	115	264	137	126	263	44	222	266	58	204	262	36	228	264
"ND"	2004	"Grand Forks"	"19_11(06)"	55	128	183	111	73	184	94	87	181	41	140	181	50	119	169	28	150	178
"ND"	2004	"Grand Forks"	"19_12(06)"	98	182	280	178	112	290	156	132	288	60	220	280	89	188	277	63	219	282
"ND"	2004	"Grand Forks"	"19_13(06)"	134	229	363	244	126	370	228	142	370	84	284	368	134	221	355	89	273	362
"ND"	2004	"Grand Forks"	"19_14(06)"	214	339	553	414	145	559	377	181	558	155	398	553	185	325	510	134	405	539
"ND"	2004	"Grand Forks"	"19_15(06)"	131	285	416	304	121	425	277	148	425	78	343	421	106	297	403	77	339	416
"ND"	2004	"Grand Forks"	"19_17"																		
"ND"	2004	"Grand Forks"	"19_18"																		
"ND"	2004	"Grand Forks"	"19_19"																		
"ND"	2004	"Grand Forks"	"19_20"																		
"ND"	2004	"Grand Forks"	"19_21"																		
"ND"	2004	"Grand Forks"	"19_22"																		
"ND"	2004	"Grand Forks"	"19_23"																		
"ND"	2004	"Grand Forks"	"19_24"																		
"ND"	2004	"Grand Forks"	"19_25"																		
"ND"	2004	"Grand Forks"	"19_26"																		
"ND"	2004	"Grand Forks"	"19_27"																		
"ND"	2004	"Grand Forks"	"19_28"																		
"ND"	2004	"Grand Forks"	"19_29"																		
"ND"	2004	"Grand Forks"	"19_30"																		
"ND"	2004	"Grand Forks"	"42_18(06)"	365	506	871	614	261	875	577	298	875	262	588	850	348	458	806	234	603	837
"ND"	2004	"Grand Forks"	"42_19(06)"	557	628	1185	823	333	1156	776	392	1168	346	782	1128	464	598	1062	337	749	1086
"ND"	2004	"Grand Forks"	"42_20(06)"	351	522	873	526	306	832	511	315	826	207	582	789	314	396	710	231	515	746
"ND"	2004	"Grand Forks"	"42_21(06)"	464	540	1004	663	311	974	631	336	967	269	670	939	376	498	874	293	586	879
"ND"	2004	"Grand Forks"	"42_22(06)"	611	599	1210	934	284	1218	887	330	1217	380	805	1185	521	592	1113	335	829	1164
"ND"	2004	"Grand Forks"	"42_24(06)"	295	333	628	496	144	640	477	166	643	209	419	628	277	323	600	180	438	618
"ND"	2004	"Grand Forks"	"42_31"																		
"ND"	2004	"Grand Forks"	"42_32"																		
"ND"	2004	"Grand Forks"	"42_33"																		
"ND"	2004	"Grand Forks"	"42_34"																		
"ND"	2004	"Grand Forks"	"42_35"																		
"ND"	2004	"Grand Forks"	"42_36"																		
"ND"	2004	"Grand Forks"	"43_35(06)"	490	742	1232	866	352	1218	765	461	1226	269	919	1188	435	696	1131	292	875	1167
"ND"	2004	"Grand Forks"	"43_36(06)"	260	335	595	455	138	593	404	192	596	156	435	591	225	320	545	154	414	568
"ND"	2004	"Grand Forks"	"43_37"	373	399	772	585	187	772	557	217	774	227	533	760	315	394	709	211	513	724
"ND"	2004	"Grand Forks"	"43_38"	386	416	802	640	164	804	600	206	806	216	556	772	335	397	732	231	538	769
"ND"	2004	"Grand Forks"	"43_39"																		
"ND"	2004	"Grand Forks"	"43_40"	413	673	1086	769	310	1079	694	375	1069	218	843	1061	332	613	945	230	789	1019
"ND"	2004	"Grand Forks"	"43_41"	498	640	1138	842	307	1149	792	353	1145	309	820	1129	404	645	1049	266	839	1105
"ND"	2004	"Grand Forks"	"43_42"																		
"ND"	2004	"Grand Forks"	"43_43"	451	474	925	727	200	927	685	245	930	245	664	909	385	480	865	243	646	889
"ND"	2004	"Grant"	"31_1"	6	37	43	23	23	46	17	29	46	10	33	43	8	36	44	7	36	43
"ND"	2004	"Grant"	"31_2"	20	62	82	44	38	82	34	49	83	18	61	79	20	62	82	17	66	83
"ND"	2004	"Grant"	"31_3"	64	223	287	182	112	294	150	147	297	52	240	292	52	235	287	55	239	294
"ND"	2004	"Grant"	"31_4"	39	142	181	93	93	186	78	111	189	34	149	183	31	155	186	38	146	184
"ND"	2004	"Grant"	"31_5(04)"	87	327	414	254	167	421	211	213	424	85	331	416	103	307	410	92	325	417
"ND"	2004	"Grant"	"31_6(04)"	22	87	109	77	35	112	59	53	112	31	79	110	32	76	108	28	83	111
"ND"	2004	"Grant"	"31_7(04)"	26	74	100	64	42	106	50	53	103	27	72	99	25	71	96	29	69	98
"ND"	2004	"Griggs"	"23_1"	98	111	209	153	58	211	141	68	209	73	134	207	90	114	204	67	136	203
"ND"	2004	"Griggs"	"23_2"	107	195	302	217	86	303	181	123	304	63	234	297	95	196	291	75	220	295
"ND"	2004	"Griggs"	"23_3"	106	208	314	233	88	321	187	135	322	80	236	316	106	198	304	88	227	315
"ND"	2004	"Griggs"	"23_4"	39	162	201	122	87	209	94	116	210	32	173	205	41	159	200	29	176	205
"ND"	2004	"Griggs"	"23_5"	14	53	67	42	21	63	36	30	66	14	50	64	13	46	59	12	53	65
"ND"	2004	"Griggs"	"23_6"	97	110	207	157	52	209	145	63	208	78	124	202	93	110	203	82	124	206
"ND"	2004	"Griggs"	"23_7"	44	68	112	70	46	116	59	56	115	44	71	115	52	59	111	41	73	114
"ND"	2004	"Hettinger"	"31_1"	195	532	727	440	307	747	376	370	746	192	541	733	187	525	712	159	564	723
"ND"	2004	"Hettinger"	"31_2"																		
"ND"	2004	"Hettinger"	"31_3(06)"	71	179	250	169	83	252	139	114	253	65	186	251	77	174	251	76	177	253
"ND"	2004	"Hettinger"	"36_2(06)"	139	333	472	331	160	491	288	208	496	161	331	492	193	298	491	131	360	491
"ND"	2004	"Hettinger"	"36_3"																		
"ND"	2004	"Kidder"	"14_1"	84	67	151	120	40	160	106	54	160	63	90	153	65	85	150	52	102	154
"ND"	2004	"Kidder"	"14_2"	61	53	114	82	31	113	78	38	116	63	49	112	55	56	111	52	61	113
"ND"	2004	"Kidder"	"14_3"	44	59	103	79	27	106	70	37	107	53	49	102	50	53	103	47	58	105
"ND"	2004	"Kidder"	"14_4"	55	114	169	108	67	175	91	84	175	48	114	162	46	109	155	45	123	168
"ND"	2004	"Kidder"	"14_5"	28	86	114	68	51	119	55	63	118	31	82	113	34	86	120	30	88	118
"ND"	2004	"Kidder"	"14_6"	50	198	248	136	114	250	105	146	251	80	157	237	70	174	244	65	178	243
"ND"	2004	"Kidder"	"14_7(04)"	40	129	169	101	68	169	82	88	170	36	127	163	33	129	162	36	126	162
"ND"	2004	"Kidder"	"14_8(04)"	22	78	100	58	49	107	46	61	107	23	76	99	16	80	96	19	82	101
"ND"	2004	"Kidder"	"14_9(04)"	49	118	167	109	56	165	87	80	167	43	119	162	50	116	166	48	111	159
"ND"	2004	"LaMoure"	"26_1"	139	324	463	283	176	459	239	230	469	97	366	463	132	317	449	91	363	454
"ND"	2004	"LaMoure"	"26_2"	55	100	155	117	39	156	105	52	157	48	103	151	49	98	147	44	107	151
"ND"	2004	"LaMoure"	"28_3"																		
"ND"	2004	"LaMoure"	"28_4"																		
"ND"	2004	"LaMoure"	"28_5"	135	315	450	326	134	460	260	199	459	141	317	458	127	319	446	98	351	449
"ND"	2004	"LaMoure"	"28_6(06)"	77	245	322	191	129	320	159	164	323	70	249	319	70	246	316	64	253	317
"ND"	2004	"LaMoure"	"28_7(06)"	40	175	215	117	95	212	94	120	214	39	170	209	38	166	204	38	169	207
"ND"	2004	"LaMoure"	"29_3(06)"	69	151	220	143	77	220	123	103	226	51	171	222	69	150	219	65	159	224
"ND"	2004	"LaMoure"	"29_4(06)"	20	34	54	38	16	54	35	19	54	13	41	54	17	34	51	12	42	54
"ND"	2004	"LaMoure"	"29_6"																		
"ND"	2004	"LaMoure"	"29_7"																		
"ND"	2004	"LaMoure"	"29_8"	70	96	166	107	68	175	94	81	175	66	106	172	64	101	165	59	111	170
"ND"	2004	"LaMoure"	"29_9"	107	152	259	185	82	267	153	116	269	82	184	266	101	156	257	78	185	263
"ND"	2004	"Logan"	"28_1"	57	206	263	160	113	273	126	145	271	65	206	271	55	206	261	53	213	266
"ND"	2004	"Logan"	"28_2"	89	292	381	236	155	391	192	199	391	67	317	384	72	292	364	77	289	366
"ND"	2004	"Logan"	"28_3"	86	223	309	221	90	311	176	138	314	86	222	308	89	216	305	82	224	306
"ND"	2004	"Logan"	"28_4"	19	51	70	46	24	70	38	33	71	16	53	69	17	49	66	15	51	66
"ND"	2004	"Logan"	"28_5"	14	72	86	52	35	87	48	42	90	24	58	82	22	62	84	21	63	84
"ND"	2004	"McHenry"	"7_16"	30	159	189	125	67	192	103	88	191	27	164	191	42	144	186	37	152	189
"ND"	2004	"McHenry"	"7_18"	188	357	545	389	164	553	346	208	554	156	390	546	186	359	545	180	371	551
"ND"	2004	"McHenry"	"7_27"	76	117	193	143	52	195	114	81	195	54	136	190	72	110	182	58	137	195
"ND"	2004	"McHenry"	"7_41"	97	209	306	205	101	306	164	143	307	80	217	297	82	215	297	84	215	299
"ND"	2004	"McHenry"	"7_47"	354	522	876	645	234	879	550	335	885	244	629	873	318	553	871	295	582	877
"ND"	2004	"McHenry"	"7_55"	146	139	285	242	55	297	208	90	298	120	166	286	125	161	286	118	174	292
"ND"	2004	"McHenry"	"7_58"	59	141	200	148	57	205	131	74	205	48	152	200	54	143	197	51	144	195
"ND"	2004	"McHenry"	"7_62"	80	100	180	143	45	188	122	65	187	81	105	186	67	116	183	70	115	185
"ND"	2004	"McIntosh"	"28_1"	131	382	513	352	175	527	265	259	524	90	423	513	107	399	506	90	416	506
"ND"	2004	"McIntosh"	"28_2"	75	148	223	155	72	227	126	100	226	57	162	219	60	154	214	56	163	219
"ND"	2004	"McIntosh"	"28_3"	33	56	89	59	30	89	54	37	91	31	56	87	34	52	86	25	62	87
"ND"	2004	"McIntosh"	"28_4"	125	412	537	326	228	554	247	308	555	109	438	547	116	420	536	94	452	546
"ND"	2004	"McIntosh"	"28_5"	40	125	165	101	64	165	77	88	165	34	130	164	29	133	162	28	136	164
"ND"	2004	"McIntosh"	"28_6"	32	131	163	74	96	170	57	114	171	30	135	165	28	132	160	28	136	164
"ND"	2004	"McIntosh"	"28_7(06)"																		
"ND"	2004	"McIntosh"	"28_8(06)"																		
"ND"	2004	"McKenzie"	"4_1"	173	26	199	192	7	199	183	14	197	118	70	188	156	35	191	141	51	192
"ND"	2004	"McKenzie"	"4_2"	182	31	213	203	10	213	200	13	213	128	80	208	170	39	209	145	60	205
"ND"	2004	"McKenzie"	"39_1(04)"	4	38	42	23	17	40	20	21	41	2	37	39	8	31	39	3	36	39
"ND"	2004	"McKenzie"	"39_2(06)"	39	150	189	129	63	192	116	76	192	23	162	185	48	129	177	38	147	185
"ND"	2004	"McKenzie"	"39_3"	18	53	71	38	33	71	32	38	70	15	56	71	17	49	66	15	54	69
"ND"	2004	"McKenzie"	"39_4"	48	192	240	143	94	237	134	100	234	35	201	236	70	154	224	54	178	232
"ND"	2004	"McKenzie"	"39_5"	30	115	145	88	60	148	71	75	146	24	120	144	36	104	140	25	119	144
"ND"	2004	"McKenzie"	"39_6"	4	34	38	16	22	38	14	23	37	2	32	34	2	32	34	2	33	35
"ND"	2004	"McKenzie"	"39_7"	0	31	31	18	13	31	13	17	30	0	30	30	3	28	31	3	28	31
"ND"	2004	"McKenzie"	"39_8"	12	110	122	63	56	119	54	66	120	13	108	121	16	101	117	16	105	121
"ND"	2004	"McKenzie"	"39_9"	40	180	220	114	105	219	103	117	220	39	178	217	50	163	213	32	184	216
"ND"	2004	"McKenzie"	"39_10"	38	212	250	127	121	248	101	147	248	37	211	248	44	192	236	34	211	245
"ND"	2004	"McKenzie"	"39_11(04)"	24	54	78	59	19	78	58	20	78	21	55	76	31	45	76	21	57	78
"ND"	2004	"McKenzie"	"39_12"	77	169	246	149	94	243	125	118	243	45	201	246	73	156	229	51	184	235
"ND"	2004	"McKenzie"	"39_13"	56	156	212	139	73	212	122	89	211	47	164	211	64	140	204	59	153	212
"ND"	2004	"McKenzie"	"39_14"	42	161	203	119	84	203	97	107	204	26	175	201	41	152	193	28	173	201
"ND"	2004	"McKenzie"	"39_15"	60	185	245	153	92	245	135	110	245	39	202	241	76	161	237	36	208	244
"ND"	2004	"McLean"	"4_8"																		
"ND"	2004	"McLean"	"4_9"																		
"ND"	2004	"McLean"	"4_10"																		
"ND"	2004	"McLean"	"4_11"																		
"ND"	2004	"McLean"	"4_12(04)"	87	211	298	191	110	301	165	133	298	73	222	295	85	200	285	81	214	295
"ND"	2004	"McLean"	"4_13(04)"	101	240	341	234	114	348	185	163	348	85	259	344	105	234	339	93	250	343
"ND"	2004	"McLean"	"4_14(04)"	235	379	614	440	184	624	384	243	627	164	460	624	229	380	609	194	423	617
"ND"	2004	"McLean"	"4_15(04)"	88	94	182	151	32	183	126	58	184	75	106	181	80	96	176	74	105	179
"ND"	2004	"McLean"	"4_16(04)"	175	48	223	214	7	221	207	12	219	147	67	214	171	37	208	158	55	213
"ND"	2004	"McLean"	"8_1"	96	230	326	195	137	332	164	172	336	88	237	325	100	222	322	86	241	327
"ND"	2004	"McLean"	"8_2"	75	184	259	161	103	264	126	136	262	78	181	259	93	168	261	72	192	264
"ND"	2004	"McLean"	"8_3"	204	511	715	453	271	724	365	368	733	186	529	715	204	514	718	180	539	719
"ND"	2004	"McLean"	"8_4"	18	121	139	72	63	135	56	81	137	10	127	137	24	109	133	14	119	133
"ND"	2004	"McLean"	"8_5"	82	146	228	147	81	228	124	106	230	87	142	229	90	136	226	81	146	227
"ND"	2004	"McLean"	"8_6"	91	197	288	183	109	292	162	131	293	87	201	288	100	183	283	90	201	291
"ND"	2004	"McLean"	"8_7"	153	315	468	325	149	474	260	215	475	129	336	465	141	320	461	144	320	464
"ND"	2004	"McLean"	"8_8(04)"	78	120	198	122	77	199	106	93	199	68	131	199	65	125	190	56	138	194
"ND"	2004	"McLean"	"8_9(04)"	79	81	160	111	52	163	101	61	162	67	92	159	74	88	162	71	91	162
"ND"	2004	"McLean"	"8_10(04)"	38	54	92	70	30	100	62	37	99	30	65	95	44	52	96	37	57	94
"ND"	2004	"McLean"	"8_11(04)"	51	64	115	87	31	118	71	47	118	49	66	115	44	68	112	48	65	113
"ND"	2004	"Mercer"	"4_1"	3	3	6	6	0	6	3	3	6	2	4	6	4	2	6	3	3	6
"ND"	2004	"Mercer"	"33_1"	201	153	354	277	89	366	255	110	365	176	182	358	196	160	356	184	174	358
"ND"	2004	"Mercer"	"33_3"	87	231	318	195	131	326	162	162	324	99	221	320	95	221	316	79	235	314
"ND"	2004	"Mercer"	"33_5(04)"	8	27	35	22	11	33	15	20	35	4	31	35	2	32	34	8	26	34
"ND"	2004	"Mercer"	"33_13"	58	234	292	153	151	304	137	168	305	67	239	306	53	248	301	62	239	301
"ND"	2004	"Mercer"	"33_14"	38	164	202	116	92	208	98	111	209	47	160	207	58	147	205	51	153	204
"ND"	2004	"Mercer"	"33_16"	100	98	198	149	52	201	119	81	200	94	105	199	93	103	196	85	113	198
"ND"	2004	"Mercer"	"33_20"	37	161	198	122	80	202	101	100	201	42	159	201	47	150	197	34	164	198
"ND"	2004	"Mercer"	"33_21"	82	376	458	242	214	456	201	256	457	73	379	452	77	372	449	81	367	448
"ND"	2004	"Mercer"	"33_22"	54	313	367	182	186	368	153	214	367	58	311	369	69	290	359	61	297	358
"ND"	2004	"Mercer"	"33_23"	103	390	493	273	229	502	225	273	498	94	403	497	97	397	494	98	391	489
"ND"	2004	"Mercer"	"33_24"	51	238	289	144	148	292	115	179	294	54	236	290	52	236	288	53	235	288
"ND"	2004	"Mercer"	"33_81"	130	269	399	264	143	407	213	193	406	120	282	402	125	268	393	110	293	403
"ND"	2004	"Mercer"	"33_82"	158	359	517	334	197	531	283	249	532	144	376	520	169	357	526	147	378	525
"ND"	2004	"Mercer"	"33_83"	135	269	404	279	131	410	251	158	409	134	270	404	140	262	402	120	281	401
"ND"	2004	"Morton"	"31_17"	354	796	1150	689	468	1157	594	562	1156	333	803	1136	354	768	1122	299	832	1131
"ND"	2004	"Morton"	"31_18"	213	396	609	386	235	621	324	298	622	192	416	608	215	388	603	166	441	607
"ND"	2004	"Morton"	"31_20"	74	170	244	151	95	246	133	112	245	70	174	244	79	151	230	63	168	231
"ND"	2004	"Morton"	"31_23"	72	156	228	152	86	238	129	107	236	79	157	236	83	144	227	71	161	232
"ND"	2004	"Morton"	"31_24"	100	300	400	233	169	402	191	213	404	98	297	395	100	289	389	89	306	395
"ND"	2004	"Morton"	"33_32"	297	648	945	583	378	961	484	470	954	260	684	944	282	638	920	237	695	932
"ND"	2004	"Morton"	"33_33"	202	585	787	465	327	792	383	409	792	207	579	786	191	566	757	176	598	774
"ND"	2004	"Morton"	"33_34"	32	96	128	81	49	130	60	71	131	30	99	129	28	98	126	29	100	129
"ND"	2004	"Morton"	"34_1"	394	854	1248	793	466	1259	664	590	1254	341	904	1245	390	823	1213	322	905	1227
"ND"	2004	"Morton"	"34_2"	211	446	657	411	244	655	351	310	661	161	496	657	183	449	632	147	492	639
"ND"	2004	"Morton"	"34_3"	412	583	995	685	334	1019	626	385	1011	359	646	1005	384	587	971	319	667	986
"ND"	2004	"Morton"	"34_4"	299	623	922	615	317	932	516	415	931	258	661	919	275	618	893	229	677	906
"ND"	2004	"Morton"	"34_5"	282	387	669	490	196	686	437	250	687	247	416	663	259	402	661	218	446	664
"ND"	2004	"Morton"	"34_6"	397	705	1102	723	395	1118	623	500	1123	373	738	1111	394	691	1085	315	784	1099
"ND"	2004	"Morton"	"34_7"	271	414	685	484	209	693	437	263	700	237	452	689	266	409	675	213	465	678
"ND"	2004	"Morton"	"34_8"	273	379	652	466	203	669	399	272	671	247	396	643	263	387	650	240	413	653
"ND"	2004	"Morton"	"36_36"	95	446	541	258	288	546	226	318	544	87	451	538	108	420	528	100	438	538
"ND"	2004	"Morton"	"36_38"	95	341	436	230	217	447	199	252	451	84	366	450	86	352	438	88	354	442
"ND"	2004	"Mountrail"	"2_1"	211	444	655	470	189	659	409	250	659	168	484	652	226	417	643	166	486	652
"ND"	2004	"Mountrail"	"2_6"	22	68	90	63	33	96	50	47	97	20	72	92	29	64	93	28	66	94
"ND"	2004	"Mountrail"	"2_7"	76	185	261	188	76	264	148	119	267	56	209	265	73	183	256	63	199	262
"ND"	2004	"Mountrail"	"4_2"	456	156	612	567	50	617	527	87	614	326	280	606	446	172	618	387	230	617
"ND"	2004	"Mountrail"	"4_3"	292	196	488	411	77	488	385	107	492	189	292	481	275	205	480	251	241	492
"ND"	2004	"Mountrail"	"4_4"	64	94	158	118	43	161	104	56	160	62	96	158	70	85	155	65	94	159
"ND"	2004	"Mountrail"	"4_5"	76	130	206	140	68	208	120	88	208	64	137	201	59	136	195	65	133	198
"ND"	2004	"Mountrail"	"4_8"	165	146	311	257	63	320	236	85	321	124	190	314	161	149	310	142	173	315
"ND"	2004	"Mountrail"	"4_9"	101	101	202	169	41	210	155	54	209	74	131	205	102	91	193	91	111	202
"ND"	2004	"Nelson"	"23_1"	210	302	512	402	128	530	362	164	526	164	355	519	211	292	503	166	347	513
"ND"	2004	"Nelson"	"23_2"	124	144	268	220	57	277	209	69	278	80	195	275	135	134	269	102	169	271
"ND"	2004	"Nelson"	"23_3"	70	146	216	167	54	221	157	65	222	54	165	219	81	125	206	56	154	210
"ND"	2004	"Nelson"	"23_4"	63	143	206	130	82	212	116	93	209	46	161	207	53	143	196	40	165	205
"ND"	2004	"Nelson"	"23_5"	157	190	347	259	91	350	241	110	351	108	231	339	140	196	336	107	233	340
"ND"	2004	"Nelson"	"23_6(06)"	53	70	123	102	23	125	94	30	124	47	77	124	48	73	121	46	75	121
"ND"	2004	"Nelson"	"23_7(04)"	101	112	213	163	53	216	147	67	214	83	124	207	90	110	200	75	129	204
"ND"	2004	"Oliver"	"33_1"	53	172	225	135	92	227	113	117	230	50	174	224	65	158	223	50	176	226
"ND"	2004	"Oliver"	"33_2"	57	97	154	96	60	156	93	62	155	40	114	154	48	107	155	43	112	155
"ND"	2004	"Oliver"	"33_3"	43	61	104	73	34	107	60	48	108	33	73	106	35	72	107	33	74	107
"ND"	2004	"Oliver"	"33_4"	20	41	61	36	25	61	33	28	61	14	45	59	18	41	59	15	46	61
"ND"	2004	"Oliver"	"33_5"	24	130	154	83	70	153	73	82	155	31	125	156	31	122	153	32	120	152
"ND"	2004	"Oliver"	"33_6"	44	141	185	103	90	193	92	100	192	44	143	187	38	153	191	38	151	189
"ND"	2004	"Oliver"	"33_7"	69	148	217	147	78	225	128	94	222	68	150	218	64	156	220	56	165	221
"ND"	2004	"Pembina"	"10_1"	11	55	66	33	32	65	30	32	62	7	56	63	12	44	56	11	47	58
"ND"	2004	"Pembina"	"10_2"	84	134	218	143	78	221	135	85	220	53	165	218	85	120	205	59	157	216
"ND"	2004	"Pembina"	"10_3"	43	92	135	95	40	135	81	52	133	30	103	133	41	81	122	22	106	128
"ND"	2004	"Pembina"	"10_4"	111	244	355	246	122	368	225	143	368	65	295	360	82	257	339	76	273	349
"ND"	2004	"Pembina"	"10_5"	39	81	120	63	58	121	61	62	123	21	101	122	31	87	118	22	98	120
"ND"	2004	"Pembina"	"10_6(04)"	37	92	129	80	54	134	72	62	134	24	109	133	35	93	128	22	106	128
"ND"	2004	"Pembina"	"10_7(06)"	62	103	165	111	54	165	102	63	165	41	121	162	51	96	147	49	110	159
"ND"	2004	"Pembina"	"10_8(06)"	39	72	111	82	31	113	74	39	113	19	91	110	32	78	110	29	83	112
"ND"	2004	"Pembina"	"10_9(06)"	139	213	352	253	104	357	233	126	359	86	267	353	143	199	342	101	246	347
"ND"	2004	"Pembina"	"10_10(06)"	92	225	317	216	107	323	193	131	324	79	241	320	85	230	315	68	250	318
"ND"	2004	"Pembina"	"10_11(06)"	212	516	728	487	256	743	433	310	743	116	617	733	202	507	709	164	558	722
"ND"	2004	"Pembina"	"10_12(06)"	81	131	212	136	79	215	123	90	213	40	176	216	63	127	190	59	141	200
"ND"	2004	"Pembina"	"10_14(04)"	151	279	430	315	121	436	293	142	435	94	326	420	140	267	407	123	292	415
"ND"	2004	"Pembina"	"16_1"																		
"ND"	2004	"Pembina"	"16_6(06)"																		
"ND"	2004	"Pembina"	"16_13(04)"	220	229	449	365	104	469	328	138	466	157	292	449	222	221	443	165	285	450
"ND"	2004	"Pierce"	"7_1"	36	101	137	88	44	132	70	66	136	24	111	135	24	106	130	22	108	130
"ND"	2004	"Pierce"	"7_2"	24	40	64	50	16	66	45	21	66	18	48	66	22	43	65	22	44	66
"ND"	2004	"Pierce"	"7_3"	62	77	139	113	30	143	92	50	142	60	80	140	61	78	139	48	94	142
"ND"	2004	"Pierce"	"7_4"	43	136	179	112	72	184	98	84	182	44	134	178	39	131	170	40	135	175
"ND"	2004	"Pierce"	"7_5"	115	206	321	232	99	331	197	134	331	93	230	323	109	217	326	108	216	324
"ND"	2004	"Pierce"	"7_6"	18	35	53	36	20	56	32	24	56	14	40	54	12	40	52	12	41	53
"ND"	2004	"Pierce"	"7_7"	133	303	436	312	126	438	256	184	440	92	343	435	124	301	425	121	304	425
"ND"	2004	"Pierce"	"7_8"	96	220	316	221	103	324	197	123	320	65	251	316	92	214	306	82	229	311
"ND"	2004	"Pierce"	"7_9(04)"	159	357	516	315	209	524	269	252	521	119	389	508	133	378	511	136	384	520
"ND"	2004	"Ramsey"	"15_1"	62	51	113	89	27	116	83	33	116	45	72	117	57	53	110	47	69	116
"ND"	2004	"Ramsey"	"15_2"	105	135	240	187	54	241	168	75	243	57	180	237	85	135	220	68	166	234
"ND"	2004	"Ramsey"	"15_3"	63	114	177	141	43	184	127	58	185	47	132	179	59	112	171	51	128	179
"ND"	2004	"Ramsey"	"15_4"	82	154	236	161	85	246	151	93	244	59	185	244	80	159	239	60	180	240
"ND"	2004	"Ramsey"	"15_5"	55	137	192	138	58	196	118	79	197	42	146	188	47	145	192	43	147	190
"ND"	2004	"Ramsey"	"15_6"	117	208	325	220	107	327	197	129	326	78	242	320	100	209	309	81	235	316
"ND"	2004	"Ramsey"	"15_7"	307	648	955	664	308	972	603	369	972	177	772	949	273	653	926	213	735	948
"ND"	2004	"Ramsey"	"15_8"	1094	1496	2590	1967	680	2647	1822	828	2650	718	1870	2588	933	1607	2540	775	1813	2588
"ND"	2004	"Ransom"	"24_1"	95	126	221	177	49	226	154	72	226	76	145	221	89	123	212	63	155	218
"ND"	2004	"Ransom"	"24_2"	298	227	525	453	84	537	403	131	534	229	297	526	287	233	520	248	280	528
"ND"	2004	"Ransom"	"24_3"																		
"ND"	2004	"Ransom"	"24_4"	114	145	259	212	55	267	193	74	267	90	168	258	104	149	253	77	183	260
"ND"	2004	"Ransom"	"24_6(06)"	462	536	998	796	231	1027	718	314	1032	318	690	1008	444	532	976	320	672	992
"ND"	2004	"Ransom"	"26_3(06)"	85	141	226	160	65	225	136	88	224	65	160	225	83	131	214	63	153	216
"ND"	2004	"Ransom"	"26_5"	145	177	322	262	62	324	236	91	327	126	196	322	135	170	305	99	214	313
"ND"	2004	"Ransom"	"26_6"																		
"ND"	2004	"Renville"	"6_1"	98	188	286	207	83	290	180	107	287	70	214	284	89	184	273	73	205	278
"ND"	2004	"Renville"	"6_2"	54	92	146	106	41	147	98	50	148	41	106	147	58	85	143	48	98	146
"ND"	2004	"Renville"	"6_3"	220	414	634	477	165	642	402	237	639	146	478	624	196	420	616	149	477	626
"ND"	2004	"Renville"	"6_4"	47	41	88	78	11	89	65	25	90	36	52	88	40	48	88	40	49	89
"ND"	2004	"Renville"	"6_5"	78	218	296	210	90	300	179	122	301	69	228	297	74	206	280	71	215	286
"ND"	2004	"Richland"	"25_37"	77	212	289	180	113	293	157	139	296	80	212	292	81	201	282	57	234	291
"ND"	2004	"Richland"	"25_38"	68	129	197	132	62	194	109	86	195	70	123	193	64	127	191	57	138	195
"ND"	2004	"Richland"	"25_39"	83	235	318	210	111	321	178	142	320	92	224	316	67	239	306	56	258	314
"ND"	2004	"Richland"	"25_41"	87	148	235	186	54	240	165	75	240	81	152	233	84	139	223	67	165	232
"ND"	2004	"Richland"	"25_46"	126	205	331	243	88	331	205	128	333	100	227	327	118	191	309	94	225	319
"ND"	2004	"Richland"	"25_48"	208	422	630	439	201	640	376	266	642	198	434	632	205	400	605	185	435	620
"ND"	2004	"Richland"	"25_49"	64	131	195	128	72	200	108	92	200	56	139	195	61	132	193	47	150	197
"ND"	2004	"Richland"	"25_51"	368	617	985	759	243	1002	675	326	1001	262	726	988	349	607	956	246	727	973
"ND"	2004	"Richland"	"25_52"	438	756	1194	878	329	1207	765	439	1204	319	875	1194	387	736	1123	277	893	1170
"ND"	2004	"Richland"	"25_53"	241	586	827	561	261	822	482	336	818	162	638	800	203	540	743	146	623	769
"ND"	2004	"Richland"	"25_54"	350	695	1045	725	307	1032	634	399	1033	243	774	1017	318	663	981	242	760	1002
"ND"	2004	"Richland"	"26_37"	35	118	153	93	57	150	78	74	152	36	114	150	34	109	143	28	116	144
"ND"	2004	"Richland"	"26_38"	38	90	128	84	45	129	68	62	130	30	99	129	31	87	118	25	100	125
"ND"	2004	"Richland"	"26_42"	49	105	154	116	48	164	102	62	164	53	108	161	54	94	148	44	113	157
"ND"	2004	"Richland"	"26_43"	58	102	160	115	44	159	96	63	159	65	86	151	50	94	144	46	105	151
"ND"	2004	"Richland"	"26_45"	260	327	587	441	154	595	393	205	598	214	372	586	220	344	564	189	388	577
"ND"	2004	"Richland"	"26_47"	229	293	522	390	144	534	331	202	533	195	332	527	225	260	485	184	324	508
"ND"	2004	"Richland"	"26_48"	42	93	135	99	36	135	85	47	132	46	85	131	39	86	125	35	95	130
"ND"	2004	"Rolette"	"9_1"	305	385	690	509	197	706	466	242	708	210	476	686	282	377	659	234	439	673
"ND"	2004	"Rolette"	"9_2"	185	159	344	282	73	355	258	95	353	149	188	337	193	148	341	175	168	343
"ND"	2004	"Rolette"	"9_3"	1257	240	1497	1388	132	1520	1378	136	1514	1078	389	1467	1266	226	1492	1232	269	1501
"ND"	2004	"Rolette"	"9_4"	579	234	813	758	81	839	725	110	835	471	343	814	571	216	787	538	262	800
"ND"	2004	"Rolette"	"9_5"	238	374	612	448	185	633	408	225	633	198	416	614	236	350	586	225	374	599
"ND"	2004	"Sargent"	"26_1"	234	308	542	410	141	551	354	194	548	191	351	542	236	291	527	178	358	536
"ND"	2004	"Sargent"	"26_2"	196	266	462	356	115	471	310	158	468	164	298	462	211	236	447	162	295	457
"ND"	2004	"Sargent"	"26_3"	127	153	280	209	72	281	186	96	282	109	170	279	124	145	269	109	161	270
"ND"	2004	"Sargent"	"26_4"	295	294	589	469	122	591	431	160	591	233	350	583	282	275	557	224	341	565
"ND"	2004	"Sargent"	"26_5"	169	126	295	239	64	303	221	84	305	148	152	300	150	131	281	133	161	294
"ND"	2004	"Sheridan"	"7_1"	31	142	173	108	67	175	75	100	175	43	130	173	38	132	170	30	143	173
"ND"	2004	"Sheridan"	"7_2"	37	55	92	68	28	96	57	39	96	32	58	90	32	63	95	28	68	96
"ND"	2004	"Sheridan"	"7_3"	22	91	113	60	55	115	51	62	113	19	95	114	24	87	111	25	89	114
"ND"	2004	"Sheridan"	"7_4"	17	51	68	46	23	69	34	35	69	14	53	67	20	48	68	18	50	68
"ND"	2004	"Sheridan"	"14_5"	65	282	347	153	197	350	122	225	347	63	283	346	79	267	346	65	278	343
"ND"	2004	"Sheridan"	"14_6"	28	106	134	77	59	136	67	70	137	28	105	133	31	104	135	33	97	130
"ND"	2004	"Sioux"	"31_1"	138	47	185	162	23	185	160	27	187	105	76	181	128	59	187	121	64	185
"ND"	2004	"Sioux"	"31_2"	32	30	62	44	17	61	43	18	61	23	34	57	28	34	62	32	29	61
"ND"	2004	"Sioux"	"31_3"	224	54	278	267	20	287	260	27	287	142	127	269	192	89	281	169	107	276
"ND"	2004	"Sioux"	"31_4"	187	28	215	207	12	219	202	17	219	136	73	209	179	36	215	152	60	212
"ND"	2004	"Sioux"	"31_5"	92	13	105	99	8	107	96	11	107	71	34	105	80	26	106	77	28	105
"ND"	2004	"Sioux"	"31_6"	59	62	121	99	25	124	87	37	124	44	74	118	46	73	119	39	84	123
"ND"	2004	"Sioux"	"31_7(04)"	16	58	74	52	24	76	47	29	76	22	53	75	27	45	72	22	52	74
"ND"	2004	"Sioux"	"31_8"	48	11	59	53	6	59	50	9	59	25	33	58	36	21	57	33	26	59
"ND"	2004	"Sioux"	"31_9(04)"	8	16	24	13	11	24	10	14	24	4	21	25	5	20	25	8	17	25
"ND"	2004	"Slope"	"39_1"	17	62	79	51	31	82	41	41	82	18	61	79	19	62	81	16	64	80
"ND"	2004	"Slope"	"39_2"	13	46	59	31	30	61	26	33	59	9	52	61	12	47	59	9	51	60
"ND"	2004	"Slope"	"39_3"	21	70	91	63	31	94	46	45	91	22	72	94	24	68	92	21	70	91
"ND"	2004	"Slope"	"39_4(04)"	8	44	52	26	26	52	15	37	52	7	41	48	11	39	50	11	39	50
"ND"	2004	"Slope"	"39_5(04)"	14	54	68	41	27	68	37	31	68	10	56	66	15	49	64	12	54	66
"ND"	2004	"Slope"	"39_6(04)"	16	59	75	39	39	78	38	40	78	20	51	71	24	51	75	24	50	74
"ND"	2004	"Stark"	"36_7"	254	636	890	590	315	905	499	401	900	174	711	885	280	590	870	196	670	866
"ND"	2004	"Stark"	"36_8"	128	386	514	318	203	521	250	264	514	102	408	510	120	378	498	96	414	510
"ND"	2004	"Stark"	"36_9"	44	175	219	132	88	220	106	113	219	44	170	214	50	155	205	36	176	212
"ND"	2004	"Stark"	"36_10"	72	152	224	145	78	223	124	97	221	60	159	219	86	121	207	68	141	209
"ND"	2004	"Stark"	"36_11"	289	740	1029	676	368	1044	555	482	1037	244	772	1016	287	705	992	230	788	1018
"ND"	2004	"Stark"	"36_12"	180	365	545	355	199	554	313	242	555	156	392	548	174	359	533	141	403	544
"ND"	2004	"Stark"	"36_13"	85	407	492	254	245	499	225	274	499	88	400	488	108	366	474	87	399	486
"ND"	2004	"Stark"	"37_1"	381	892	1273	799	483	1282	690	593	1283	263	1006	1269	358	881	1239	274	975	1249
"ND"	2004	"Stark"	"37_2"	239	598	837	540	299	839	443	400	843	162	678	840	192	618	810	165	657	822
"ND"	2004	"Stark"	"37_3"	410	767	1177	778	408	1186	658	531	1189	315	851	1166	406	737	1143	307	845	1152
"ND"	2004	"Stark"	"37_4"	464	1093	1557	1094	486	1580	893	693	1586	351	1215	1566	472	1056	1528	352	1193	1545
"ND"	2004	"Stark"	"37_5"	338	766	1104	776	337	1113	636	473	1109	249	838	1087	344	708	1052	266	803	1069
"ND"	2004	"Stark"	"37_6"	129	243	372	272	109	381	227	153	380	98	277	375	131	236	367	103	269	372
"ND"	2004	"Steele"	"20_3"	98	156	254	197	64	261	170	91	261	99	159	258	86	169	255	68	188	256
"ND"	2004	"Steele"	"20_4"	186	171	357	310	51	361	259	105	364	183	176	359	170	177	347	136	215	351
"ND"	2004	"Steele"	"20_5"	43	23	66	59	9	68	53	15	68	40	27	67	41	27	68	35	33	68
"ND"	2004	"Steele"	"23_1"	115	74	189	164	27	191	149	43	192	97	92	189	105	79	184	83	106	189
"ND"	2004	"Steele"	"23_2"	174	162	336	280	58	338	240	100	340	132	202	334	135	191	326	106	225	331
"ND"	2004	"Stutsman"	"12_1(04)"	458	863	1321	886	447	1333	785	552	1337	333	963	1296	424	827	1251	347	927	1274
"ND"	2004	"Stutsman"	"12_2(04)"	463	840	1303	914	399	1313	819	492	1311	317	971	1288	407	827	1234	308	952	1260
"ND"	2004	"Stutsman"	"12_3(04)"	414	786	1200	832	386	1218	733	474	1207	364	822	1186	407	747	1154	349	837	1186
"ND"	2004	"Stutsman"	"12_5(04)"	501	728	1229	902	361	1263	824	435	1259	410	809	1219	506	689	1195	400	823	1223
"ND"	2004	"Stutsman"	"12_6(04)"	364	626	990	663	346	1009	605	406	1011	333	655	988	388	585	973	294	697	991
"ND"	2004	"Stutsman"	"12_91"																		
"ND"	2004	"Stutsman"	"12_92"																		
"ND"	2004	"Stutsman"	"12_93"																		
"ND"	2004	"Stutsman"	"12_95"																		
"ND"	2004	"Stutsman"	"12_96"																		
"ND"	2004	"Stutsman"	"29_1"	33	102	135	100	34	134	75	61	136	30	102	132	45	86	131	30	104	134
"ND"	2004	"Stutsman"	"29_2"	54	124	178	131	49	180	119	64	183	51	130	181	54	112	166	43	133	176
"ND"	2004	"Stutsman"	"29_3"	94	117	211	168	50	218	145	69	214	80	127	207	98	103	201	75	131	206
"ND"	2004	"Stutsman"	"29_4"	43	91	134	93	41	134	84	50	134	30	101	131	46	79	125	35	92	127
"ND"	2004	"Stutsman"	"29_5"	79	140	219	162	61	223	147	76	223	64	157	221	74	138	212	66	151	217
"ND"	2004	"Stutsman"	"29_6"	75	184	259	167	100	267	137	132	269	66	195	261	70	187	257	59	201	260
"ND"	2004	"Stutsman"	"29_7(04)"	66	144	210	147	60	207	120	88	208	57	145	202	66	129	195	54	147	201
"ND"	2004	"Stutsman"	"29_8(04)"	131	287	418	294	125	419	249	171	420	100	314	414	100	293	393	78	326	404
"ND"	2004	"Stutsman"	"29_9(04)"	93	217	310	220	99	319	195	125	320	76	239	315	98	202	300	71	233	304
"ND"	2004	"Stutsman"	"29_10(04)"	142	277	419	297	134	431	252	176	428	120	300	420	135	254	389	99	303	402
"ND"	2004	"Stutsman"	"29_11(04)"	36	138	174	105	78	183	85	97	182	31	146	177	28	146	174	26	152	178
"ND"	2004	"Stutsman"	"29_12(04)"	83	173	256	155	94	249	140	114	254	69	178	247	77	157	234	63	175	238
"ND"	2004	"Stutsman"	"29_41(04)"	309	680	989	700	306	1006	606	399	1005	230	756	986	300	669	969	218	769	987
"ND"	2004	"Stutsman"	"29_94"																		
"ND"	2004	"Towner"	"10_2"	121	124	245	215	48	263	198	64	262	84	170	254	109	135	244	86	160	246
"ND"	2004	"Towner"	"10_3"	189	119	308	260	53	313	244	72	316	132	177	309	162	132	294	142	161	303
"ND"	2004	"Towner"	"15_1"	296	511	807	593	233	826	506	320	826	188	621	809	246	536	782	212	592	804
"ND"	2004	"Traill"	"20_1"	82	108	190	152	47	199	134	61	195	72	120	192	81	99	180	70	118	188
"ND"	2004	"Traill"	"20_2"	145	172	317	239	79	318	222	99	321	96	215	311	139	161	300	100	204	304
"ND"	2004	"Traill"	"20_3"	70	142	212	145	71	216	118	99	217	60	152	212	83	127	210	47	165	212
"ND"	2004	"Traill"	"20_4"	47	109	156	113	43	156	96	63	159	51	103	154	55	94	149	38	116	154
"ND"	2004	"Traill"	"20_5"	73	93	166	140	30	170	126	45	171	99	71	170	79	82	161	55	112	167
"ND"	2004	"Traill"	"20_6"	55	48	103	87	15	102	71	32	103	64	39	103	52	45	97	32	68	100
"ND"	2004	"Traill"	"20_7"	162	289	451	349	106	455	300	153	453	164	285	449	165	269	434	120	322	442
"ND"	2004	"Traill"	"20_8"	153	216	369	273	87	360	246	117	363	115	238	353	132	192	324	90	245	335
"ND"	2004	"Traill"	"20_9"	158	258	416	323	100	423	282	141	423	151	266	417	152	248	400	106	302	408
"ND"	2004	"Traill"	"20_10"	168	301	469	339	138	477	297	182	479	125	346	471	166	281	447	111	350	461
"ND"	2004	"Traill"	"20_11"	168	277	445	326	126	452	277	175	452	150	296	446	205	232	437	128	311	439
"ND"	2004	"Traill"	"20_12"	167	281	448	311	136	447	284	164	448	140	306	446	220	220	440	121	318	439
"ND"	2004	"Traill"	"20_13"	203	249	452	357	107	464	327	136	463	182	273	455	197	233	430	139	313	452
"ND"	2004	"Walsh"	"16_1"	111	106	217	187	39	226	164	62	226	65	158	223	97	114	211	75	141	216
"ND"	2004	"Walsh"	"16_2"	98	196	294	184	109	293	172	123	295	62	231	293	84	198	282	62	227	289
"ND"	2004	"Walsh"	"16_3"	88	249	337	218	121	339	186	150	336	42	292	334	73	247	320	57	272	329
"ND"	2004	"Walsh"	"16_4"	118	252	370	244	134	378	220	157	377	81	293	374	113	245	358	73	292	365
"ND"	2004	"Walsh"	"16_5"	109	116	225	180	53	233	175	57	232	61	162	223	93	116	209	72	141	213
"ND"	2004	"Walsh"	"16_6"	78	173	251	151	108	259	142	119	261	52	208	260	71	178	249	49	205	254
"ND"	2004	"Walsh"	"16_7"	94	208	302	203	114	317	184	130	314	64	246	310	93	196	289	70	226	296
"ND"	2004	"Walsh"	"16_8"	100	169	269	185	88	273	165	107	272	70	200	270	101	155	256	78	188	266
"ND"	2004	"Walsh"	"16_9"	128	82	210	182	33	215	172	44	216	75	134	209	115	84	199	101	104	205
"ND"	2004	"Walsh"	"16_10"	133	186	319	252	76	328	232	93	325	89	233	322	137	173	310	107	205	312
"ND"	2004	"Walsh"	"16_11"	82	142	224	157	73	230	144	84	228	55	170	225	74	151	225	55	171	226
"ND"	2004	"Walsh"	"16_12"	148	237	385	285	107	392	255	139	394	80	308	388	115	262	377	90	295	385
"ND"	2004	"Walsh"	"16_13"	136	159	295	228	70	298	210	87	297	83	208	291	117	164	281	93	196	289
"ND"	2004	"Walsh"	"16_14"	152	310	462	321	141	462	295	169	464	75	387	462	125	322	447	95	357	452
"ND"	2004	"Walsh"	"16_15"	75	156	231	165	69	234	154	81	235	44	185	229	75	146	221	55	172	227
"ND"	2004	"Walsh"	"16_16"	66	143	209	146	68	214	143	69	212	50	156	206	63	139	202	58	151	209
"ND"	2004	"Walsh"	"16_17"	81	156	237	164	79	243	149	96	245	62	180	242	79	150	229	65	170	235
"ND"	2004	"Walsh"	"16_18"	108	154	262	215	59	274	203	71	274	79	189	268	102	155	257	76	185	261
"ND"	2004	"Ward"	"3_8"	301	638	939	642	315	957	538	413	951	242	688	930	296	624	920	271	648	919
"ND"	2004	"Ward"	"3_11(04)"	316	473	789	585	222	807	516	288	804	222	562	784	320	457	777	243	534	777
"ND"	2004	"Ward"	"3_12(04)"	452	783	1235	833	394	1227	731	498	1229	338	882	1220	415	766	1181	392	796	1188
"ND"	2004	"Ward"	"3_14"	175	383	558	374	188	562	306	256	562	120	432	552	172	368	540	133	404	537
"ND"	2004	"Ward"	"3_15"	193	519	712	476	253	729	402	325	727	140	570	710	225	473	698	176	529	705
"ND"	2004	"Ward"	"3_16"																		
"ND"	2004	"Ward"	"3_17"																		
"ND"	2004	"Ward"	"3_18"																		
"ND"	2004	"Ward"	"3_19"																		
"ND"	2004	"Ward"	"3_21(04)"	301	504	805	586	225	811	527	279	806	194	594	788	303	475	778	239	545	784
"ND"	2004	"Ward"	"3_22(04)"	334	526	860	601	253	854	529	327	856	231	604	835	312	506	818	271	527	798
"ND"	2004	"Ward"	"4_7"	54	111	165	118	52	170	108	63	171	49	121	170	48	113	161	55	111	166
"ND"	2004	"Ward"	"4_11"	99	117	216	184	42	226	154	71	225	73	143	216	92	121	213	89	133	222
"ND"	2004	"Ward"	"4_12"	105	340	445	255	191	446	212	233	445	94	342	436	107	320	427	110	317	427
"ND"	2004	"Ward"	"4_13"	135	184	319	218	103	321	184	139	323	104	212	316	115	182	297	109	197	306
"ND"	2004	"Ward"	"5_24"																		
"ND"	2004	"Ward"	"5_27"																		
"ND"	2004	"Ward"	"5_28"																		
"ND"	2004	"Ward"	"5_29"																		
"ND"	2004	"Ward"	"5_30"																		
"ND"	2004	"Ward"	"5_31"																		
"ND"	2004	"Ward"	"5_42(04)"	408	910	1318	911	413	1324	767	556	1323	275	1047	1322	369	918	1287	327	972	1299
"ND"	2004	"Ward"	"5_53(04)"	216	369	585	435	155	590	383	207	590	161	427	588	215	356	571	174	403	577
"ND"	2004	"Ward"	"5_61(04)"	449	921	1370	940	437	1377	798	582	1380	308	1068	1376	410	901	1311	361	987	1348
"ND"	2004	"Ward"	"5_62(04)"	567	1222	1789	1229	561	1790	1043	753	1796	399	1385	1784	522	1194	1716	416	1337	1753
"ND"	2004	"Ward"	"5_71(04)"	334	569	903	645	260	905	549	353	902	239	651	890	303	558	861	287	595	882
"ND"	2004	"Ward"	"5_72(04)"	255	468	723	501	220	721	444	279	723	150	561	711	234	450	684	218	480	698
"ND"	2004	"Ward"	"6_2"	165	413	578	416	170	586	346	246	592	153	427	580	175	379	554	162	411	573
"ND"	2004	"Ward"	"6_4"	72	201	273	174	102	276	148	130	278	67	208	275	78	184	262	52	219	271
"ND"	2004	"Ward"	"6_6"	208	542	750	524	241	765	441	324	765	181	571	752	204	533	737	187	561	748
"ND"	2004	"Ward"	"38_1"	85	224	309	196	114	310	164	144	308	67	240	307	96	202	298	87	218	305
"ND"	2004	"Ward"	"38_3"	268	576	844	577	284	861	495	367	862	226	630	856	271	562	833	251	597	848
"ND"	2004	"Ward"	"38_5"	184	524	708	446	258	704	370	338	708	137	570	707	158	509	667	135	550	685
"ND"	2004	"Ward"	"38_9"	112	341	453	192	204	396	174	220	394	90	273	363	98	232	330	89	241	330
"ND"	2004	"Ward"	"38_23"																		
"ND"	2004	"Ward"	"38_26"																		
"ND"	2004	"Ward"	"38_32"																		
"ND"	2004	"Ward"	"38_41(04)"	503	1172	1675	1153	523	1676	925	760	1685	348	1320	1668	483	1128	1611	397	1255	1652
"ND"	2004	"Ward"	"38_52(04)"	413	722	1135	791	344	1135	683	448	1131	293	825	1118	376	702	1078	305	795	1100
"ND"	2004	"Ward"	"38_73(04)"	184	334	518	372	152	524	309	212	521	133	384	517	175	316	491	141	370	511
"ND"	2004	"Ward"	"40_10"	152	629	781	346	376	722	294	428	722	120	574	694	151	516	667	141	535	676
"ND"	2004	"Ward"	"40_20"																		
"ND"	2004	"Ward"	"40_21"																		
"ND"	2004	"Ward"	"40_22"																		
"ND"	2004	"Ward"	"40_23(04)"	206	349	555	393	175	568	352	216	568	140	417	557	192	354	546	179	374	553
"ND"	2004	"Ward"	"40_25"																		
"ND"	2004	"Ward"	"40_31(04)"	387	768	1155	838	303	1141	739	413	1152	270	847	1117	398	657	1055	326	760	1086
"ND"	2004	"Ward"	"40_32(04)"	336	755	1091	746	343	1089	653	437	1090	213	859	1072	290	715	1005	250	781	1031
"ND"	2004	"Ward"	"40_51(04)"	267	421	688	485	200	685	438	249	687	168	500	668	252	408	660	216	456	672
"ND"	2004	"Wells"	"14_1"	86	242	328	190	145	335	158	178	336	78	254	332	108	216	324	88	242	330
"ND"	2004	"Wells"	"14_2"	139	145	284	208	88	296	188	108	296	109	179	288	129	157	286	101	189	290
"ND"	2004	"Wells"	"14_3"	108	232	340	211	131	342	181	163	344	97	245	342	117	219	336	92	238	330
"ND"	2004	"Wells"	"14_4"	107	191	298	219	91	310	176	131	307	96	207	303	118	185	303	93	213	306
"ND"	2004	"Wells"	"14_5"	331	616	947	651	308	959	555	409	964	262	688	950	343	579	922	303	640	943
"ND"	2004	"Wells"	"14_6"	87	228	315	205	124	329	172	155	327	80	246	326	90	233	323	69	255	324
"ND"	2004	"Williams"	"1_59"	536	1168	1704	1113	593	1706	985	723	1708	369	1309	1678	531	1141	1672	391	1291	1682
"ND"	2004	"Williams"	"1_60"	218	484	702	466	248	714	421	288	709	157	541	698	242	450	692	174	530	704
"ND"	2004	"Williams"	"1_73"	302	866	1168	678	509	1187	592	595	1187	196	983	1179	295	840	1135	194	975	1169
"ND"	2004	"Williams"	"1_74"	344	892	1236	789	453	1242	693	551	1244	235	998	1233	351	851	1202	231	989	1220
"ND"	2004	"Williams"	"1_76"	239	691	930	611	322	933	539	391	930	165	743	908	250	642	892	166	744	910
"ND"	2004	"Williams"	"2_43"	108	438	546	369	191	560	328	230	558	102	442	544	146	381	527	108	440	548
"ND"	2004	"Williams"	"2_45"	43	61	104	82	23	105	75	30	105	30	74	104	46	55	101	44	60	104
"ND"	2004	"Williams"	"2_48"	83	303	386	230	157	387	193	197	390	67	315	382	95	282	377	65	312	377
"ND"	2004	"Williams"	"2_53"	16	87	103	53	52	105	42	61	103	15	89	104	27	72	99	23	77	100
"ND"	2004	"Williams"	"2_55"	96	152	248	177	78	255	176	74	250	85	158	243	116	128	244	89	154	243
"ND"	2004	"Williams"	"2_62"	58	148	206	138	69	207	116	90	206	51	153	204	68	123	191	53	148	201
"ND"	2004	"Williams"	"2_63"	150	205	355	286	84	370	255	116	371	121	240	361	166	190	356	133	227	360
"ND"	2004	"Williams"	"2_64"	151	587	738	463	282	745	384	357	741	98	635	733	186	522	708	134	588	722
"ND"	2004	"Williams"	"2_65"	85	94	179	134	43	177	122	54	176	57	122	179	83	90	173	58	118	176
"ND"	2004	"Williams"	"2_67"	83	102	185	144	40	184	135	51	186	48	133	181	79	100	179	48	135	183
