state	year	county	precinct	cd	g2008_USP_dv	g2008_USP_rv	g2008_USP_tv	g2008_GOV_dv	g2008_GOV_rv	g2008_GOV_tv	g2008_USS_dv	g2008_USS_rv	g2008_USS_tv	g2008_USH_dv	g2008_USH_rv	g2008_USH_tv	g2008_BALL_rtv	g2008_BALL_atv	g2008_BALL_tv
"NH"	2008	"Belknap"	"Alton"	1	1322	1862	3209	1896	1167	3127	1285	1802	3164	1252	1803	3115	2837	415	3252
"NH"	2008	"Belknap"	"Barnstead"	1	1189	1201	2416	1647	674	2359	1197	1117	2387	1188	1117	2352	2263	199	2462
"NH"	2008	"Belknap"	"Belmont"	1	1746	1727	3512	2363	980	3395	1749	1599	3437	1648	1625	3353	3303	263	3566
"NH"	2008	"Belknap"	"Center Harbor"	1	377	353	738	458	252	720	317	388	724	337	365	719	638	105	743
"NH"	2008	"Belknap"	"Gilford"	1	2246	2292	4565	2977	1408	4443	2054	2371	4496	2073	2299	4436	3966	654	4620
"NH"	2008	"Belknap"	"Gilmanton"	1	1085	1044	2147	1419	646	2087	1064	997	2112	1041	1005	2085	1987	190	2177
"NH"	2008	"Belknap"	"Laconia Ward 1"	1	761	802	1570	1015	514	1548	704	844	1572	717	791	1528	1378	240	1618
"NH"	2008	"Belknap"	"Laconia Ward 2"	1	700	571	1271	858	350	1208	668	542	1241	684	495	1217	1127	170	1297
"NH"	2008	"Belknap"	"Laconia Ward 3"	1	668	535	1212	856	313	1183	607	558	1190	615	528	1163	1080	151	1231
"NH"	2008	"Belknap"	"Laconia Ward 4"	1	692	521	1223	880	300	1196	652	514	1201	655	499	1184	1154	110	1264
"NH"	2008	"Belknap"	"Laconia Ward 5"	1	646	466	1119	825	247	1098	642	440	1107	612	451	1083	1050	88	1138
"NH"	2008	"Belknap"	"Laconia Ward 6"	1	751	855	1613	1054	498	1568	718	840	1588	733	803	1557	1467	166	1633
"NH"	2008	"Belknap"	"Meredith"	1	1964	1857	3853	2571	1113	3768	1725	1921	3779	1797	1857	3754	3386	526	3912
"NH"	2008	"Belknap"	"New Hampton"	1	683	585	1279	822	405	1253	591	629	1271	590	607	1230	1175	131	1306
"NH"	2008	"Belknap"	"Sanbornton"	2	968	857	1842	1257	505	1806	935	826	1823	954	767	1753	1682	182	1864
"NH"	2008	"Belknap"	"Tilton"	2	998	874	1896	1314	486	1839	1023	778	1864	970	794	1792	1683	250	1933
"NH"	2008	"Carroll"	"Albany"	1	270	166	440	289	123	423	233	185	431	244	163	422	404	45	449
"NH"	2008	"Carroll"	"Bartlett"	1	1100	740	1864	1220	542	1793	941	828	1806	1002	754	1756	1614	265	1879
"NH"	2008	"Carroll"	"Brookfield"	1	219	237	460	245	199	453	189	256	456	192	258	456	469	41	510
"NH"	2008	"Carroll"	"Chatham"	1	95	115	216	99	96	205	90	116	214	88	114	207	194	25	219
"NH"	2008	"Carroll"	"Conway"	1	3210	1964	5235	3474	1449	5049	2806	2102	5098	2959	1895	5025	4361	948	5309
"NH"	2008	"Carroll"	"Eaton"	1	178	103	285	186	81	269	149	120	271	171	109	280	243	45	288
"NH"	2008	"Carroll"	"Effingham"	1	421	396	830	483	278	809	404	369	820	409	376	818	764	84	848
"NH"	2008	"Carroll"	"Freedom"	1	453	453	916	567	318	897	417	470	906	434	449	897	792	140	932
"NH"	2008	"Carroll"	"Hale's Location"	1	34	92	127	51	70	122	25	98	125	36	87	124	88	40	128
"NH"	2008	"Carroll"	"Hart's Location"	1	17	10	27	16	12	28	14	15	29	13	16	29	18	11	29
"NH"	2008	"Carroll"	"Jackson"	1	454	242	699	466	191	675	381	293	691	410	250	673	589	117	706
"NH"	2008	"Carroll"	"Madison"	1	826	581	1424	950	425	1399	783	576	1398	815	544	1393	1255	189	1444
"NH"	2008	"Carroll"	"Moultonborough"	1	1346	1668	3036	1819	1130	2991	1085	1822	2999	1243	1649	2969	2521	569	3090
"NH"	2008	"Carroll"	"Ossipee"	1	1025	1151	2209	1230	841	2124	970	1071	2154	962	1090	2137	1957	303	2260
"NH"	2008	"Carroll"	"Sandwich"	1	632	378	1015	648	315	981	546	426	994	553	406	980	871	154	1025
"NH"	2008	"Carroll"	"Tamworth"	1	937	673	1625	1032	499	1565	843	685	1586	872	641	1568	1417	242	1659
"NH"	2008	"Carroll"	"Tuftonboro"	1	736	876	1623	909	644	1580	626	928	1605	645	912	1597	1390	264	1654
"NH"	2008	"Carroll"	"Wakefield"	1	1236	1405	2675	1356	1228	2644	1151	1343	2628	1141	1369	2605	2323	398	2721
"NH"	2008	"Carroll"	"Wolfeboro"	1	2032	2137	4204	2448	1568	4091	1775	2262	4133	1735	2315	4128	3621	672	4293
"NH"	2008	"Cheshire"	"Alstead"	2	658	372	1033	829	179	1020	637	367	1020	624	362	998	980	78	1058
"NH"	2008	"Cheshire"	"Chesterfield"	2	1340	850	2203	1549	536	2135	1234	874	2164	1267	795	2107	1997	232	2229
"NH"	2008	"Cheshire"	"Dublin"	2	663	399	1071	695	315	1040	587	439	1047	574	411	1005	932	150	1082
"NH"	2008	"Cheshire"	"Fitzwilliam"	2	754	530	1301	828	373	1247	691	527	1273	692	503	1243	1205	123	1328
"NH"	2008	"Cheshire"	"Gilsum"	2	234	195	437	282	127	425	229	185	428	233	178	422	415	26	441
"NH"	2008	"Cheshire"	"Harrisville"	2	520	188	713	568	105	692	484	204	702	496	181	692	620	101	721
"NH"	2008	"Cheshire"	"Hinsdale"	2	1300	540	1860	1393	312	1766	1181	541	1805	1222	460	1724	1779	109	1888
"NH"	2008	"Cheshire"	"Jaffrey"	2	1546	1290	2865	1920	816	2786	1512	1221	2829	1570	1147	2769	2625	286	2911
"NH"	2008	"Cheshire"	"Keene Ward 1"	2	2232	591	2855	2059	358	2522	1960	630	2690	1911	490	2491	2756	140	2896
"NH"	2008	"Cheshire"	"Keene Ward 2"	2	1968	609	2606	2018	386	2507	1788	637	2538	1797	567	2461	2419	240	2659
"NH"	2008	"Cheshire"	"Keene Ward 3"	2	1639	750	2410	1744	491	2298	1501	772	2350	1582	663	2297	2135	301	2436
"NH"	2008	"Cheshire"	"Keene Ward 4"	2	1725	851	2602	1882	535	2485	1565	883	2534	1626	782	2464	2395	257	2652
"NH"	2008	"Cheshire"	"Keene Ward 5"	2	1863	840	2721	1944	552	2574	1634	944	2651	1693	803	2553	2397	368	2765
"NH"	2008	"Cheshire"	"Marlborough"	2	860	374	1249	889	243	1163	768	363	1172	768	340	1131	1147	108	1255
"NH"	2008	"Cheshire"	"Marlow"	2	266	184	453	332	94	440	251	180	445	265	157	436	411	50	461
"NH"	2008	"Cheshire"	"Nelson"	2	299	153	457	334	94	443	288	149	455	296	144	450	385	78	463
"NH"	2008	"Cheshire"	"Richmond"	2	371	263	650	395	214	644	333	299	662	345	280	649	644	49	693
"NH"	2008	"Cheshire"	"Rindge"	2	1607	1669	3321	1752	1266	3111	1514	1586	3205	1484	1733	3287	3079	278	3357
"NH"	2008	"Cheshire"	"Roxbury"	2	102	52	155	114	24	143	99	46	149	99	45	146	138	20	158
"NH"	2008	"Cheshire"	"Stoddard"	2	393	302	698	490	198	693	356	323	694	373	302	686	628	82	710
"NH"	2008	"Cheshire"	"Sullivan"	2	225	172	405	261	110	387	222	153	392	224	146	380	378	31	409
"NH"	2008	"Cheshire"	"Surry"	2	291	230	527	351	138	503	256	231	508	274	208	493	494	39	533
"NH"	2008	"Cheshire"	"Swanzey"	2	2254	1485	3771	2623	927	3658	2115	1452	3706	2102	1392	3584	3537	297	3834
"NH"	2008	"Cheshire"	"Troy"	2	566	428	1003	658	282	980	534	404	998	529	397	965	1006	86	1092
"NH"	2008	"Cheshire"	"Walpole"	2	1404	801	2221	1631	496	2167	1330	813	2186	1307	803	2143	2077	184	2261
"NH"	2008	"Cheshire"	"Westmoreland"	2	680	406	1096	793	239	1052	606	413	1045	639	395	1052	976	138	1114
"NH"	2008	"Cheshire"	"Winchester"	2	1211	681	1918	1329	417	1853	1113	623	1871	1146	581	1809	1780	181	1961
"NH"	2008	"Coos"	"Atk. & Gilmanton Academy Gt"	2			0	0	0	0			0	1832	2177	4094	0	0	0
"NH"	2008	"Coos"	"Bean's Grant"	2			0			0			0			0	0	0	0
"NH"	2008	"Coos"	"Bean's Purchase"	2			0	0	0	0			0			0	0	0	0
"NH"	2008	"Coos"	"Berlin Ward 1"	2	713	278	1011	845	122	993	709	265	1004	701	233	963	982	83	1065
"NH"	2008	"Coos"	"Berlin Ward 2"	2	692	350	1059	869	161	1048	699	330	1059	739	255	1018	996	111	1107
"NH"	2008	"Coos"	"Berlin Ward 3"	2	875	445	1335	1090	204	1318	870	423	1328	910	348	1331	1233	138	1371
"NH"	2008	"Coos"	"Berlin Ward 4"	2	688	284	982	809	118	946	688	254	973	702	202	922	974	56	1030
"NH"	2008	"Coos"	"Cambridge"	2	2	1	3	3		3	2	1	3	2	1	3	3	0	3
"NH"	2008	"Coos"	"Carroll"	2	288	194	486	336	122	469	261	200	480	262	194	466	422	69	491
"NH"	2008	"Coos"	"Chandler's Purchase"	2			0			0			0			0	0	0	0
"NH"	2008	"Coos"	"Clarksville"	2	73	88	162	94	52	153	64	85	156	73	71	149	131	33	164
"NH"	2008	"Coos"	"Colebrook"	2	539	483	1036	726	245	996	491	465	1009	514	408	951	972	87	1059
"NH"	2008	"Coos"	"Columbia"	2	160	181	345	216	107	329	154	172	336	164	142	314	312	37	349
"NH"	2008	"Coos"	"Crawford's Purchase"	2			0			0			0			0	0	0	0
"NH"	2008	"Coos"	"Cutt's Grant"	2			0			0			0			0	0	0	0
"NH"	2008	"Coos"	"Dalton"	2	271	248	525	317	162	498	240	250	509	240	226	482	474	59	533
"NH"	2008	"Coos"	"Dix's Grant"	2			0			0	0	0	0			0	0	0	0
"NH"	2008	"Coos"	"Dixville"	2	15	6	21	15	3	19	12	6	20	12	7	20	19	2	21
"NH"	2008	"Coos"	"Dummer"	2	84	97	182	103	71	177	79	93	178	81	87	172	168	18	186
"NH"	2008	"Coos"	"Errol"	2	97	92	190	108	70	182	66	108	178	72	88	169	176	15	191
"NH"	2008	"Coos"	"Erving's Location"	2			0			0			0			0	0	0	0
"NH"	2008	"Coos"	"Gorham"	2	978	544	1533	1216	259	1500	980	508	1524	1027	414	1463	1463	165	1628
"NH"	2008	"Coos"	"Green's Grant"	2	1		1	1		1	1		1	1		1	1	0	1
"NH"	2008	"Coos"	"Hadley's Purchase"	2			0			0			0			0	0	0	0
"NH"	2008	"Coos"	"Jefferson"	2	276	343	621	365	215	590	255	339	615	274	304	584	570	58	628
"NH"	2008	"Coos"	"Kilkenny"	2			0			0	0	0	0			0	0	0	0
"NH"	2008	"Coos"	"Lancaster"	2	897	765	1680	1087	492	1620	846	752	1647	874	695	1606	1487	215	1702
"NH"	2008	"Coos"	"Low & Burbank's Gt."	2			0			0			0			0	0	0	0
"NH"	2008	"Coos"	"Martin's Location"	2			0			0			0			0	0	0	0
"NH"	2008	"Coos"	"Milan"	2	429	326	761	536	190	736	437	290	745	417	281	713	692	84	776
"NH"	2008	"Coos"	"Millsfield"	2	5	9	16	7	8	15	4	9	14	3	11	15	6	10	16
"NH"	2008	"Coos"	"Northumberland"	2	650	395	1052	763	232	1019	595	378	1019	640	315	976	962	128	1090
"NH"	2008	"Coos"	"Odell"	2			0			0			0			0	0	0	0
"NH"	2008	"Coos"	"Pinkham's Grant"	2	5		5	5		5	5		5	4	1	5	3	2	5
"NH"	2008	"Coos"	"Pittsburg"	2	243	307	550	304	204	508	221	300	521	209	276	485	487	67	554
"NH"	2008	"Coos"	"Randolph"	2	165	84	250	175	55	234	147	95	243	156	77	237	176	75	251
"NH"	2008	"Coos"	"Sargent's Purchase"	2			0			0			0			0	0	0	0
"NH"	2008	"Coos"	"Second College Gt."	2			0			0			0			0	0	0	0
"NH"	2008	"Coos"	"Shelburne"	2	147	128	277	182	78	264	133	133	272	146	109	257	239	40	279
"NH"	2008	"Coos"	"Stark"	2	171	124	297	183	90	283	148	124	289	151	115	271	265	39	304
"NH"	2008	"Coos"	"Stewartstown"	2	220	176	402	242	111	366	189	170	378	176	163	350	357	60	417
"NH"	2008	"Coos"	"Stratford"	2	207	111	322	233	62	299	185	110	313	182	96	287	289	36	325
"NH"	2008	"Coos"	"Success"	2			0			0			0			0	0	0	0
"NH"	2008	"Coos"	"Thompson & Mes's Pur."	2			0			0			0			0	0	0	0
"NH"	2008	"Coos"	"Wentworth's Loc."	2	8	15	23	14	9	23	6	15	23	10	12	23	20	3	23
"NH"	2008	"Coos"	"Whitefield"	2	633	484	1132	744	300	1082	544	500	1100	594	438	1058	1015	127	1142
"NH"	2008	"Grafton"	"Alexandria"	2	451	430	887	612	227	876	424	397	862	443	367	838	834	67	901
"NH"	2008	"Grafton"	"Ashland"	2	581	532	1126	755	323	1103	538	520	1109	578	470	1076	1052	96	1148
"NH"	2008	"Grafton"	"Bath"	2	268	230	510	287	177	487	220	253	495	231	235	482	473	47	520
"NH"	2008	"Grafton"	"Benton"	2	85	94	182	93	75	176	83	93	180	81	81	170	138	49	187
"NH"	2008	"Grafton"	"Bethlehem"	2	869	517	1408	998	324	1354	795	532	1369	825	474	1320	1271	155	1426
"NH"	2008	"Grafton"	"Bridgewater"	2	353	347	704	438	236	684	295	370	685	327	333	669	605	105	710
"NH"	2008	"Grafton"	"Bristol"	2	892	750	1666	1150	429	1622	794	766	1639	852	695	1596	1482	218	1700
"NH"	2008	"Grafton"	"Campton"	2	1072	726	1819	1281	445	1781	984	745	1796	1017	678	1747	1639	211	1850
"NH"	2008	"Grafton"	"Canaan"	2	1132	697	1845	1249	447	1778	1006	706	1828	1091	620	1757	1706	190	1896
"NH"	2008	"Grafton"	"Dorchester"	2	96	109	208	112	79	200	80	105	200	89	101	197	191	22	213
"NH"	2008	"Grafton"	"Easton"	2	120	67	188	132	41	180	103	80	189	111	66	183	168	26	194
"NH"	2008	"Grafton"	"Ellsworth"	2	26	27	55	28	21	53	25	26	53	24	27	53	49	6	55
"NH"	2008	"Grafton"	"Enfield"	2	1613	826	2455	1799	521	2370	1441	917	2412	1508	791	2333	2218	270	2488
"NH"	2008	"Grafton"	"Franconia"	2	497	264	768	575	152	744	422	312	752	480	233	729	637	140	777
"NH"	2008	"Grafton"	"Grafton"	2	369	312	692	416	228	672	336	312	693	350	286	669	649	75	724
"NH"	2008	"Grafton"	"Groton"	2	138	174	312	190	106	303	136	164	307	150	132	290	304	18	322
"NH"	2008	"Grafton"	"Hanover"	2	6140	1328	7516	5607	1029	6767	5275	1813	7173	5438	1382	6920	6486	1077	7563
"NH"	2008	"Grafton"	"Haverhill"	2	1034	998	2066	1281	623	1971	943	958	1999	946	903	1903	1888	209	2097
"NH"	2008	"Grafton"	"Hebron"	2	193	220	418	262	144	412	150	253	415	171	221	397	368	54	422
"NH"	2008	"Grafton"	"Holderness"	2	753	553	1318	876	325	1278	672	576	1296	721	500	1247	1140	194	1334
"NH"	2008	"Grafton"	"Landaff"	2	129	109	241	166	57	229	123	102	236	129	89	224	224	28	252
"NH"	2008	"Grafton"	"Lebanon Ward 1"	2	1548	723	2288	1671	449	2167	1402	793	2238	1443	691	2163	1998	306	2304
"NH"	2008	"Grafton"	"Lebanon Ward 2"	2	1445	593	2053	1588	364	1990	1336	639	2021	1368	562	1963	1903	190	2093
"NH"	2008	"Grafton"	"Lebanon Ward 3"	2	1687	739	2450	1819	472	2342	1494	853	2398	1587	711	2332	2153	340	2493
"NH"	2008	"Grafton"	"Lincoln"	2	457	349	816	536	212	767	385	369	798	432	301	751	727	107	834
"NH"	2008	"Grafton"	"Lisbon"	2	432	345	781	501	229	755	365	365	771	410	310	731	728	68	796
"NH"	2008	"Grafton"	"Littleton"	2	1582	1246	2846	1967	742	2763	1390	1308	2791	1558	1098	2700	2741	354	3095
"NH"	2008	"Grafton"	"Livermore"	2			0			0	0	0	0			0	0	0	0
"NH"	2008	"Grafton"	"Lyman"	2	166	147	315	184	110	307	142	153	309	152	134	298	288	36	324
"NH"	2008	"Grafton"	"Lyme"	2	893	267	1163	857	195	1071	803	332	1148	837	277	1125	971	206	1177
"NH"	2008	"Grafton"	"Monroe"	2	243	270	515	307	174	491	213	273	502	230	232	475	452	72	524
"NH"	2008	"Grafton"	"Orange"	2	96	65	164	103	46	156	83	67	159	86	60	152	154	13	167
"NH"	2008	"Grafton"	"Orford"	2	489	235	730	500	180	698	434	257	709	452	233	701	666	78	744
"NH"	2008	"Grafton"	"Piermont"	2	288	176	469	321	110	441	237	194	449	246	178	435	407	65	472
"NH"	2008	"Grafton"	"Plymouth"	2	2703	1130	3878	2781	691	3602	2311	1221	3691	2345	985	3463	3648	269	3917
"NH"	2008	"Grafton"	"Rumney"	2	434	471	905	541	318	859	418	438	856	436	413	849	841	98	939
"NH"	2008	"Grafton"	"Sugar Hill"	2	270	148	419	287	108	404	235	178	417	242	150	401	364	61	425
"NH"	2008	"Grafton"	"Thornton"	2	800	611	1434	976	387	1395	727	632	1410	739	558	1328	1273	176	1449
"NH"	2008	"Grafton"	"Warren"	2	229	243	484	315	130	459	218	223	466	235	196	444	459	39	498
"NH"	2008	"Grafton"	"Waterville Valley"	2	134	85	220	149	57	211	99	116	218	105	89	201	147	74	221
"NH"	2008	"Grafton"	"Wentworth"	2	270	248	530	308	175	508	243	249	519	260	216	501	480	61	541
"NH"	2008	"Grafton"	"Woodstock"	2	469	286	758	546	170	732	417	297	737	425	266	703	666	101	767
"NH"	2008	"Hillsborough"	"Amherst"	2	3822	3536	7429	4771	2285	7208	3309	3865	7333	3402	3493	7043	6393	1076	7469
"NH"	2008	"Hillsborough"	"Antrim"	2	852	635	1514	1050	380	1484	803	614	1505	825	585	1459	1395	151	1546
"NH"	2008	"Hillsborough"	"Bedford"	1	5115	7442	12618	7449	4616	12255	4454	7781	12478	4619	7300	12199	10279	2485	12764
"NH"	2008	"Hillsborough"	"Bennington"	2	399	369	784	509	211	753	370	353	760	379	332	733	743	49	792
"NH"	2008	"Hillsborough"	"Brookline"	2	1245	1591	2873	1687	988	2761	1159	1527	2818	1131	1484	2708	2657	234	2891
"NH"	2008	"Hillsborough"	"Deering"	2	538	498	1038	688	303	1021	504	477	1033	530	437	1000	987	67	1054
"NH"	2008	"Hillsborough"	"Francestown"	2	574	479	1061	667	344	1034	473	539	1042	519	481	1022	937	134	1071
"NH"	2008	"Hillsborough"	"Goffstown"	1	4243	4707	9002	6011	2691	8823	3960	4704	8903	3987	4528	8717	8361	760	9121
"NH"	2008	"Hillsborough"	"Greenfield"	2	523	383	920	610	241	888	475	388	903	480	372	886	869	59	928
"NH"	2008	"Hillsborough"	"Greenville"	2	533	423	964	648	246	923	483	399	943	510	374	909	907	71	978
"NH"	2008	"Hillsborough"	"Hancock"	2	748	451	1211	822	280	1122	686	485	1201	714	438	1175	1096	134	1230
"NH"	2008	"Hillsborough"	"Hillsborough"	2	1539	1280	2847	2050	671	2793	1510	1172	2827	1561	1116	2746	2685	232	2917
"NH"	2008	"Hillsborough"	"Hollis"	2	2536	2475	5055	3144	1606	4878	2222	2603	4958	2228	2469	4808	4549	559	5108
"NH"	2008	"Hillsborough"	"Hudson"	2	5807	6351	12264	7618	3741	11640	5701	5835	11920	5559	5535	11346	11615	802	12417
"NH"	2008	"Hillsborough"	"Litchfield"	2	1951	2581	4567	2870	1439	4399	1932	2408	4470	1912	2261	4252	4295	319	4614
"NH"	2008	"Hillsborough"	"Lyndeborough"	2	530	492	1031	668	293	998	499	472	1011	487	455	982	953	87	1040
"NH"	2008	"Hillsborough"	"Manchester Ward 1"	1	2913	2480	5422	3873	1383	5319	2625	2671	5388	2751	2459	5301	4794	711	5505
"NH"	2008	"Hillsborough"	"Manchester Ward 10"	1	2181	1832	4061	2928	952	3968	2077	1806	4014	2144	1655	3907	3838	320	4158
"NH"	2008	"Hillsborough"	"Manchester Ward 11"	1	1622	1249	2897	2099	640	2805	1541	1184	2833	1645	1060	2778	2824	149	2973
"NH"	2008	"Hillsborough"	"Manchester Ward 12"	1	2328	1968	4338	2989	1112	4185	2102	1990	4233	2122	1862	4098	3885	533	4418
"NH"	2008	"Hillsborough"	"Manchester Ward 2"	1	2668	2055	4762	3380	1160	4609	2447	2105	4666	2516	1956	4571	4355	475	4830
"NH"	2008	"Hillsborough"	"Manchester Ward 3"	1	2003	1013	3050	2257	603	2933	1794	1078	2968	1809	996	2886	2744	360	3104
"NH"	2008	"Hillsborough"	"Manchester Ward 4"	1	1982	1336	3362	2373	762	3233	1816	1313	3284	1837	1214	3173	3161	278	3439
"NH"	2008	"Hillsborough"	"Manchester Ward 5"	1	1761	992	2785	2076	548	2709	1650	993	2748	1632	925	2651	2733	160	2893
"NH"	2008	"Hillsborough"	"Manchester Ward 6"	1	2489	2324	4845	3368	1295	4736	2358	2324	4797	2433	2183	4711	4465	450	4915
"NH"	2008	"Hillsborough"	"Manchester Ward 7"	1	2016	1652	3701	2718	852	3639	1980	1591	3665	2004	1490	3575	3575	225	3800
"NH"	2008	"Hillsborough"	"Manchester Ward 8"	1	2372	2472	4886	3375	1326	4776	2264	2439	4832	2368	2264	4733	4564	411	4975
"NH"	2008	"Hillsborough"	"Manchester Ward 9"	1	2191	1819	4036	2964	966	3992	2145	1742	4011	2210	1611	3913	3814	323	4137
"NH"	2008	"Hillsborough"	"Mason"	2	385	457	854	490	286	814	361	433	845	338	413	789	800	70	870
"NH"	2008	"Hillsborough"	"Merrimack"	1	7316	7558	15009	9899	4228	14483	6879	7282	14690	6889	6991	14329	14292	911	15203
"NH"	2008	"Hillsborough"	"Milford"	2	4024	3660	7748	5154	2237	7535	3745	3623	7619	3761	3510	7414	7276	574	7850
"NH"	2008	"Hillsborough"	"Mont Vernon"	2	739	738	1491	926	492	1449	671	755	1471	706	691	1427	1383	122	1505
"NH"	2008	"Hillsborough"	"Nashua Ward 1"	2	2952	2475	5482	3757	1403	5288	2785	2408	5382	2807	2287	5218	5037	508	5545
"NH"	2008	"Hillsborough"	"Nashua Ward 2"	2	2535	2072	4656	3143	1191	4460	2316	2076	4546	2327	1962	4401	4344	374	4718
"NH"	2008	"Hillsborough"	"Nashua Ward 3"	2	2594	1789	4413	3044	1039	4219	2347	1779	4306	2347	1698	4166	4058	415	4473
"NH"	2008	"Hillsborough"	"Nashua Ward 4"	2	2038	945	3017	2152	547	2821	1862	898	2910	1789	880	2765	2904	209	3113
"NH"	2008	"Hillsborough"	"Nashua Ward 5"	2	2741	2499	5289	3472	1424	5026	2639	2337	5172	2580	2239	4947	4882	490	5372
"NH"	2008	"Hillsborough"	"Nashua Ward 6"	2	2370	1637	4063	2894	863	3875	2298	1477	3974	2232	1453	3796	3863	302	4165
"NH"	2008	"Hillsborough"	"Nashua Ward 7"	2	2166	1673	3882	2641	889	3676	2093	1505	3761	2018	1473	3604	3664	303	3967
"NH"	2008	"Hillsborough"	"Nashua Ward 8"	2	2632	1845	4524	2938	1174	4240	2313	1931	4400	2275	1790	4194	4151	455	4606
"NH"	2008	"Hillsborough"	"Nashua Ward 9"	2	2874	2390	5310	3495	1381	4996	2620	2354	5146	2631	2174	4918	4760	601	5361
"NH"	2008	"Hillsborough"	"New Boston"	2	1469	1620	3104	1958	1007	3040	1337	1626	3062	1421	1496	2983	2870	266	3136
"NH"	2008	"Hillsborough"	"New Ipswich"	2	919	1597	2546	1254	1150	2456	902	1529	2512	898	1502	2444	2374	204	2578
"NH"	2008	"Hillsborough"	"Pelham"	2	2982	3911	6951	4015	2401	6606	3118	3398	6790	2902	3246	6312	6585	451	7036
"NH"	2008	"Hillsborough"	"Peterborough"	2	2546	1328	3907	2853	863	3805	2353	1404	3846	2360	1326	3742	3414	547	3961
"NH"	2008	"Hillsborough"	"Sharon"	2	165	91	256	172	66	240	140	106	249	148	95	244	218	40	258
"NH"	2008	"Hillsborough"	"Temple"	2	468	403	875	578	253	847	417	411	849	450	367	832	803	79	882
"NH"	2008	"Hillsborough"	"Weare"	2	2109	2520	4675	3062	1374	4555	1998	2384	4614	2164	2143	4453	4385	354	4739
"NH"	2008	"Hillsborough"	"Wilton"	2	1248	1026	2298	1549	593	2187	1148	1010	2235	1203	931	2175	2088	225	2313
"NH"	2008	"Hillsborough"	"Windsor"	2	67	59	126	81	36	119	53	62	124	65	50	119	117	9	126
"NH"	2008	"Merrimack"	"Allenstown"	2	1143	998	2171	1581	505	2135	1152	903	2148	1182	830	2064	2116	97	2213
"NH"	2008	"Merrimack"	"Andover"	2	810	582	1406	998	348	1366	760	587	1384	761	541	1313	1338	86	1424
"NH"	2008	"Merrimack"	"Boscawen"	2	968	762	1751	1293	404	1736	971	730	1767	903	751	1695	1625	195	1820
"NH"	2008	"Merrimack"	"Bow"	2	2585	2227	4845	3497	1181	4746	2408	2296	4803	2479	2109	4649	4344	555	4899
"NH"	2008	"Merrimack"	"Bradford"	2	580	420	1011	680	250	970	504	414	954	551	398	969	904	123	1027
"NH"	2008	"Merrimack"	"Canterbury"	2	959	597	1565	1168	294	1505	908	571	1527	925	520	1478	1436	142	1578
"NH"	2008	"Merrimack"	"Chichester"	2	738	787	1531	1061	427	1504	749	729	1518	731	706	1452	1434	120	1554
"NH"	2008	"Merrimack"	"Concord Ward 1"	2	1519	890	2418	1908	435	2384	1459	871	2388	1478	816	2328	2278	176	2454
"NH"	2008	"Merrimack"	"Concord Ward 10"	2	1809	1230	3056	2372	608	3003	1723	1267	3044	1800	1121	2946	2766	329	3095
"NH"	2008	"Merrimack"	"Concord Ward 2"	2	1297	761	2078	1626	378	2032	1279	727	2061	1265	696	1999	2115	138	2253
"NH"	2008	"Merrimack"	"Concord Ward 3"	2	1076	523	1614	1327	240	1594	1037	524	1593	1077	472	1565	1462	159	1621
"NH"	2008	"Merrimack"	"Concord Ward 4"	2	1582	561	2159	1744	332	2124	1467	614	2135	1486	545	2072	1921	281	2202
"NH"	2008	"Merrimack"	"Concord Ward 5"	2	1886	820	2731	2159	443	2658	1672	973	2687	1756	823	2617	2207	566	2773
"NH"	2008	"Merrimack"	"Concord Ward 6"	2	1176	448	1644	1328	248	1632	1075	488	1652	1078	458	1577	1576	140	1716
"NH"	2008	"Merrimack"	"Concord Ward 7"	2	1580	793	2390	1915	408	2356	1487	836	2381	1544	733	2304	2122	318	2440
"NH"	2008	"Merrimack"	"Concord Ward 8"	2	1310	789	2114	1678	374	2088	1296	750	2106	1320	702	2050	1993	176	2169
"NH"	2008	"Merrimack"	"Concord Ward 9"	2	1067	681	1763	1315	369	1715	1024	651	1727	1046	592	1674	1708	124	1832
"NH"	2008	"Merrimack"	"Danbury"	2	313	305	631	418	191	622	298	299	630	324	270	606	598	45	643
"NH"	2008	"Merrimack"	"Dunbarton"	2	783	870	1661	1106	510	1629	730	880	1637	768	797	1588	1538	134	1672
"NH"	2008	"Merrimack"	"Epsom"	2	1127	1340	2485	1713	704	2455	1159	1235	2475	1229	1116	2397	2333	196	2529
"NH"	2008	"Merrimack"	"Franklin Ward 1"	2	713	602	1329	979	319	1322	757	538	1336	735	545	1290	1284	91	1375
"NH"	2008	"Merrimack"	"Franklin Ward 2"	2	598	422	1024	759	230	1000	574	404	1011	573	394	983	999	57	1056
"NH"	2008	"Merrimack"	"Franklin Ward 3"	2	782	576	1369	1027	295	1349	794	524	1353	779	520	1314	1284	113	1397
"NH"	2008	"Merrimack"	"Henniker"	2	1506	1002	2529	1848	547	2477	1320	1064	2497	1437	892	2407	2305	256	2561
"NH"	2008	"Merrimack"	"Hill"	2	299	282	588	407	151	572	293	270	586	297	267	568	570	32	602
"NH"	2008	"Merrimack"	"Hooksett"	1	3277	3749	7079	4796	2083	6977	3117	3757	7015	3174	3594	6892	6604	585	7189
"NH"	2008	"Merrimack"	"Hopkinton"	2	2394	1447	3871	3056	704	3822	2190	1571	3836	2268	1429	3745	3368	543	3911
"NH"	2008	"Merrimack"	"Loudon"	2	1404	1462	2882	2019	718	2796	1371	1330	2821	1419	1262	2746	2755	189	2944
"NH"	2008	"Merrimack"	"New London"	2	1715	1240	2969	1952	817	2816	1370	1491	2901	1510	1243	2790	2451	553	3004
"NH"	2008	"Merrimack"	"Newbury"	2	742	619	1370	960	357	1335	644	684	1356	702	606	1321	1195	200	1395
"NH"	2008	"Merrimack"	"Northfield"	2	1264	1093	2375	1691	544	2302	1277	963	2324	1187	970	2204	2243	159	2402
"NH"	2008	"Merrimack"	"Pembroke"	2	1970	1721	3728	2738	862	3652	1889	1668	3679	2030	1502	3582	3675	288	3963
"NH"	2008	"Merrimack"	"Pittsfield"	2	898	993	1907	1247	566	1843	896	927	1889	878	881	1779	1789	144	1933
"NH"	2008	"Merrimack"	"Salisbury"	2	386	413	809	552	222	787	377	395	796	372	383	768	758	59	817
"NH"	2008	"Merrimack"	"Sutton"	2	687	506	1201	846	304	1166	640	521	1187	656	472	1149	1088	131	1219
"NH"	2008	"Merrimack"	"Warner"	2	1016	699	1728	1220	422	1681	960	687	1699	993	626	1646	1555	186	1741
"NH"	2008	"Merrimack"	"Webster"	2	595	490	1095	795	255	1077	556	467	1076	542	457	1028	1037	72	1109
"NH"	2008	"Merrimack"	"Wilmot"	2	524	310	842	631	177	820	463	352	833	498	302	812	780	67	847
"NH"	2008	"Rockingham"	"Atkinson"	2	1853	2524	4420	2611	1524	4212	1875	2362	4345			0	4011	453	4464
"NH"	2008	"Rockingham"	"Auburn"	1	1283	1851	3161	2013	979	3049	1182	1847	3120	1226	1756	3050	2993	201	3194
"NH"	2008	"Rockingham"	"Brentwood"	1	1059	1165	2249	1358	782	2180	991	1169	2216	996	1139	2179	1969	290	2259
"NH"	2008	"Rockingham"	"Candia"	1	1063	1452	2530	1614	808	2464	995	1421	2491	1043	1337	2446	2383	184	2567
"NH"	2008	"Rockingham"	"Chester"	1	1189	1510	2716	1603	983	2630	1123	1482	2672	1099	1464	2629	2581	158	2739
"NH"	2008	"Rockingham"	"Danville"	1	1023	1272	2316	1429	726	2214	1059	1087	2253	998	1120	2201	2217	117	2334
"NH"	2008	"Rockingham"	"Deerfield"	1	1207	1388	2616	1633	857	2541	1134	1364	2583	1128	1335	2543	2438	221	2659
"NH"	2008	"Rockingham"	"Derry"	1	7527	7944	15619	9905	4760	14996	7313	7450	15276	7184	7271	14877	14642	1155	15797
"NH"	2008	"Rockingham"	"East Kingston"	1	638	797	1443	856	508	1395	603	769	1411	627	724	1386	1343	120	1463
"NH"	2008	"Rockingham"	"Epping"	1	1765	1518	3320	2292	873	3238	1673	1483	3272	1705	1447	3232	3044	304	3348
"NH"	2008	"Rockingham"	"Exeter"	1	5258	3365	8697	6127	2080	8368	4824	3454	8485	4910	3260	8344	7426	1379	8805
"NH"	2008	"Rockingham"	"Fremont"	1	1006	1282	2310	1396	767	2213	950	1223	2261	959	1176	2212	2169	182	2351
"NH"	2008	"Rockingham"	"Greenland"	1	1260	1006	2278	1665	537	2226	1140	1071	2244	1221	981	2228	1985	324	2309
"NH"	2008	"Rockingham"	"Hampstead"	1	2161	2984	5187	3119	1744	4956	2130	2813	5074	2075	2746	4941	4741	487	5228
"NH"	2008	"Rockingham"	"Hampton"	1	5044	4506	9603	6464	2692	9307	4770	4408	9422	4945	4184	9305	8048	1696	9744
"NH"	2008	"Rockingham"	"Hampton Falls"	1	589	856	1460	824	549	1402	486	925	1441	555	833	1423	1331	139	1470
"NH"	2008	"Rockingham"	"Kensington"	1	678	671	1370	832	441	1311	639	661	1336	661	621	1328	1257	124	1381
"NH"	2008	"Rockingham"	"Kingston"	1	1585	1730	3359	2061	1110	3241	1568	1589	3306	1526	1604	3238	3156	259	3415
"NH"	2008	"Rockingham"	"Londonderry"	1	6107	6879	13076	8142	4207	12584	5670	6781	12758	5751	6466	12501	12014	1192	13206
"NH"	2008	"Rockingham"	"New Castle"	1	418	368	790	519	241	767	330	434	772	368	385	761	672	123	795
"NH"	2008	"Rockingham"	"Newfields"	1	543	499	1056	687	321	1029	460	552	1041	520	491	1034	970	100	1070
"NH"	2008	"Rockingham"	"Newington"	1	281	282	568	372	159	540	213	320	545	251	282	545	502	68	570
"NH"	2008	"Rockingham"	"Newmarket"	1	3241	1780	5077	3859	995	4969	3021	1879	5045	3080	1776	4994	4753	459	5212
"NH"	2008	"Rockingham"	"Newton"	1	1149	1230	2415	1441	776	2300	1160	1088	2359	1166	1051	2307	2304	144	2448
"NH"	2008	"Rockingham"	"North Hampton"	1	1465	1409	2900	1881	897	2821	1336	1448	2852	1401	1357	2810	2525	417	2942
"NH"	2008	"Rockingham"	"Northwood"	1	1226	1142	2399	1629	663	2349	1181	1110	2374	1164	1103	2341	2229	198	2427
"NH"	2008	"Rockingham"	"Nottingham"	1	1375	1262	2665	1816	774	2649	1356	1250	2693	1364	1222	2661	2543	218	2761
"NH"	2008	"Rockingham"	"Plaistow"	1	1827	2266	4128	2438	1331	3883	1819	2020	4005	1754	1989	3870	3908	279	4187
"NH"	2008	"Rockingham"	"Portsmouth Ward 1"	1	1584	580	2194	1722	346	2117	1434	619	2110	1487	555	2085	2008	208	2216
"NH"	2008	"Rockingham"	"Portsmouth Ward 2"	1	2328	654	3010	2432	389	2890	2062	804	2970	2110	710	2883	2644	399	3043
"NH"	2008	"Rockingham"	"Portsmouth Ward 3"	1	982	525	1514	1184	234	1442	886	569	1487	927	498	1448	1355	185	1540
"NH"	2008	"Rockingham"	"Portsmouth Ward 4"	1	2066	1186	3276	2435	634	3125	1887	1226	3184	1945	1109	3118	2853	463	3316
"NH"	2008	"Rockingham"	"Portsmouth Ward 5"	1	2187	784	2993	2349	436	2856	1902	929	2911	1972	828	2857	2471	550	3021
"NH"	2008	"Rockingham"	"Raymond"	1	2460	2623	5140	3374	1469	4981	2428	2404	5051	2367	2415	4957	4890	343	5233
"NH"	2008	"Rockingham"	"Rye"	1	2082	1671	3777	2529	1069	3658	1647	1996	3733	1896	1728	3694	2955	867	3822
"NH"	2008	"Rockingham"	"Salem"	2	6838	8073	15034	9096	4756	14115	6849	7390	14685	6732	6766	13758	14168	1082	15250
"NH"	2008	"Rockingham"	"Sandown"	1	1414	1833	3282	1991	1092	3158	1422	1649	3213	1415	1614	3135	3095	221	3316
"NH"	2008	"Rockingham"	"Seabrook"	1	1991	2002	4041	2573	1294	3992	1872	1974	4103	1960	1867	3990	3932	400	4332
"NH"	2008	"Rockingham"	"South Hampton"	1	259	268	531	317	171	498	262	237	516	251	233	502	492	44	536
"NH"	2008	"Rockingham"	"Stratham"	1	2532	2136	4694	3206	1276	4539	2303	2281	4662	2322	2151	4547	4040	684	4724
"NH"	2008	"Rockingham"	"Windham"	2	3180	4644	7879	4407	2908	7459	3037	4513	7661	2969	4149	7241	6989	960	7949
"NH"	2008	"Strafford"	"Barrington"	1	2117	2606	4764	3289	1207	4611			0	2537	1955	4613	4460	348	4808
"NH"	2008	"Strafford"	"Dover Ward 1"	1	659	1810	2495	1964	374	2411			0	1655	670	2384	2280	254	2534
"NH"	2008	"Strafford"	"Dover Ward 2"	1	704	1649	2381	1825	409	2300			0	1540	711	2305	2218	211	2429
"NH"	2008	"Strafford"	"Dover Ward 3"	1	1289	1808	3113	2277	729	3045			0	1713	1270	3034	2774	382	3156
"NH"	2008	"Strafford"	"Dover Ward 4"	1	1158	1764	2943	2193	591	2837			0	1677	1126	2847	2647	312	2959
"NH"	2008	"Strafford"	"Dover Ward 5"	1	850	1591	2462	1837	503	2381			0	1473	862	2390	2328	169	2497
"NH"	2008	"Strafford"	"Dover Ward 6"	1	1086	1599	2710	2010	591	2637			0	1525	1051	2637	2466	281	2747
"NH"	2008	"Strafford"	"Durham"	1	1838	5363	7257	5443	1104	6700			0	4715	1866	6743	6619	699	7318
"NH"	2008	"Strafford"	"Farmington"	1	1379	1626	3033	2051	823	2959			0	1567	1266	2936	2943	152	3095
"NH"	2008	"Strafford"	"Lee"	1	892	1633	2542	1943	461	2462			0	1591	843	2487	2303	262	2565
"NH"	2008	"Strafford"	"Madbury"	1	425	685	1119	787	276	1093			0	640	429	1069	1043	90	1133
"NH"	2008	"Strafford"	"Middleton"	1	417	444	870	555	269	845			0	427	375	834	838	47	885
"NH"	2008	"Strafford"	"Milton"	1	1101	1186	2314	1564	640	2247			0	1168	1000	2227	2210	145	2355
"NH"	2008	"Strafford"	"New Durham"	1	819	733	1568	1024	461	1515			0	687	801	1524	1436	149	1585
"NH"	2008	"Strafford"	"Rochester Ward 1"	1	1281	1479	2785	1981	677	2695			0	1469	1170	2687	2633	208	2841
"NH"	2008	"Strafford"	"Rochester Ward 2"	1	1145	1256	2426	1689	675	2401			0	1225	1062	2334	2255	219	2474
"NH"	2008	"Strafford"	"Rochester Ward 3"	1	1179	1392	2588	1773	688	2498			0	1341	1132	2518	2422	219	2641
"NH"	2008	"Strafford"	"Rochester Ward 4"	1	963	1261	2241	1581	556	2175			0	1237	894	2170	2143	149	2292
"NH"	2008	"Strafford"	"Rochester Ward 5"	1	1127	1341	2478	1770	642	2439			0	1334	1046	2416	2345	195	2540
"NH"	2008	"Strafford"	"Rochester Ward 6"	1	788	1218	2029	1460	448	1949			0	1187	728	1950	1933	150	2083
"NH"	2008	"Strafford"	"Rollinsford"	1	626	917	1557	1134	345	1511			0	885	596	1511	1425	158	1583
"NH"	2008	"Strafford"	"Somersworth Ward 1"	1	528	793	1334	980	287	1286			0	785	475	1286	1266	128	1394
"NH"	2008	"Strafford"	"Somersworth Ward 2"	1	405	664	1081	789	220	1031			0	622	371	1021	1012	93	1105
"NH"	2008	"Strafford"	"Somersworth Ward 3"	1	407	642	1057	776	229	1025			0	630	378	1023	1034	74	1108
"NH"	2008	"Strafford"	"Somersworth Ward 4"	1	429	744	1182	901	227	1153			0	724	394	1144	1149	79	1228
"NH"	2008	"Strafford"	"Somersworth Ward 5"	1	285	502	794	618	116	753			0	495	250	761	776	41	817
"NH"	2008	"Strafford"	"Strafford__"	1	1124	1284	2426	1664	642	2340			0	1251	1059	2344	2191	256	2447
"NH"	2008	"Sullivan"	"Acworth"	2	203	357	566	396	114	526			0	339	179	527	513	66	579
"NH"	2008	"Sullivan"	"Charlestown"	2	925	1584	2532	1887	484	2428			0	1564	786	2480	2424	144	2568
"NH"	2008	"Sullivan"	"Claremont Ward 1"	2	610	1073	1703	1213	355	1616			0	1063	495	1589	1603	138	1741
"NH"	2008	"Sullivan"	"Claremont Ward 2"	2	884	1317	2216	1589	515	2140			0	1293	780	2095	2047	225	2272
"NH"	2008	"Sullivan"	"Claremont Ward 3"	2	742	1128	1883	1362	420	1814			0	1157	601	1787	1808	121	1929
"NH"	2008	"Sullivan"	"Cornish"	2	398	685	1088	752	274	1054			0	668	380	1064	994	115	1109
"NH"	2008	"Sullivan"	"Croydon"	2	216	182	402	234	138	386			0	187	187	378	381	29	410
"NH"	2008	"Sullivan"	"Goshen"	2	215	230	449	287	115	415			0	233	167	411	419	36	455
"NH"	2008	"Sullivan"	"Grantham"	2	761	1202	1979	1362	534	1917			0	1166	739	1923	1702	295	1997
"NH"	2008	"Sullivan"	"Langdon"	2	163	228	394	291	83	383			0	221	153	382	377	21	398
"NH"	2008	"Sullivan"	"Lempster"	2	303	335	645	430	157	599			0	308	266	589	587	66	653
"NH"	2008	"Sullivan"	"Newport"	2	1301	1666	3000	2154	684	2896			0	1689	1104	2845	2776	275	3051
"NH"	2008	"Sullivan"	"Plainfield"	2	458	1006	1471	1078	304	1412			0	986	404	1407	1344	152	1496
"NH"	2008	"Sullivan"	"Springfield"	2	347	417	775	507	223	743			0	389	329	737	708	71	779
"NH"	2008	"Sullivan"	"Sunapee"	2	983	1072	2071	1391	586	2011			0	1040	926	1996	1781	320	2101
"NH"	2008	"Sullivan"	"Unity"	2	344	458	807	527	200	741			0	417	307	738	740	82	822
"NH"	2008	"Sullivan"	"Washington"	2	316	309	633	389	204	610			0	293	283	587	561	81	642
