state	year	county	precinct	cd	g2002_GOV_dv	g2002_GOV_rv	g2002_GOV_tv	g2002_USS_dv	g2002_USS_rv	g2002_USS_tv	g2002_USH_dv	g2002_USH_rv	g2002_USH_tv	g2002_BALL_rtv	g2002_BALL_atv	g2002_BALL_tv
"NH"	2002	"Belknap"	"Alton"	1	417	1482	1948	578	1330	1968	445	1442	1956	1773	204	1977
"NH"	2002	"Belknap"	"Barnstead"	1	592	862	1509	712	775	1520	1233	1472	2844	1447	87	1534
"NH"	2002	"Belknap"	"Belmont"	1	596	1455	2109	960	1164	2179	669	1354	2099	2153	121	2274
"NH"	2002	"Belknap"	"Center Harbor"	1	155	340	516	186	324	525	164	329	514	485	47	532
"NH"	2002	"Belknap"	"Gilford"	1	837	2316	3221	1185	2020	3260	950	2206	3220	2972	303	3275
"NH"	2002	"Belknap"	"Gilmanton"	1	434	836	1318	586	707	1326	483	783	1314	1260	80	1340
"NH"	2002	"Belknap"	"Laconia Ward 1"	1	340	905	1262	446	809	1276	383	854	1261	1158	128	1286
"NH"	2002	"Belknap"	"Laconia Ward 2"	1	258	574	853	346	504	873	306	528	861	790	82	872
"NH"	2002	"Belknap"	"Laconia Ward 3"	1	308	494	820	374	442	830	333	471	817	780	57	837
"NH"	2002	"Belknap"	"Laconia Ward 4"	1	269	609	902	385	506	915	320	557	909	854	73	927
"NH"	2002	"Belknap"	"Laconia Ward 5"	1	229	444	699	322	370	704	283	392	706	720	44	764
"NH"	2002	"Belknap"	"Laconia Ward 6"	1	225	634	886	362	510	896	276	583	885	844	61	905
"NH"	2002	"Belknap"	"Meredith"	1	676	1810	2542	936	1562	2560	780	1679	2519	2370	221	2591
"NH"	2002	"Belknap"	"New Hampton"	1	270	516	813	335	458	815	271	501	803	763	58	821
"NH"	2002	"Belknap"	"Sanbornton"	2	408	756	1204	547	636	1214	432	741	1201	1138	82	1220
"NH"	2002	"Belknap"	"Tilton"	2	371	658	1073	505	541	1081	403	643	1077	1016	70	1086
"NH"	2002	"Carroll"	"Albany"	1	98	131	239	124	109	239	112	116	236	228	13	241
"NH"	2002	"Carroll"	"Bartlett"	1	447	814	1309	689	620	1346	555	733	1334	1189	137	1326
"NH"	2002	"Carroll"	"Brookfield"	1	87	216	316	113	198	320	81	231	318	304	19	323
"NH"	2002	"Carroll"	"Chatham"	1	36	73	111	49	62	114	37	69	111	110	6	116
"NH"	2002	"Carroll"	"Conway"	1	1095	1830	3009	1578	1378	3042	1329	1598	3003	3060	306	3366
"NH"	2002	"Carroll"	"Eaton"	1	94	97	193	108	79	194	92	98	193	188	8	196
"NH"	2002	"Carroll"	"Effingham"	1	136	290	445	194	237	451	162	264	449	453	28	481
"NH"	2002	"Carroll"	"Freedom"	1	232	430	679	290	377	681	262	397	672	610	77	687
"NH"	2002	"Carroll"	"Hale's Location"	1	8	68	76	13	55	76	9	61	74	59	15	74
"NH"	2002	"Carroll"	"Hart's Location"	1	10	11	21	11	10	21	9	12	21	18	3	21
"NH"	2002	"Carroll"	"Jackson"	1	235	306	555	296	274	584	256	289	557	479	88	567
"NH"	2002	"Carroll"	"Madison"	1	321	501	843	445	381	850	361	461	845	785	73	858
"NH"	2002	"Carroll"	"Moultonborough"	1	439	1726	2217	595	1577	2229	580	1547	2217	1966	288	2254
"NH"	2002	"Carroll"	"Ossipee"	1	418	975	1443	605	790	1444	535	861	1432	1332	104	1436
"NH"	2002	"Carroll"	"Sandwich"	1	371	380	774	393	368	782	357	397	778	713	71	784
"NH"	2002	"Carroll"	"Tamworth"	1	407	552	994	519	474	1020	479	508	1013	956	75	1031
"NH"	2002	"Carroll"	"Tuftonboro"	1	297	857	1190	391	767	1197	303	863	1195	1080	131	1211
"NH"	2002	"Carroll"	"Wakefield"	1	375	1118	1549	599	915	1564	477	1028	1555	1410	170	1580
"NH"	2002	"Carroll"	"Wolfeboro"	1	824	2221	3104	1122	1979	3133	784	2294	3130	2811	344	3155
"NH"	2002	"Cheshire"	"Alstead"	2	415	316	748	446	271	747	375	357	748	717	39	756
"NH"	2002	"Cheshire"	"Chesterfield"	2	645	662	1346	730	597	1354	624	694	1342	1339	61	1400
"NH"	2002	"Cheshire"	"Dublin"	2	422	360	810	423	369	811	341	464	814	755	63	818
"NH"	2002	"Cheshire"	"Fitzwilliam"	2	363	414	799	388	386	804	355	416	790	770	38	808
"NH"	2002	"Cheshire"	"Gilsum"	2	119	138	265	132	122	265	115	143	265	248	17	265
"NH"	2002	"Cheshire"	"Harrisville"	2	333	171	520	353	150	519	293	208	515	477	44	521
"NH"	2002	"Cheshire"	"Hinsdale"	2	471	513	1010	595	394	1020	518	480	1017	1025	25	1050
"NH"	2002	"Cheshire"	"Jaffrey"	2	932	904	1891	910	910	1889	783	1056	1886	1805	105	1910
"NH"	2002	"Cheshire"	"Keene Ward 1"	2	687	324	1066	700	328	1081	648	380	1063	1042	56	1098
"NH"	2002	"Cheshire"	"Keene Ward 2"	2	945	514	1519	997	473	1535	886	587	1527	1552	63	1615
"NH"	2002	"Cheshire"	"Keene Ward 3"	2	832	622	1509	905	571	1522	759	716	1511	1449	102	1551
"NH"	2002	"Cheshire"	"Keene Ward 4"	2	972	681	1695	973	681	1698	837	814	1686	1634	84	1718
"NH"	2002	"Cheshire"	"Keene Ward 5"	2	1039	747	1836	1045	743	1844	879	919	1831	1747	117	1864
"NH"	2002	"Cheshire"	"Marlborough"	2	493	281	800	527	252	812	417	350	788	752	44	796
"NH"	2002	"Cheshire"	"Marlow"	2	174	142	332	192	122	334	165	153	331	317	17	334
"NH"	2002	"Cheshire"	"Nelson"	2	173	107	288	172	109	288	154	129	289	280	9	289
"NH"	2002	"Cheshire"	"Richmond"	2	217	178	417	210	186	421	199	186	391	409	15	424
"NH"	2002	"Cheshire"	"Rindge"	2	544	1024	1614	657	921	1636	559	1031	1633	1651	68	1719
"NH"	2002	"Cheshire"	"Roxbury"	2	53	34	94	49	41	93	42	48	95	92	3	95
"NH"	2002	"Cheshire"	"Stoddard"	2	183	253	446	200	234	458	163	283	456	422	39	461
"NH"	2002	"Cheshire"	"Sullivan"	2	116	121	245	123	110	248	109	133	248	241	9	250
"NH"	2002	"Cheshire"	"Surry"	2	151	159	323	165	139	313	143	168	324	306	14	320
"NH"	2002	"Cheshire"	"Swanzey"	2	1057	1062	2180	1157	965	2188	985	1147	2173	2086	118	2204
"NH"	2002	"Cheshire"	"Troy"	2	350	263	630	358	249	629	317	292	623	616	17	633
"NH"	2002	"Cheshire"	"Walpole"	2	755	717	1506	836	632	1512	709	761	1508	1431	94	1525
"NH"	2002	"Cheshire"	"Westmoreland"	2	376	347	740	407	303	737	342	379	743	706	49	755
"NH"	2002	"Cheshire"	"Winchester"	2	503	541	1090	550	479	1097	510	547	1094	1070	47	1117
"NH"	2002	"Coos"	"Atk. & Gilmanton Academy Gt"	2			0				1004	1741	2819			
"NH"	2002	"Coos"	"Bean's Grant"	2			0				0	0	0			
"NH"	2002	"Coos"	"Bean's Purchase"	2			0				0	0	0			
"NH"	2002	"Coos"	"Berlin Ward 1"	2	349	468	848	594	264	884	453	410	873	848	56	904
"NH"	2002	"Coos"	"Berlin Ward 2"	2	336	513	886	600	289	918	437	453	906	903	63	966
"NH"	2002	"Coos"	"Berlin Ward 3"	2	406	625	1059	696	365	1084	537	513	1074	1008	89	1097
"NH"	2002	"Coos"	"Berlin Ward 4"	2	317	390	731	562	191	764	447	291	750	743	44	787
"NH"	2002	"Coos"	"Cambridge"	2		1	1		1	1		1	1	1		1
"NH"	2002	"Coos"	"Carroll"	2	82	246	339	145	189	338	111	215	331	313	25	338
"NH"	2002	"Coos"	"Chandler's Purchase"	2			0				0	0	0			
"NH"	2002	"Coos"	"Clarksville"	2	17	65	84	26	62	90	20	66	88	79	11	90
"NH"	2002	"Coos"	"Colebrook"	2	168	424	619	216	389	627	145	463	627	612	25	637
"NH"	2002	"Coos"	"Columbia"	2	48	132	185	68	115	189	51	134	186	180	11	191
"NH"	2002	"Coos"	"Crawford's Purchase"	2			0				0	0	0			
"NH"	2002	"Coos"	"Cutt's Grant"	2			0				0	0	0			
"NH"	2002	"Coos"	"Dalton"	2	81	225	313	126	182	319	107	206	318	291	33	324
"NH"	2002	"Coos"	"Dix's Grant"	2			0				0	0	0			
"NH"	2002	"Coos"	"Dixville"	2	3	16	19	4	14	19	1	17	18	11	8	19
"NH"	2002	"Coos"	"Dummer"	2	40	85	127	56	71	132	40	86	130	116	17	133
"NH"	2002	"Coos"	"Errol"	2	25	95	120	36	86	125	27	94	122	122	3	125
"NH"	2002	"Coos"	"Erving's Location"	2			0				0	0	0			
"NH"	2002	"Coos"	"Gorham"	2	485	629	1153	773	377	1180	622	534	1175	1084	105	1189
"NH"	2002	"Coos"	"Green's Grant"	2	3		3	3		3	213	266	498	1	2	3
"NH"	2002	"Coos"	"Hadley's Purchase"	2			0				0	0	0			
"NH"	2002	"Coos"	"Jefferson"	2	93	277	383	140	239	392	104	282	393	370	29	399
"NH"	2002	"Coos"	"Kilkenny"	2			0				0	0	0			
"NH"	2002	"Coos"	"Lancaster"	2	356	747	1135	496	622	1150	389	733	1146	1082	73	1155
"NH"	2002	"Coos"	"Low & Burbank's Gt."	2			0				0	0	0			
"NH"	2002	"Coos"	"Martin's Location"	2			0				0	0	0			
"NH"	2002	"Coos"	"Milan"	2	137	287	433	233	204	446	180	256	440	418	35	453
"NH"	2002	"Coos"	"Millsfield"	2	1	13	14	5	9	14	4	10	14	12	2	14
"NH"	2002	"Coos"	"Northumberland"	2	235	380	646	330	292	647	294	341	644	603	51	654
"NH"	2002	"Coos"	"Odell"	2			0				0	0	0			
"NH"	2002	"Coos"	"Pinkham's Grant"	2	2		2	2		2	2	0	2	1	1	2
"NH"	2002	"Coos"	"Pittsburg"	2	65	237	309	77	233	318	65	248	316	302	24	326
"NH"	2002	"Coos"	"Randolph"	2	103	102	209	131	82	216	113	96	212	165	50	215
"NH"	2002	"Coos"	"Sargent's Purchase"	2			0				0	0	0			
"NH"	2002	"Coos"	"Second College Gt."	2			0				0	0	0			
"NH"	2002	"Coos"	"Shelburne"	2	76	94	173	98	77	181	63	112	180	168	15	183
"NH"	2002	"Coos"	"Stark"	2	51	105	160	71	86	161	63	98	163	148	17	165
"NH"	2002	"Coos"	"Stewartstown"	2	52	139	194	73	117	198	50	142	196	174	26	200
"NH"	2002	"Coos"	"Stratford"	2	72	102	180	102	75	184	92	84	183	171	13	184
"NH"	2002	"Coos"	"Success"	2			0				0	0	0			
"NH"	2002	"Coos"	"Thompson & Mes's Pur."	2			0				0	0	0			
"NH"	2002	"Coos"	"Wentworth's Loc."	2	2	7	9	4	5	9	7	3	10	7	3	10
"NH"	2002	"Coos"	"Whitefield"	2	218	486	729	290	419	737	249	463	739	664	76	740
"NH"	2002	"Grafton"	"Alexandria"	2	158	356	536	220	304	544	171	350	543	509	39	548
"NH"	2002	"Grafton"	"Ashland"	2	185	470	676	269	392	684	218	443	662	651	40	691
"NH"	2002	"Grafton"	"Bath"	2	100	221	331	129	199	333	103	223	332	310	25	335
"NH"	2002	"Grafton"	"Benton"	2	25	74	100	31	64	102	25	73	100	93	10	103
"NH"	2002	"Grafton"	"Bethlehem"	2	355	485	857	453	388	862	344	495	851	872	68	940
"NH"	2002	"Grafton"	"Bridgewater"	2	132	303	447	172	278	455	152	293	450	424	32	456
"NH"	2002	"Grafton"	"Bristol"	2	292	786	1115	420	625	1084	303	744	1080	992	98	1090
"NH"	2002	"Grafton"	"Campton"	2	339	579	959	450	496	976	337	598	964	917	59	976
"NH"	2002	"Grafton"	"Canaan"	2	459	535	1050	540	477	1060	447	562	1051	1011	62	1073
"NH"	2002	"Grafton"	"Dorchester"	2	31	89	126	37	80	126	38	84	125	115	11	126
"NH"	2002	"Grafton"	"Easton"	2	62	77	145	78	67	146	67	76	147	133	14	147
"NH"	2002	"Grafton"	"Ellsworth"	2	6	29	39	18	20	40	15	24	40	39	1	40
"NH"	2002	"Grafton"	"Enfield"	2	641	798	1494	783	678	1509	645	809	1498	1424	91	1515
"NH"	2002	"Grafton"	"Franconia"	2	234	290	533	260	267	534	207	314	529	482	59	541
"NH"	2002	"Grafton"	"Grafton"	2	149	222	427	189	217	430	148	243	431	435	30	465
"NH"	2002	"Grafton"	"Groton"	2	43	122	173	52	114	175	41	131	177	175	10	185
"NH"	2002	"Grafton"	"Hanover"	2	2894	1270	4241	3171	1140	4345	2791	1406	4260	3965	411	4376
"NH"	2002	"Grafton"	"Haverhill"	2	318	900	1257	517	713	1283	358	858	1248	1189	100	1289
"NH"	2002	"Grafton"	"Hebron"	2	91	208	309	83	222	311	71	233	307	282	30	312
"NH"	2002	"Grafton"	"Holderness"	2	359	565	957	443	495	968	334	599	957	904	69	973
"NH"	2002	"Grafton"	"Landaff"	2	44	91	136	57	77	136	47	88	136	132	7	139
"NH"	2002	"Grafton"	"Lebanon Ward 1"	2	831	664	1527	916	599	1540	768	719	1520	1445	106	1551
"NH"	2002	"Grafton"	"Lebanon Ward 2"	2	734	594	1375	836	514	1388	740	613	1384	1302	94	1396
"NH"	2002	"Grafton"	"Lebanon Ward 3"	2	705	624	1364	761	580	1367	660	679	1370	1290	88	1378
"NH"	2002	"Grafton"	"Lincoln"	2	114	381	516	190	343	544	138	366	516	470	56	526
"NH"	2002	"Grafton"	"Lisbon"	2	105	292	413	157	254	422	113	296	420	398	26	424
"NH"	2002	"Grafton"	"Littleton"	2	539	1354	1936	818	1124	1967	564	1372	1953	1825	157	1982
"NH"	2002	"Grafton"	"Livermore"	2	0	0	0	0	0	0	0	0	0	0	0	0
"NH"	2002	"Grafton"	"Lyman"	2	51	114	169	71	94	170	61	107	170	162	12	174
"NH"	2002	"Grafton"	"Lyme"	2	514	314	843	536	291	837	482	350	840	787	61	848
"NH"	2002	"Grafton"	"Monroe"	2	75	250	333	112	213	340	85	235	334	317	22	339
"NH"	2002	"Grafton"	"Orange"	2	57	52	114	53	56	111	52	56	112	105	9	114
"NH"	2002	"Grafton"	"Orford"	2	224	219	458	217	219	449	178	253	441	410	40	450
"NH"	2002	"Grafton"	"Piermont"	2	111	174	298	136	158	302	104	191	299	289	19	308
"NH"	2002	"Grafton"	"Plymouth"	2	723	837	1662	902	712	1684	718	868	1673	1630	69	1699
"NH"	2002	"Grafton"	"Rumney"	2	182	411	616	213	391	625	175	423	613	566	44	610
"NH"	2002	"Grafton"	"Sugar Hill"	2	136	164	308	159	149	315	135	243	381	288	28	316
"NH"	2002	"Grafton"	"Thornton"	2	256	486	779	339	417	781	277	486	786	712	76	788
"NH"	2002	"Grafton"	"Warren"	2	63	241	324	108	195	329	79	225	324	318	11	329
"NH"	2002	"Grafton"	"Waterville Valley"	2	52	93	149	76	73	150	61	84	148	104	46	150
"NH"	2002	"Grafton"	"Wentworth"	2	65	170	247	79	163	247	59	191	257	239	12	251
"NH"	2002	"Grafton"	"Woodstock"	2	153	278	447	215	223	449	164	274	445	395	57	452
"NH"	2002	"Hillsborough"	"Amherst"	2	1767	3100	5007	2132	2840	5078	1624	3315	5029	4746	346	5092
"NH"	2002	"Hillsborough"	"Antrim"	2	388	512	936	386	454	876	344	567	933	917	34	951
"NH"	2002	"Hillsborough"	"Bedford"	1	2076	6591	8835	2733	6051	8860	2256	6383	8808	8018	974	8992
"NH"	2002	"Hillsborough"	"Bennington"	2	188	230	440	232	249	505	157	327	499	479	28	507
"NH"	2002	"Hillsborough"	"Brookline"	2	628	1031	1732	756	914	1732	606	1061	1724	1675	72	1747
"NH"	2002	"Hillsborough"	"Deering"	2	254	375	653	321	314	650	243	397	654	632	32	664
"NH"	2002	"Hillsborough"	"Francestown"	2	331	442	804	369	415	813	290	481	799	775	41	816
"NH"	2002	"Hillsborough"	"Goffstown"	1	1778	3936	5893	2312	3499	5962	1998	3705	5896	5694	292	5986
"NH"	2002	"Hillsborough"	"Greenfield"	2	244	284	564	261	280	557	224	314	561	553	12	565
"NH"	2002	"Hillsborough"	"Greenville"	2	233	243	505	227	251	506	2	0	2	497	22	519
"NH"	2002	"Hillsborough"	"Hancock"	2	502	421	949	504	421	952	366	566	945	898	61	959
"NH"	2002	"Hillsborough"	"Hillsborough"	2	613	1032	1701	763	880	1715	578	1074	1700	1639	80	1719
"NH"	2002	"Hillsborough"	"Hollis"	2	1207	2022	3337	1507	1794	3376	1184	2098	3359	3237	158	3395
"NH"	2002	"Hillsborough"	"Hudson"	2	2276	4316	6823	3106	3578	6894	2711	3958	6819	6691	236	6927
"NH"	2002	"Hillsborough"	"Litchfield"	2	717	1654	2449	1025	1400	2476	777	1630	2457	2380	105	2485
"NH"	2002	"Hillsborough"	"Lyndeborough"	2	248	401	680	287	360	682	215	438	673	658	30	688
"NH"	2002	"Hillsborough"	"Manchester Ward 1"	1	1562	2472	4120	1865	2245	4155	1653	2350	4093	3792	320	4112
"NH"	2002	"Hillsborough"	"Manchester Ward 10"	1	984	1735	2817	1278	1499	2836	1136	1571	2816	2732	167	2899
"NH"	2002	"Hillsborough"	"Manchester Ward 11"	1	559	1183	1810	800	978	1845	716	1018	1822	1793	91	1884
"NH"	2002	"Hillsborough"	"Manchester Ward 12"	1	782	1530	2385	976	1384	2405	847	1454	2376	2202	247	2449
"NH"	2002	"Hillsborough"	"Manchester Ward 2"	1	1128	1868	3084	1376	1682	3114	1234	1774	3089	2926	237	3163
"NH"	2002	"Hillsborough"	"Manchester Ward 3"	1	714	859	1651	889	739	1669	800	765	1644	1510	193	1703
"NH"	2002	"Hillsborough"	"Manchester Ward 4"	1	750	1236	2070	1004	1038	2101	881	1083	2066	2150	170	2320
"NH"	2002	"Hillsborough"	"Manchester Ward 5"	1	696	1008	1760	922	822	1783	828	866	1751	1690	134	1824
"NH"	2002	"Hillsborough"	"Manchester Ward 6"	1	991	1886	2957	1313	1628	2984	1113	1729	2948	2832	180	3012
"NH"	2002	"Hillsborough"	"Manchester Ward 7"	1	902	1524	2507	1125	1342	2518	1033	1353	2494	2416	158	2574
"NH"	2002	"Hillsborough"	"Manchester Ward 8"	1	992	2093	3163	1321	1804	3190	1149	1917	3167	3056	172	3228
"NH"	2002	"Hillsborough"	"Manchester Ward 9"	1	923	1731	2729	1249	1420	2743	1119	1506	2722	2596	187	2783
"NH"	2002	"Hillsborough"	"Mason"	2	187	298	510	226	273	518	193	309	512	493	27	520
"NH"	2002	"Hillsborough"	"Merrimack"	1	3008	6119	9510	4061	5237	9599	3491	5608	9468	9191	456	9647
"NH"	2002	"Hillsborough"	"Milford"	2	1809	2743	4698	2107	2476	4712	1677	2896	4687	4549	201	4750
"NH"	2002	"Hillsborough"	"Mont Vernon"	2	375	579	981	439	528	984	350	604	973	942	47	989
"NH"	2002	"Hillsborough"	"Nashua Ward 1"	2	1493	2059	3692	1889	1735	3740	1638	1994	3717	3542	224	3766
"NH"	2002	"Hillsborough"	"Nashua Ward 2"	2	1037	1739	2864	1351	1483	2889	1146	1673	2876	2771	134	2905
"NH"	2002	"Hillsborough"	"Nashua Ward 3"	2	1171	1550	2837	1489	1302	2865	1286	1491	2853	2742	153	2895
"NH"	2002	"Hillsborough"	"Nashua Ward 4"	2	737	760	1574	942	596	1601	837	704	1587	1500	118	1618
"NH"	2002	"Hillsborough"	"Nashua Ward 5"	2	1253	1934	3317	1657	1590	3341	1467	1775	3321	3214	151	3365
"NH"	2002	"Hillsborough"	"Nashua Ward 6"	2	1072	1338	2497	1398	1039	2538	1248	1204	2526	2388	189	2577
"NH"	2002	"Hillsborough"	"Nashua Ward 7"	2	718	960	1758	977	766	1778	836	896	1776	1681	124	1805
"NH"	2002	"Hillsborough"	"Nashua Ward 8"	2	1262	1821	3186	1646	1497	3218	1404	1720	3197	3233	178	3411
"NH"	2002	"Hillsborough"	"Nashua Ward 9"	2	1139	1910	3150	1598	1503	3176	1325	1765	3160	3016	173	3189
"NH"	2002	"Hillsborough"	"New Boston"	2	653	1209	1929	782	1113	1939	618	1250	1913	1862	75	1937
"NH"	2002	"Hillsborough"	"New Ipswich"	2	467	1088	1597	494	1074	1612	436	1126	1604	1541	77	1618
"NH"	2002	"Hillsborough"	"Pelham"	2	1131	2352	3595	1490	1999	3646	1369	2136	3603	3558	156	3714
"NH"	2002	"Hillsborough"	"Peterborough"	2	1504	1152	2734	1483	1199	2744	1175	1509	2732	2534	238	2772
"NH"	2002	"Hillsborough"	"Sharon"	2	94	71	168	78	85	168	67	99	169	154	16	170
"NH"	2002	"Hillsborough"	"Temple"	2	255	307	576	283	274	573	206	349	573	561	20	581
"NH"	2002	"Hillsborough"	"Weare"	2	867	1736	2716	1147	1508	2745	859	1779	2724	2623	138	2761
"NH"	2002	"Hillsborough"	"Wilton"	2	637	816	1522	753	720	1538	589	875	1525	1466	76	1542
"NH"	2002	"Hillsborough"	"Windsor"	2	22	49	71	25	42	71	24	44	69	67	4	71
"NH"	2002	"Merrimack"	"Allenstown"	2	521	828	1391	737	625	1411	585	784	1405	1388	40	1428
"NH"	2002	"Merrimack"	"Andover"	2	423	460	915	516	351	885	386	469	882	849	46	895
"NH"	2002	"Merrimack"	"Boscawen"	2	487	527	1057	560	562	1170	427	685	1153	1122	59	1181
"NH"	2002	"Merrimack"	"Bow"	2	1491	1910	3514	1664	1825	3553	1411	2094	3545	3422	171	3593
"NH"	2002	"Merrimack"	"Bradford"	2	257	307	584	270	272	557	231	313	559	647	55	702
"NH"	2002	"Merrimack"	"Canterbury"	2	616	446	1096	621	443	1089	486	583	1096	1056	55	1111
"NH"	2002	"Merrimack"	"Chichester"	2	407	579	1019	477	505	1020	330	663	1019	983	44	1027
"NH"	2002	"Merrimack"	"Concord Ward 1"	2	774	727	1544	871	651	1563	711	817	1559	1518	61	1579
"NH"	2002	"Merrimack"	"Concord Ward 10"	2	1162	1005	2221	1203	989	2241	956	1240	2225	2101	148	2249
"NH"	2002	"Merrimack"	"Concord Ward 2"	2	598	580	1218	695	499	1226	588	600	1220	1233	57	1290
"NH"	2002	"Merrimack"	"Concord Ward 3"	2	629	468	1136	696	432	1151	528	592	1143	1086	75	1161
"NH"	2002	"Merrimack"	"Concord Ward 4"	2	957	577	1586	1064	523	1611	871	692	1592	1483	129	1612
"NH"	2002	"Merrimack"	"Concord Ward 5"	2	1052	619	1706	1062	629	1720	841	845	1717	1507	236	1743
"NH"	2002	"Merrimack"	"Concord Ward 6"	2	586	449	1082	639	403	1090	542	503	1087	1106	80	1186
"NH"	2002	"Merrimack"	"Concord Ward 7"	2	1047	733	1834	1127	684	1846	883	922	1839	1673	159	1832
"NH"	2002	"Merrimack"	"Concord Ward 8"	2	645	623	1306	726	528	1281	638	651	1314	1232	99	1331
"NH"	2002	"Merrimack"	"Concord Ward 9"	2	549	518	1116	624	469	1132	521	582	1129	1077	73	1150
"NH"	2002	"Merrimack"	"Danbury"	2	113	244	388	153	218	392	114	259	391	374	24	398
"NH"	2002	"Merrimack"	"Dunbarton"	2	385	711	1129	505	614	1133	361	758	1132	982	55	1037
"NH"	2002	"Merrimack"	"Epsom"	2	589	1001	1641	756	860	1654	561	1038	1638	1440	110	1550
"NH"	2002	"Merrimack"	"Franklin Ward 1"	2	288	538	852	427	401	857	337	505	858	821	49	870
"NH"	2002	"Merrimack"	"Franklin Ward 2"	2	252	419	699	333	351	703	277	406	694	672	37	709
"NH"	2002	"Merrimack"	"Franklin Ward 3"	2	316	540	870	463	391	875	370	484	873	849	39	888
"NH"	2002	"Merrimack"	"Henniker"	2	902	826	1774	936	791	1780	731	995	1774	1795	113	1908
"NH"	2002	"Merrimack"	"Hill"	2	127	226	365	153	204	369	134	220	361	355	9	364
"NH"	2002	"Merrimack"	"Hooksett"	1	1252	2936	4306	1636	2622	4366	1342	2811	4303	4222	168	4390
"NH"	2002	"Merrimack"	"Hopkinton"	2	1510	1287	2868	1598	1245	2896	1130	1692	2880	2700	217	2917
"NH"	2002	"Merrimack"	"Loudon"	2	669	1102	1813	824	951	1828	591	1185	1814	1778	62	1840
"NH"	2002	"Merrimack"	"New London"	2	355	525	911	400	501	922	640	1473	2138	1869	298	2167
"NH"	2002	"Merrimack"	"Newbury"	2	936	1165	2141	808	1314	2151	323	567	914	830	99	929
"NH"	2002	"Merrimack"	"Northfield"	2	451	859	1360	624	692	1354	469	838	1348	1307	61	1368
"NH"	2002	"Merrimack"	"Pembroke"	2	1082	1373	2529	1215	1245	2534	945	1531	2524	2444	114	2558
"NH"	2002	"Merrimack"	"Pittsfield"	2	536	774	1353	572	717	1344	469	852	1354	1285	42	1327
"NH"	2002	"Merrimack"	"Salisbury"	2	202	289	512	238	258	518	181	321	515	497	24	521
"NH"	2002	"Merrimack"	"Sutton"	2	375	413	821	417	390	833	333	469	827	784	54	838
"NH"	2002	"Merrimack"	"Warner"	2	568	577	1188	627	528	1197	467	684	1193	1115	88	1203
"NH"	2002	"Merrimack"	"Webster"	2	307	363	695	365	324	702	262	425	701	684	24	708
"NH"	2002	"Merrimack"	"Wilmot"	2	295	249	569	296	256	573	226	328	572	536	39	575
"NH"	2002	"Rockingham"	"Atkinson"	2	840	1898	2825	1112	1651	2850	0	0	0	2721	142	2863
"NH"	2002	"Rockingham"	"Auburn"	1	523	1412	1998	715	1247	2011	561	1360	1986	1968	54	2022
"NH"	2002	"Rockingham"	"Brentwood"	1	465	762	1273	528	718	1275	474	750	1269	1226	67	1293
"NH"	2002	"Rockingham"	"Candia"	1	527	1284	1865	677	1174	1885	570	1232	1862	1811	78	1889
"NH"	2002	"Rockingham"	"Chester"	1	403	1141	1596	509	1063	1608	451	1096	1602	1540	72	1612
"NH"	2002	"Rockingham"	"Danville"	1	428	872	1353	520	777	1360	448	829	1348	1347	32	1379
"NH"	2002	"Rockingham"	"Deerfield"	1	595	1035	1706	705	951	1711	601	1030	1703	1652	74	1726
"NH"	2002	"Rockingham"	"Derry"	1	2897	5272	8384	3580	4670	8451	2966	5101	8336	8137	381	8518
"NH"	2002	"Rockingham"	"East Kingston"	1	239	519	779	310	453	784	259	485	774	739	44	783
"NH"	2002	"Rockingham"	"Epping"	1	657	1203	1941	861	1029	1956	713	1138	1941	1809	167	1976
"NH"	2002	"Rockingham"	"Exeter"	1	2549	2871	5582	2896	2616	5645	2645	2805	5580	5191	496	5687
"NH"	2002	"Rockingham"	"Fremont"	1	325	773	1145	415	693	1157	324	761	1133	1132	43	1175
"NH"	2002	"Rockingham"	"Greenland"	1	564	869	1478	620	827	1497	604	835	1493	1513	64	1577
"NH"	2002	"Rockingham"	"Hampstead"	1	929	2164	3182	1197	1941	3211	951	2112	3174	3073	161	3234
"NH"	2002	"Rockingham"	"Hampton"	1	2443	3843	6461	2873	3456	6543	2614	3647	6477	5938	668	6606
"NH"	2002	"Rockingham"	"Hampton Falls"	1	276	704	1001	298	690	1009	289	692	1005	942	75	1017
"NH"	2002	"Rockingham"	"Kensington"	1	362	502	892	417	459	902	366	491	892	856	51	907
"NH"	2002	"Rockingham"	"Kingston"	1	711	1305	2098	864	1166	2121	742	1253	2092	2032	108	2140
"NH"	2002	"Rockingham"	"Londonderry"	1	2347	5110	7680	3059	4518	7741	2535	4893	7664	7357	410	7767
"NH"	2002	"Rockingham"	"New Castle"	1	256	409	680	240	412	677	267	386	671	588	99	687
"NH"	2002	"Rockingham"	"Newfields"	1	276	428	725	332	383	736	270	428	725	710	31	741
"NH"	2002	"Rockingham"	"Newington"	1	150	281	441	120	305	445	149	281	441	404	44	448
"NH"	2002	"Rockingham"	"Newmarket"	1	1474	1503	3114	1729	1309	3133	1542	1450	3099	3158	141	3299
"NH"	2002	"Rockingham"	"Newton"	1	545	768	1364	623	688	1376	539	739	1365	1335	57	1392
"NH"	2002	"Rockingham"	"North Hampton"	1	750	1305	2115	873	1193	2123	832	1231	2116	1935	214	2149
"NH"	2002	"Rockingham"	"Northwood"	1	511	804	1368	640	682	1367	535	755	1361	1326	54	1380
"NH"	2002	"Rockingham"	"Nottingham"	1	637	983	1660	784	836	1673	650	923	1642	1577	95	1672
"NH"	2002	"Rockingham"	"Plaistow"	1	793	1587	2436	942	1403	2421	805	1515	2426	2350	93	2443
"NH"	2002	"Rockingham"	"Portsmouth Ward 1"	1	728	603	1397	802	534	1395	773	552	1392	1328	86	1414
"NH"	2002	"Rockingham"	"Portsmouth Ward 2"	1	1244	701	2015	1314	636	2020	1303	649	2011	1849	189	2038
"NH"	2002	"Rockingham"	"Portsmouth Ward 3"	1	484	488	999	511	449	996	534	429	990	932	92	1024
"NH"	2002	"Rockingham"	"Portsmouth Ward 4"	1	981	1151	2185	1063	1056	2197	1018	1101	2186	2070	152	2222
"NH"	2002	"Rockingham"	"Portsmouth Ward 5"	1	1125	758	1934	1198	681	1938	1172	707	1931	1744	219	1963
"NH"	2002	"Rockingham"	"Raymond"	1	863	1746	2744	1093	1541	2765	905	1670	2733	2693	88	2781
"NH"	2002	"Rockingham"	"Rye"	1	1005	1817	2883	1055	1716	2883	440	531	996	2509	413	2922
"NH"	2002	"Rockingham"	"Salem"	2	2846	5814	8857	3853	4846	8984	3656	4977	8863	8727	360	9087
"NH"	2002	"Rockingham"	"Sandown"	1	499	1090	1652	657	971	1676	509	1058	1644	1685	53	1738
"NH"	2002	"Rockingham"	"Seabrook"	1	733	1510	2333	881	1353	2358	895	1356	2347	2267	181	2448
"NH"	2002	"Rockingham"	"South Hampton"	1	146	228	386	169	201	388	151	211	381	387	15	402
"NH"	2002	"Rockingham"	"Stratham"	1	1056	1871	3008	1323	1649	3038	1135	1795	3009	2858	198	3056
"NH"	2002	"Rockingham"	"Windham"	2	1160	3158	4429	1610	2767	4471	1389	2927	4420	4239	248	4487
"NH"	2002	"Strafford"	"Barrington"	1	1084	1623	2845	1422	1351	2871	613	834	1510	2793	94	2887
"NH"	2002	"Strafford"	"Dover Ward 1"	1	711	636	1414	841	552	1438	761	599	1423	1371	91	1462
"NH"	2002	"Strafford"	"Dover Ward 2"	1	734	652	1465	905	532	1483	810	587	1462	1400	98	1498
"NH"	2002	"Strafford"	"Dover Ward 3"	1	810	1181	2045	1001	1023	2062	881	1093	2042	1921	204	2125
"NH"	2002	"Strafford"	"Dover Ward 4"	1	788	1002	1860	990	840	1881	883	914	1861	1785	112	1897
"NH"	2002	"Strafford"	"Dover Ward 5"	1	549	722	1306	697	593	1325	629	645	1311	1333	81	1414
"NH"	2002	"Strafford"	"Dover Ward 6"	1	639	974	1679	834	822	1692	735	886	1676	1621	85	1706
"NH"	2002	"Strafford"	"Durham"	1	2277	1384	3786	2560	1227	3848	2364	1341	3786	3607	273	3880
"NH"	2002	"Strafford"	"Farmington"	1	502	1111	1708	763	862	1723	628	979	1716	1670	88	1758
"NH"	2002	"Strafford"	"Lee"	1	924	793	1783	1043	714	1794	942	783	1782	1698	111	1809
"NH"	2002	"Strafford"	"Madbury"	1	371	357	755	424	334	773	354	380	758	725	51	776
"NH"	2002	"Strafford"	"Middleton"	1	145	288	450	210	215	452	178	240	445	437	16	453
"NH"	2002	"Strafford"	"Milton"	1	437	812	1296	617	641	1313	493	733	1294	1254	68	1322
"NH"	2002	"Strafford"	"New Durham"	1	268	604	909	362	508	914	285	589	915	851	69	920
"NH"	2002	"Strafford"	"Rochester Ward 1"	1	517	1055	1624	783	802	1642	1125	1677	2877	1650	81	1731
"NH"	2002	"Strafford"	"Rochester Ward 2"	1	505	1077	1627	746	851	1643	664	888	1627	1547	118	1665
"NH"	2002	"Strafford"	"Rochester Ward 3"	1	482	1015	1550	717	801	1564	607	955	1619	1466	101	1567
"NH"	2002	"Strafford"	"Rochester Ward 4"	1	458	943	1439	741	681	1459	691	891	1640	1396	84	1480
"NH"	2002	"Strafford"	"Rochester Ward 5"	1	467	958	1469	723	713	1484	597	788	1439	1504	88	1592
"NH"	2002	"Strafford"	"Rochester Ward 6"	1	437	798	1281	620	622	1293	592	817	1465	1310	79	1389
"NH"	2002	"Strafford"	"Rollinsford"	1	406	557	998	520	456	1009	544	696	1285	1003	51	1054
"NH"	2002	"Strafford"	"Somersworth Ward 1"	1	307	499	839	433	402	857	373	437	844	858	39	897
"NH"	2002	"Strafford"	"Somersworth Ward 2"	1	244	355	630	329	288	637	297	304	625	604	38	642
"NH"	2002	"Strafford"	"Somersworth Ward 3"	1	277	407	700	370	320	708	321	356	697	685	29	714
"NH"	2002	"Strafford"	"Somersworth Ward 4"	1	313	428	768	436	325	782	368	381	778	749	44	793
"NH"	2002	"Strafford"	"Somersworth Ward 5"	1	216	269	502	294	195	504	271	211	500	505	7	512
"NH"	2002	"Strafford"	"Strafford__"	1	593	852	1495	728	748	1525	611	841	1509	1475	53	1528
"NH"	2002	"Sullivan"	"Acworth"	2	205	163	385	196	173	385	164	204	383	373	14	387
"NH"	2002	"Sullivan"	"Charlestown"	2	690	681	1410	717	643	1429	618	740	1392	1392	45	1437
"NH"	2002	"Sullivan"	"Claremont Ward 1"	2	549	563	1132	569	529	1145	558	553	1132	1010	75	1085
"NH"	2002	"Sullivan"	"Claremont Ward 2"	2	738	776	1549	772	754	1573	716	808	1547	1514	82	1596
"NH"	2002	"Sullivan"	"Claremont Ward 3"	2	556	639	1235	608	585	1245	583	632	1239	1203	61	1264
"NH"	2002	"Sullivan"	"Cornish"	2	373	345	734	395	338	751	356	372	744	748	54	802
"NH"	2002	"Sullivan"	"Croydon"	2	78	183	272	91	181	278	83	188	275	262	14	276
"NH"	2002	"Sullivan"	"Goshen"	2	121	155	292	141	142	296	124	171	300	279	24	303
"NH"	2002	"Sullivan"	"Grantham"	2	565	692	1283	578	691	1286	501	770	1288	1184	124	1308
"NH"	2002	"Sullivan"	"Langdon"	2	124	127	256	127	116	253	103	146	255	257	6	263
"NH"	2002	"Sullivan"	"Lempster"	2	124	188	323	147	165	325	116	202	326	315	17	332
"NH"	2002	"Sullivan"	"Newport"	2	683	1095	1822	824	954	1837	684	1101	1828	1750	118	1868
"NH"	2002	"Sullivan"	"Plainfield"	2	546	414	991	577	391	992	515	449	987	940	53	993
"NH"	2002	"Sullivan"	"Springfield"	2	173	269	460	187	261	460	166	277	457	429	35	464
"NH"	2002	"Sullivan"	"Sunapee"	2	555	956	1559	543	973	1566	477	1052	1561	1396	180	1576
"NH"	2002	"Sullivan"	"Unity"	2	168	239	428	190	224	431	178	236	427	425	9	434
"NH"	2002	"Sullivan"	"Washington"	2	126	252	396	165	217	399	138	250	399	370	31	401
