state	year	county	precinct	cd	g2000_USP_dv	g2000_USP_rv	g2000_USP_tv	g2000_GOV_dv	g2000_GOV_rv	g2000_GOV_tv	g2000_USH_dv	g2000_USH_rv	g2000_USH_tv	g2000_BALL_rtv	g2000_BALL_atv	g2000_BALL_tv
"NH"	2000	"Belknap"	"Alton"	1	719	1517	2360	767	1412	2375	745	1554	2351	2143	266	2409
"NH"	2000	"Belknap"	"Barnstead"	1	768	945	1810	846	772	1810	1677	1712	3465	1689	168	1857
"NH"	2000	"Belknap"	"Belmont"	1	1082	1424	2607	1295	1149	2620	1054	1521	2616	2497	173	2670
"NH"	2000	"Belknap"	"Center Harbor"	1	252	341	614	231	315	597	233	346	590	537	81	618
"NH"	2000	"Belknap"	"Gilford"	1	1514	2248	3918	1740	1959	3934	1451	2404	3899	3524	452	3976
"NH"	2000	"Belknap"	"Gilmanton"	1	612	868	1560	738	699	1573	648	881	1561	1475	108	1583
"NH"	2000	"Belknap"	"Laconia Ward 1"	1	544	887	1486	634	799	1504	520	964	1499	1300	228	1528
"NH"	2000	"Belknap"	"Laconia Ward 2"	1	496	631	1160	548	547	1166	431	714	1174	1058	126	1184
"NH"	2000	"Belknap"	"Laconia Ward 3"	1	487	564	1085	558	475	1094	451	625	1090	1001	109	1110
"NH"	2000	"Belknap"	"Laconia Ward 4"	1	538	604	1205	562	567	1218	488	682	1211	1243	101	1344
"NH"	2000	"Belknap"	"Laconia Ward 5"	1	444	464	939	475	410	942	402	512	935	891	62	953
"NH"	2000	"Belknap"	"Laconia Ward 6"	1	506	664	1220	564	583	1224	464	719	1206	1060	162	1222
"NH"	2000	"Belknap"	"Meredith"	1	1173	1672	2983	1221	1549	2975	1083	1836	2957	2740	342	3082
"NH"	2000	"Belknap"	"New Hampton"	1	390	551	992	428	496	985	370	592	990	935	85	1020
"NH"	2000	"Belknap"	"Sanbornton"	2	598	727	1417	683	632	1412	510	831	1375	1311	135	1446
"NH"	2000	"Belknap"	"Tilton"	2	596	692	1365	704	616	1417	507	806	1372	1308	137	1445
"NH"	2000	"Carroll"	"Albany"	1	150	143	321	174	114	315	141	161	311	295	31	326
"NH"	2000	"Carroll"	"Bartlett"	1	821	754	1676	865	716	1660	697	921	1644	1449	242	1691
"NH"	2000	"Carroll"	"Brookfield"	1	133	209	362	150	178	354	133	219	357	332	33	365
"NH"	2000	"Carroll"	"Chatham"	1	48	89	149	67	77	148	49	94	144	136	14	150
"NH"	2000	"Carroll"	"Conway"	1	2116	1872	4251	2249	1726	4242	1742	2377	4205	4325	588	4913
"NH"	2000	"Carroll"	"Eaton"	1	114	108	243	130	100	243	106	130	241	218	32	250
"NH"	2000	"Carroll"	"Effingham"	1	252	297	601	266	277	602	222	352	593	582	37	619
"NH"	2000	"Carroll"	"Freedom"	1	346	437	830	327	433	818	313	482	805	717	112	829
"NH"	2000	"Carroll"	"Hale's Location"	1	8	41	53	6	43	52	6	44	50	41	23	64
"NH"	2000	"Carroll"	"Hart's Location"	1	13	17	30	12	18	30	11	19	30	22	9	31
"NH"	2000	"Carroll"	"Jackson"	1	292	261	585	285	264	582	269	308	584	469	132	601
"NH"	2000	"Carroll"	"Madison"	1	534	474	1063	547	434	1066	451	582	1054	968	113	1081
"NH"	2000	"Carroll"	"Moultonborough"	1	821	1730	2698	640	1783	2651	740	1859	2637	2318	396	2714
"NH"	2000	"Carroll"	"Ossipee"	1	707	965	1794	793	832	1710	675	1018	1734	1640	194	1834
"NH"	2000	"Carroll"	"Sandwich"	1	417	373	841	390	373	838	396	416	831	761	90	851
"NH"	2000	"Carroll"	"Tamworth"	1	617	641	1334	657	587	1340	562	717	1310	1224	128	1352
"NH"	2000	"Carroll"	"Tuftonboro"	1	425	880	1373	441	815	1353	440	887	1345	1382	217	1599
"NH"	2000	"Carroll"	"Wakefield"	1	755	1149	1981	890	986	1981	707	1202	1951	1754	261	2015
"NH"	2000	"Carroll"	"Wolfeboro"	1	1283	2157	3617	1474	1935	3617	1241	2304	3600	3174	501	3675
"NH"	2000	"Cheshire"	"Alstead"	2	520	354	949	524	321	939	448	451	923	878	84	962
"NH"	2000	"Cheshire"	"Chesterfield"	2	883	801	1794	937	724	1780	696	995	1738	1695	126	1821
"NH"	2000	"Cheshire"	"Dublin"	2	461	412	919	435	412	917	353	524	903	816	107	923
"NH"	2000	"Cheshire"	"Fitzwilliam"	2	473	508	1037	454	478	1040	385	597	1020	987	95	1082
"NH"	2000	"Cheshire"	"Gilsum"	2	151	184	355	162	161	353	117	203	335	338	21	359
"NH"	2000	"Cheshire"	"Harrisville"	2	351	189	577	365	160	572	301	244	561	543	51	594
"NH"	2000	"Cheshire"	"Hinsdale"	2	794	497	1391	844	448	1357	620	681	1339	1343	56	1399
"NH"	2000	"Cheshire"	"Jaffrey"	2	1156	1082	2357	1149	994	2351	928	1312	2312	2206	187	2393
"NH"	2000	"Cheshire"	"Keene Ward 1"	2	1061	494	1700	1036	486	1683	874	701	1635	1699	85	1784
"NH"	2000	"Cheshire"	"Keene Ward 2"	2	1219	644	2042	1245	589	2030	1029	859	1981	1938	123	2061
"NH"	2000	"Cheshire"	"Keene Ward 3"	2	1149	781	2037	1166	712	2033	931	998	2003	1906	161	2067
"NH"	2000	"Cheshire"	"Keene Ward 4"	2	1152	845	2097	1198	756	2100	922	1077	2063	1984	148	2132
"NH"	2000	"Cheshire"	"Keene Ward 5"	2	1275	940	2331	1371	770	2316	1031	1193	2289	2162	213	2375
"NH"	2000	"Cheshire"	"Marlborough"	2	562	355	974	623	288	997	465	504	996	953	69	1022
"NH"	2000	"Cheshire"	"Marlow"	2	206	162	393	203	145	391	186	182	385	368	28	396
"NH"	2000	"Cheshire"	"Nelson"	2	192	140	362	204	118	355	176	166	350	339	26	365
"NH"	2000	"Cheshire"	"Richmond"	2	221	217	533	227	256	518	184	265	503	499	38	537
"NH"	2000	"Cheshire"	"Rindge"	2	967	1164	2309	935	1143	2256	755	1329	2176	2135	145	2280
"NH"	2000	"Cheshire"	"Roxbury"	2	58	52	118	71	38	115	59	56	119	114	8	122
"NH"	2000	"Cheshire"	"Stoddard"	2	241	242	518	184	171	413	150	228	398	463	59	522
"NH"	2000	"Cheshire"	"Sullivan"	2	152	142	324	169	113	320	133	177	321	306	23	329
"NH"	2000	"Cheshire"	"Surry"	2	190	178	382	192	161	379	137	226	376	360	29	389
"NH"	2000	"Cheshire"	"Swanzey"	2	1404	1255	2785	1471	1125	2799	1090	1588	2748	2664	192	2856
"NH"	2000	"Cheshire"	"Troy"	2	463	373	883	454	335	884	378	464	885	867	32	899
"NH"	2000	"Cheshire"	"Walpole"	2	935	773	1843	957	725	1834	798	960	1810	1717	120	1837
"NH"	2000	"Cheshire"	"Westmoreland"	2	424	395	870	458	335	863	362	465	854	817	68	885
"NH"	2000	"Cheshire"	"Winchester"	2	722	614	1428	700	590	1416	576	749	1394	1363	97	1460
"NH"	2000	"Coos"	"Atk. & Gilmanton Academy Gt"	2			0			0	1443	2824	4404	0	0	0
"NH"	2000	"Coos"	"Bean's Grant"	2			0			0	0	0	0	0	0	0
"NH"	2000	"Coos"	"Bean's Purchase"	2			0			0	0	0	0	0	0	0
"NH"	2000	"Coos"	"Berlin Ward 1"	2	620	359	1015	622	315	1037	479	519	1028	995	67	1062
"NH"	2000	"Coos"	"Berlin Ward 2"	2	633	386	1070	613	366	1073	486	548	1057	1005	107	1112
"NH"	2000	"Coos"	"Berlin Ward 3"	2	692	551	1277	682	499	1304	564	689	1271	1199	124	1323
"NH"	2000	"Coos"	"Berlin Ward 4"	2	559	329	913	545	330	950	459	436	913	913	59	972
"NH"	2000	"Coos"	"Cambridge"	2		1	1		1	1	0	1	1	1	0	1
"NH"	2000	"Coos"	"Carroll"	2	151	244	416	167	222	417	131	273	414	367	48	415
"NH"	2000	"Coos"	"Chandler's Purchase"	2			0			0	0	0	0	0	0	0
"NH"	2000	"Coos"	"Clarksville"	2	32	82	126	42	74	126	29	84	120	118	10	128
"NH"	2000	"Coos"	"Colebrook"	2	265	529	850	338	429	844	188	603	816	799	65	864
"NH"	2000	"Coos"	"Columbia"	2	89	169	272	105	146	263	76	178	262	245	30	275
"NH"	2000	"Coos"	"Crawford's Purchase"	2			0			0	0	0	0	0	0	0
"NH"	2000	"Coos"	"Cutt's Grant"	2			0			0	0	0	0	0	0	0
"NH"	2000	"Coos"	"Dalton"	2	147	236	398	153	225	397	113	266	392	369	35	404
"NH"	2000	"Coos"	"Dix's Grant"	2			0			0	0	0	0	0	0	0
"NH"	2000	"Coos"	"Dixville"	2	5	21	27	6	21	27	2	25	27	17	10	27
"NH"	2000	"Coos"	"Dummer"	2	58	114	173	62	95	169	45	118	163	164	16	180
"NH"	2000	"Coos"	"Errol"	2	42	117	160	34	115	159	27	125	155	147	16	163
"NH"	2000	"Coos"	"Erving's Location"	2			0			0	0	0	0	0	0	0
"NH"	2000	"Coos"	"Gorham"	2	765	600	1447	840	527	1463	637	743	1409	1381	112	1493
"NH"	2000	"Coos"	"Green's Grant"	2	2	1	3			0	312	375	739	1	2	3
"NH"	2000	"Coos"	"Hadley's Purchase"	2			0			0	0	0	0	0	0	0
"NH"	2000	"Coos"	"Jefferson"	2	153	342	534	176	308	517	134	383	532	478	56	534
"NH"	2000	"Coos"	"Kilkenny"	2			0			0	0	0	0	0	0	0
"NH"	2000	"Coos"	"Lancaster"	2	573	888	1540	695	757	1534	462	1009	1513	1408	149	1557
"NH"	2000	"Coos"	"Low & Burbank's Gt."	2			0			0	0	0	0	0	0	0
"NH"	2000	"Coos"	"Martin's Location"	2			0			0	0	0	0	0	0	0
"NH"	2000	"Coos"	"Milan"	2	271	334	624	304	289	632	211	396	619	580	60	640
"NH"	2000	"Coos"	"Millsfield"	2	1	8	10	1	9	10	0	10	10	6	4	10
"NH"	2000	"Coos"	"Northumberland"	2	459	434	952	456	430	947	409	524	954	895	70	965
"NH"	2000	"Coos"	"Odell"	2			0			0	0	0	0	0	0	0
"NH"	2000	"Coos"	"Pinkham's Grant"	2	3		6	4		6	5	0	6	4	2	6
"NH"	2000	"Coos"	"Pittsburg"	2	112	338	460	125	217	360	73	358	437	417	50	467
"NH"	2000	"Coos"	"Randolph"	2	125	108	251	133	98	247	107	131	245	193	59	252
"NH"	2000	"Coos"	"Sargent's Purchase"	2			0			0	0	0	0	0	0	0
"NH"	2000	"Coos"	"Second College Gt."	2			0			0	0	0	0	0	0	0
"NH"	2000	"Coos"	"Shelburne"	2	94	116	223	108	100	220	61	147	214	194	31	225
"NH"	2000	"Coos"	"Stark"	2	103	147	255	106	126	248	72	164	241	238	19	257
"NH"	2000	"Coos"	"Stewartstown"	2	107	194	315	127	163	312	82	202	301	289	35	324
"NH"	2000	"Coos"	"Stratford"	2	122	124	259	126	117	263	102	148	253	267	15	282
"NH"	2000	"Coos"	"Success"	2			0			0	0	0	0	0	0	0
"NH"	2000	"Coos"	"Thompson & Mes's Pur."	2			0			0	0	0	0	0	0	0
"NH"	2000	"Coos"	"Wentworth's Loc."	2	7	9	17	8	7	17	6	11	17	15	3	18
"NH"	2000	"Coos"	"Whitefield"	2	380	548	981	433	484	990	309	625	969	979	128	1107
"NH"	2000	"Grafton"	"Alexandria"	2	237	355	625	266	317	626	188	404	617	567	66	633
"NH"	2000	"Grafton"	"Ashland"	2	342	480	879	370	439	880	283	543	855	829	65	894
"NH"	2000	"Grafton"	"Bath"	2	149	257	429	140	239	401	112	293	421	403	37	440
"NH"	2000	"Grafton"	"Benton"	2	46	70	117	39	72	116	30	80	112	117	6	123
"NH"	2000	"Grafton"	"Bethlehem"	2	500	502	1105	549	438	1086	418	610	1065	1026	95	1121
"NH"	2000	"Grafton"	"Bridgewater"	2	207	334	562	197	318	548	165	371	547	507	58	565
"NH"	2000	"Grafton"	"Bristol"	2	521	762	1357	574	671	1337	424	857	1315	1217	149	1366
"NH"	2000	"Grafton"	"Campton"	2	574	585	1241	619	515	1238	444	710	1210	1161	95	1256
"NH"	2000	"Grafton"	"Canaan"	2	664	637	1400	633	637	1398	585	746	1367	1317	129	1446
"NH"	2000	"Grafton"	"Dorchester"	2	46	109	161	39	110	162	27	124	160	163	14	177
"NH"	2000	"Grafton"	"Easton"	2	75	77	165	64	92	160	48	100	155	142	24	166
"NH"	2000	"Grafton"	"Ellsworth"	2	20	28	53	19	30	53	15	35	53	52	1	53
"NH"	2000	"Grafton"	"Enfield"	2	995	897	1974	941	899	1977	803	1064	1938	1847	167	2014
"NH"	2000	"Grafton"	"Franconia"	2	280	305	629	283	268	601	213	367	597	531	101	632
"NH"	2000	"Grafton"	"Grafton"	2	224	285	541	183	255	539	167	321	520	509	36	545
"NH"	2000	"Grafton"	"Groton"	2	64	158	229	65	132	221	38	162	211	217	8	225
"NH"	2000	"Grafton"	"Hanover"	2	3391	1541	5213	3148	1547	4974	3061	1738	4911	4541	744	5285
"NH"	2000	"Grafton"	"Haverhill"	2	550	1051	1700	628	1024	1753	419	1199	1690	1628	148	1776
"NH"	2000	"Grafton"	"Hebron"	2	112	223	349	90	229	349	78	259	345	304	49	353
"NH"	2000	"Grafton"	"Holderness"	2	502	582	1151	541	518	1131	400	666	1094	1050	119	1169
"NH"	2000	"Grafton"	"Landaff"	2	53	121	183	60	111	179	42	132	176	175	13	188
"NH"	2000	"Grafton"	"Lebanon Ward 1"	2	1058	785	1933	1074	726	1922	948	896	1879	1772	192	1964
"NH"	2000	"Grafton"	"Lebanon Ward 2"	2	1071	705	1863	967	731	1848	912	846	1812	1727	167	1894
"NH"	2000	"Grafton"	"Lebanon Ward 3"	2	915	736	1724	895	724	1725	793	883	1710	1600	154	1754
"NH"	2000	"Grafton"	"Lincoln"	2	319	364	743	309	359	731	229	468	720	641	110	751
"NH"	2000	"Grafton"	"Lisbon"	2	234	333	605	262	300	592	191	377	583	573	34	607
"NH"	2000	"Grafton"	"Littleton"	2	989	1418	2516	1150	1254	2524	762	1683	2491	2365	210	2575
"NH"	2000	"Grafton"	"Livermore"	2	0	0	0	0	0	0	0	0	0	0	0	0
"NH"	2000	"Grafton"	"Lyman"	2	83	145	241	103	134	249	67	170	243	233	20	253
"NH"	2000	"Grafton"	"Lyme"	2	618	370	1035	608	362	1027	642	371	1022	918	127	1045
"NH"	2000	"Grafton"	"Monroe"	2	141	277	443	125	306	451	87	339	436	407	54	461
"NH"	2000	"Grafton"	"Orange"	2	72	70	146	63	65	142	63	74	141	139	8	147
"NH"	2000	"Grafton"	"Orford"	2	260	306	589	271	288	559	221	342	574	540	60	600
"NH"	2000	"Grafton"	"Piermont"	2	158	213	397	172	199	394	130	245	389	364	36	400
"NH"	2000	"Grafton"	"Plymouth"	2	1407	939	2589	1439	812	2497	1103	1195	2413	2495	120	2615
"NH"	2000	"Grafton"	"Rumney"	2	278	497	812	276	482	812	220	521	760	745	78	823
"NH"	2000	"Grafton"	"Sugar Hill"	2	171	189	381	190	167	380	143	211	368	334	49	383
"NH"	2000	"Grafton"	"Thornton"	2	431	475	987	451	429	967	292	617	948	908	83	991
"NH"	2000	"Grafton"	"Warren"	2	118	262	414	138	250	414	86	296	401	384	38	422
"NH"	2000	"Grafton"	"Waterville Valley"	2	79	95	191	70	93	180	69	106	177	134	48	182
"NH"	2000	"Grafton"	"Wentworth"	2	116	258	391	131	231	391	79	278	375	358	36	394
"NH"	2000	"Grafton"	"Woodstock"	2	256	296	589	283	257	596	197	360	578	540	60	600
"NH"	2000	"Hillsborough"	"Amherst"	2	2615	3219	6075	2777	2889	6050	2219	3547	5926	5515	568	6083
"NH"	2000	"Hillsborough"	"Antrim"	2	495	532	1104	538	468	1131	402	666	1111	1087	68	1155
"NH"	2000	"Hillsborough"	"Bedford"	1	3624	6381	10261	3829	5985	10193	3425	6620	10192	9105	1260	10365
"NH"	2000	"Hillsborough"	"Bennington"	2	281	300	626	299	264	622	220	361	609	582	51	633
"NH"	2000	"Hillsborough"	"Brookline"	2	903	1083	2092	958	908	2058	721	1205	1994	1974	122	2096
"NH"	2000	"Hillsborough"	"Deering"	2	343	423	816	374	374	816	268	486	791	772	54	826
"NH"	2000	"Hillsborough"	"Francestown"	2	396	415	869	399	392	857	343	486	853	808	71	879
"NH"	2000	"Hillsborough"	"Goffstown"	1	3186	4069	7559	3347	3742	7565	3128	4241	7494	7124	532	7656
"NH"	2000	"Hillsborough"	"Greenfield"	2	327	302	686	332	333	716	255	376	663	652	25	677
"NH"	2000	"Hillsborough"	"Greenville"	2	380	325	757	343	285	747	0	2	2	728	40	768
"NH"	2000	"Hillsborough"	"Hancock"	2	544	482	1076	535	408	1057	444	583	1051	988	95	1083
"NH"	2000	"Hillsborough"	"Hillsborough"	2	865	979	1956	947	828	1941	695	1112	1865	1973	117	2090
"NH"	2000	"Hillsborough"	"Hollis"	2	1739	2050	3998	1761	1824	3938	1467	2307	3897	3691	335	4026
"NH"	2000	"Hillsborough"	"Hudson"	2	4573	4527	9489	4604	4245	9513	3665	5193	9212	9175	455	9630
"NH"	2000	"Hillsborough"	"Litchfield"	2	1480	1742	3374	1569	1562	3363	1130	2027	3265	3262	146	3408
"NH"	2000	"Hillsborough"	"Lyndeborough"	2	351	367	781	339	361	779	285	454	769	732	60	792
"NH"	2000	"Hillsborough"	"Manchester Ward 1"	1	2119	2195	4448	2193	2053	4443	1918	2447	4439	4099	434	4533
"NH"	2000	"Hillsborough"	"Manchester Ward 10"	1	1722	1658	3510	1659	1634	3519	1527	1892	3481	3351	228	3579
"NH"	2000	"Hillsborough"	"Manchester Ward 11"	1	1201	1156	2454	1149	1150	2473	1112	1291	2455	2407	119	2526
"NH"	2000	"Hillsborough"	"Manchester Ward 12"	1	1649	1893	3672	1570	1887	3692	1518	2076	3660	3450	311	3761
"NH"	2000	"Hillsborough"	"Manchester Ward 2"	1	1898	1858	3916	1906	1776	3932	1782	2051	3899	3672	332	4004
"NH"	2000	"Hillsborough"	"Manchester Ward 3"	1	1424	1133	2703	1412	1156	2741	1330	1284	2697	2548	245	2793
"NH"	2000	"Hillsborough"	"Manchester Ward 4"	1	1353	1226	2702	1381	1162	2704	1291	1322	2675	2759	205	2964
"NH"	2000	"Hillsborough"	"Manchester Ward 5"	1	1227	931	2248	1162	939	2278	1141	1057	2243	2615	142	2757
"NH"	2000	"Hillsborough"	"Manchester Ward 6"	1	2247	2228	4620	2171	2217	4639	2068	2439	4570	4409	300	4709
"NH"	2000	"Hillsborough"	"Manchester Ward 7"	1	1529	1295	2934	1419	1329	2944	1372	1491	2916	2818	160	2978
"NH"	2000	"Hillsborough"	"Manchester Ward 8"	1	1940	2072	4150	1891	1987	4144	1788	2235	4100	3976	239	4215
"NH"	2000	"Hillsborough"	"Manchester Ward 9"	1	1682	1507	3297	1555	1579	3321	1463	1768	3280	3190	181	3371
"NH"	2000	"Hillsborough"	"Mason"	2	261	305	612	249	281	603	211	341	588	561	55	616
"NH"	2000	"Hillsborough"	"Merrimack"	1	5571	6239	12282	5687	5802	12216	5198	6636	12085	11669	724	12393
"NH"	2000	"Hillsborough"	"Milford"	2	2683	2989	5996	2805	2659	5957	2259	3391	5847	5731	333	6064
"NH"	2000	"Hillsborough"	"Mont Vernon"	2	476	572	1116	504	511	1109	418	628	1087	1027	97	1124
"NH"	2000	"Hillsborough"	"Nashua Ward 1"	2	2516	2173	4904	2498	2065	4892	2103	2520	4760	4585	399	4984
"NH"	2000	"Hillsborough"	"Nashua Ward 2"	2	2218	2000	4351	2248	1811	4333	1806	2306	4215	4224	296	4520
"NH"	2000	"Hillsborough"	"Nashua Ward 3"	2	1955	1451	3565	1983	1319	3551	1682	1709	3494	3376	245	3621
"NH"	2000	"Hillsborough"	"Nashua Ward 4"	2	1469	764	2346	1370	800	2336	1220	973	2289	2216	179	2395
"NH"	2000	"Hillsborough"	"Nashua Ward 5"	2	2192	1889	4232	2208	1748	4200	1803	2146	4078	3962	308	4270
"NH"	2000	"Hillsborough"	"Nashua Ward 6"	2	1955	1445	3549	1979	1324	3517	1695	1627	3432	3370	233	3603
"NH"	2000	"Hillsborough"	"Nashua Ward 7"	2	1873	1372	3366	1837	1296	3361	1480	1652	3257	3197	232	3429
"NH"	2000	"Hillsborough"	"Nashua Ward 8"	2	2023	1669	3831	1990	1547	3779	1640	1911	3674	3980	302	4282
"NH"	2000	"Hillsborough"	"Nashua Ward 9"	2	2197	2040	4410	2284	1838	4381	1729	2415	4259	4102	356	4458
"NH"	2000	"Hillsborough"	"New Boston"	2	873	1168	2197	925	1103	2179	733	1347	2155	2071	119	2190
"NH"	2000	"Hillsborough"	"New Ipswich"	2	581	1168	1849	615	1068	1853	495	1262	1815	1780	102	1882
"NH"	2000	"Hillsborough"	"Pelham"	2	2295	2641	5149	2307	2352	5093	1817	2853	4892	4954	284	5238
"NH"	2000	"Hillsborough"	"Peterborough"	2	1683	1375	3255	1730	1182	3201	1328	1806	3207	2903	393	3296
"NH"	2000	"Hillsborough"	"Sharon"	2	101	85	195	84	84	191	69	113	189	184	14	198
"NH"	2000	"Hillsborough"	"Temple"	2	299	305	659	302	274	648	247	366	637	617	46	663
"NH"	2000	"Hillsborough"	"Weare"	2	1398	1826	3425	1559	1538	3402	1110	2042	3330	3267	195	3462
"NH"	2000	"Hillsborough"	"Wilton"	2	881	784	1825	903	698	1816	757	934	1769	1730	116	1846
"NH"	2000	"Hillsborough"	"Windsor"	2	32	41	80	36	30	81	30	45	78	90	17	107
"NH"	2000	"Merrimack"	"Allenstown"	2	921	815	1818	975	684	1829	784	924	1775	1802	55	1857
"NH"	2000	"Merrimack"	"Andover"	2	536	505	1091	579	408	1088	471	561	1053	1036	75	1111
"NH"	2000	"Merrimack"	"Boscawen"	2	682	676	1432	777	501	1403	608	743	1407	1339	110	1449
"NH"	2000	"Merrimack"	"Bow"	2	1758	2079	3945	2017	1695	3976	1470	2361	3892	3743	279	4022
"NH"	2000	"Merrimack"	"Bradford"	2	365	387	814	406	217	710	325	436	795	741	85	826
"NH"	2000	"Merrimack"	"Canterbury"	2	616	474	1162	671	367	1166	556	550	1142	1114	83	1197
"NH"	2000	"Merrimack"	"Chichester"	2	549	592	1182	542	511	1183	421	679	1142	1120	70	1190
"NH"	2000	"Merrimack"	"Concord Ward 1"	2	931	710	1712	1021	562	1719	793	839	1676	1642	106	1748
"NH"	2000	"Merrimack"	"Concord Ward 10"	2	1386	1090	2569	1515	864	2577	1212	1291	2540	2381	238	2619
"NH"	2000	"Merrimack"	"Concord Ward 2"	2	893	690	1659	982	558	1670	767	818	1631	1595	83	1678
"NH"	2000	"Merrimack"	"Concord Ward 3"	2	801	543	1418	888	397	1430	732	634	1403	1360	90	1450
"NH"	2000	"Merrimack"	"Concord Ward 4"	2	1237	634	1985	1307	515	1994	1126	764	1956	2020	169	2189
"NH"	2000	"Merrimack"	"Concord Ward 5"	2	1179	785	2032	1280	596	2040	1054	922	2008	1771	317	2088
"NH"	2000	"Merrimack"	"Concord Ward 6"	2	879	512	1480	916	429	1493	774	631	1453	1406	109	1515
"NH"	2000	"Merrimack"	"Concord Ward 7"	2	1147	803	2025	1266	604	2037	1050	902	2014	1906	161	2067
"NH"	2000	"Merrimack"	"Concord Ward 8"	2	768	588	1447	879	455	1474	702	711	1457	1416	94	1510
"NH"	2000	"Merrimack"	"Concord Ward 9"	2	804	626	1496	852	538	1506	710	741	1483	1530	102	1632
"NH"	2000	"Merrimack"	"Danbury"	2	216	270	529	223	238	521	168	314	511	495	35	530
"NH"	2000	"Merrimack"	"Dunbarton"	2	552	682	1283	585	608	1279	423	797	1245	1215	76	1291
"NH"	2000	"Merrimack"	"Epsom"	1	867	1033	1972	951	860	1976	884	1038	1964	1847	158	2005
"NH"	2000	"Merrimack"	"Franklin Ward 1"	2	479	551	1080	552	446	1084	423	616	1063	1031	61	1092
"NH"	2000	"Merrimack"	"Franklin Ward 2"	2	377	414	828	435	335	827	330	447	814	841	54	895
"NH"	2000	"Merrimack"	"Franklin Ward 3"	2	524	519	1097	596	417	1093	427	600	1061	1045	62	1107
"NH"	2000	"Merrimack"	"Henniker"	2	1000	884	2023	1119	712	2016	866	1042	1982	1916	146	2062
"NH"	2000	"Merrimack"	"Hill"	2	197	242	452	198	224	451	133	283	432	426	31	457
"NH"	2000	"Merrimack"	"Hooksett"	1	2152	2973	5295	2342	2655	5296	2061	3104	5255	5061	270	5331
"NH"	2000	"Merrimack"	"Hopkinton"	2	1586	1457	3191	1809	1126	3197	1380	1725	3180	3016	273	3289
"NH"	2000	"Merrimack"	"Loudon"	2	903	1150	2125	1043	873	2151	761	1262	2086	2075	85	2160
"NH"	2000	"Merrimack"	"New London"	2	400	576	1021	412	524	1022	823	1666	2526	899	177	1076
"NH"	2000	"Merrimack"	"Newbury"	2	984	1474	2569	959	1333	2538	350	631	1004	2172	434	2606
"NH"	2000	"Merrimack"	"Northfield"	2	775	850	1719	906	685	1725	621	1005	1682	1751	105	1856
"NH"	2000	"Merrimack"	"Pembroke"	2	1480	1450	3073	1643	1164	3081	1223	1665	2984	2960	161	3121
"NH"	2000	"Merrimack"	"Pittsfield"	1	675	786	1539	756	630	1554	698	822	1546	1468	87	1555
"NH"	2000	"Merrimack"	"Salisbury"	2	273	312	619	277	263	605	239	343	598	595	29	624
"NH"	2000	"Merrimack"	"Sutton"	2	421	467	945	466	380	949	354	534	918	869	80	949
"NH"	2000	"Merrimack"	"Warner"	2	649	669	1414	680	563	1387	573	737	1363	1296	122	1418
"NH"	2000	"Merrimack"	"Webster"	2	362	465	866	448	296	818	313	460	800	782	42	824
"NH"	2000	"Merrimack"	"Wilmot"	2	298	295	634	298	246	628	279	335	628	586	56	642
"NH"	2000	"Rockingham"	"Atkinson"	2	1826	2616	4606	1831	2481	4571	0	0	0	3472	273	3745
"NH"	2000	"Rockingham"	"Auburn"	1	918	1375	2394	1006	1221	2393	926	1401	2370	2308	107	2415
"NH"	2000	"Rockingham"	"Brentwood"	1	639	784	1497	666	677	1495	657	792	1486	1393	118	1511
"NH"	2000	"Rockingham"	"Candia"	1	773	1324	2192	881	1178	2196	792	1337	2177	2105	115	2220
"NH"	2000	"Rockingham"	"Chester"	1	675	1068	1822	704	1016	1822	649	1095	1796	1762	88	1850
"NH"	2000	"Rockingham"	"Danville"	1	781	887	1735	788	789	1744	722	939	1717	1687	80	1767
"NH"	2000	"Rockingham"	"Deerfield"	1	802	1159	2095	884	936	1999	791	1121	1970	1907	118	2025
"NH"	2000	"Rockingham"	"Derry"	1	5530	6093	12135	6043	5230	12088	5436	6271	11950	11557	684	12241
"NH"	2000	"Rockingham"	"East Kingston"	1	385	530	965	413	493	960	389	552	957	908	71	979
"NH"	2000	"Rockingham"	"Epping"	1	1172	1220	2522	1229	1093	2517	1095	1340	2491	2354	202	2556
"NH"	2000	"Rockingham"	"Exeter"	1	3591	3169	7102	3764	2666	7056	3644	3247	7010	6470	744	7214
"NH"	2000	"Rockingham"	"Fremont"	1	622	903	1597	700	691	1524	604	861	1501	1561	78	1639
"NH"	2000	"Rockingham"	"Greenland"	1	877	876	1801	872	758	1794	855	918	1773	1834	110	1944
"NH"	2000	"Rockingham"	"Hampstead"	1	1746	2226	4168	1907	1925	4138	1735	2228	4066	3919	310	4229
"NH"	2000	"Rockingham"	"Hampton"	1	3956	3907	8233	3868	3596	8174	3876	4049	8104	7309	1021	8330
"NH"	2000	"Rockingham"	"Hampton Falls"	1	397	661	1129	348	660	1099	415	669	1114	1069	134	1203
"NH"	2000	"Rockingham"	"Kensington"	1	507	556	1129	527	493	1132	573	525	1126	1054	80	1134
"NH"	2000	"Rockingham"	"Kingston"	1	1251	1435	2826	1251	1352	2809	1183	1508	2782	2675	186	2861
"NH"	2000	"Rockingham"	"Londonderry"	1	4348	5463	10215	4484	5160	10169	4136	5649	10024	9610	675	10285
"NH"	2000	"Rockingham"	"New Castle"	1	337	387	769	285	365	723	350	376	734	654	115	769
"NH"	2000	"Rockingham"	"Newfields"	1	366	442	890	430	356	815	394	420	828	812	46	858
"NH"	2000	"Rockingham"	"Newington"	1	192	285	506	134	273	496	196	291	495	447	64	511
"NH"	2000	"Rockingham"	"Newmarket"	1	2202	1477	3965	2326	1219	3920	2216	1558	3880	3774	240	4014
"NH"	2000	"Rockingham"	"Newton"	1	988	862	1945	1034	734	1941	932	913	1906	1866	103	1969
"NH"	2000	"Rockingham"	"North Hampton"	1	1163	1342	2604	1127	1236	2569	1173	1357	2566	2329	303	2632
"NH"	2000	"Rockingham"	"Northwood"	1	710	817	1634	827	636	1635	710	845	1611	1536	124	1660
"NH"	2000	"Rockingham"	"Nottingham"	1	799	945	1862	893	779	1859	833	979	1854	1765	120	1885
"NH"	2000	"Rockingham"	"Plaistow"	1	1551	1738	3467	1619	1562	3458	1511	1806	3415	3336	180	3516
"NH"	2000	"Rockingham"	"Portsmouth Ward 1"	1	1143	639	1914	1110	586	1878	1167	663	1886	1805	131	1936
"NH"	2000	"Rockingham"	"Portsmouth Ward 2"	1	1797	685	2700	1803	650	2686	1842	762	2671	2514	244	2758
"NH"	2000	"Rockingham"	"Portsmouth Ward 3"	1	792	532	1394	712	494	1384	816	550	1397	1261	167	1428
"NH"	2000	"Rockingham"	"Portsmouth Ward 4"	1	1551	1193	2867	1449	1094	2823	1551	1214	2818	2645	244	2889
"NH"	2000	"Rockingham"	"Portsmouth Ward 5"	1	1579	847	2575	1525	766	2525	1595	870	2512	2276	365	2641
"NH"	2000	"Rockingham"	"Raymond"	1	1644	2020	3839	1687	1771	3790	1644	2044	3805	3715	184	3899
"NH"	2000	"Rockingham"	"Rye"	1	1578	1720	3433	1223	1689	3370	1639	1717	3399	2867	610	3477
"NH"	2000	"Rockingham"	"Salem"	2	5711	5713	11965	4308	6682	11367	4308	6682	11368	11498	630	12128
"NH"	2000	"Rockingham"	"Sandown"	1	990	1105	2209	1063	936	2193	977	1126	2166	2135	113	2248
"NH"	2000	"Rockingham"	"Seabrook"	1	1670	1677	3521	1266	1821	3512	1632	1720	3464	3329	259	3588
"NH"	2000	"Rockingham"	"South Hampton"	1	217	239	512	215	226	497	216	254	487	481	28	509
"NH"	2000	"Rockingham"	"Stratham"	1	1678	1808	3650	1779	1609	3618	1666	1876	3602	3369	311	3680
"NH"	2000	"Rockingham"	"Windham"	2	2174	3135	5532	2266	2938	5483	1575	3509	5257	5175	385	5560
"NH"	2000	"Strafford"	"Barrington"	1	1668	1627	3501	1869	1314	3490	786	984	1811	3374	177	3551
"NH"	2000	"Strafford"	"Dover Ward 1"	1	1084	836	2015	1176	729	2024	1065	914	2008	1893	167	2060
"NH"	2000	"Strafford"	"Dover Ward 2"	1	1015	594	1753	1102	489	1759	1018	640	1725	1782	104	1886
"NH"	2000	"Strafford"	"Dover Ward 3"	1	1421	1179	2764	1529	997	2760	1437	1271	2761	2519	318	2837
"NH"	2000	"Strafford"	"Dover Ward 4"	1	1087	902	2104	1229	738	2138	1135	941	2114	1999	178	2177
"NH"	2000	"Strafford"	"Dover Ward 5"	1	1149	658	1926	1197	569	1921	1109	762	1935	1820	132	1952
"NH"	2000	"Strafford"	"Dover Ward 6"	1	1056	839	1978	1126	708	1971	1000	928	1960	1881	129	2010
"NH"	2000	"Strafford"	"Durham"	1	3362	1585	5412	3503	1271	5232	3209	1822	5137	5174	395	5569
"NH"	2000	"Strafford"	"Farmington"	1	990	1078	2192	1115	883	2203	1000	1138	2191	2114	138	2252
"NH"	2000	"Strafford"	"Lee"	1	1144	821	2098	1277	624	2093	1191	849	2079	2068	136	2204
"NH"	2000	"Strafford"	"Madbury"	1	429	400	874	503	295	862	431	408	854	810	70	880
"NH"	2000	"Strafford"	"Middleton"	1	298	251	583	307	230	623	263	303	577	557	32	589
"NH"	2000	"Strafford"	"Milton"	1	756	791	1657	890	616	1672	802	802	1664	1578	109	1687
"NH"	2000	"Strafford"	"New Durham"	1	449	618	1134	522	533	1126	460	635	1122	1048	94	1142
"NH"	2000	"Strafford"	"Rochester Ward 1"	1	1074	1134	2295	1237	896	2309	1059	1180	2279	2217	137	2354
"NH"	2000	"Strafford"	"Rochester Ward 2"	1	967	1147	2228	1150	908	2233	973	1192	2210	2135	152	2287
"NH"	2000	"Strafford"	"Rochester Ward 3"	1	1177	1315	2586	1325	1106	2579	1135	1384	2563	2486	145	2631
"NH"	2000	"Strafford"	"Rochester Ward 4"	1	1198	1038	2419	1288	937	2372	1173	1107	2324	2368	146	2514
"NH"	2000	"Strafford"	"Rochester Ward 5"	1	985	888	1962	1082	731	1972	991	918	1951	1894	125	2019
"NH"	2000	"Strafford"	"Rollinsford"	1	702	609	1362	781	498	1374	674	663	1364	1299	92	1391
"NH"	2000	"Strafford"	"Somersworth Ward 1"	1	552	469	1078	612	380	1087	539	503	1066	1037	67	1104
"NH"	2000	"Strafford"	"Somersworth Ward 2"	1	442	365	845	485	315	849	420	391	834	792	61	853
"NH"	2000	"Strafford"	"Somersworth Ward 3"	1	489	411	937	565	314	942	487	424	930	893	59	952
"NH"	2000	"Strafford"	"Somersworth Ward 4"	1	650	390	1076	700	305	1080	596	462	1075	1048	57	1105
"NH"	2000	"Strafford"	"Somersworth Ward 5"	1	399	289	715	436	229	721	398	299	713	707	28	735
"NH"	2000	"Strafford"	"Straffordææ"	1	857	874	1819	1038	619	1832	876	878	1784	1738	100	1838
"NH"	2000	"Sullivan"	"Acworth"	2	207	217	471	199	200	438	176	238	441	423	49	472
"NH"	2000	"Sullivan"	"Charlestown"	2	968	913	2009	990	795	1989	803	1085	1961	1899	129	2028
"NH"	2000	"Sullivan"	"Claremont Ward 1"	2	808	707	1607	752	657	1592	750	769	1572	1437	93	1530
"NH"	2000	"Sullivan"	"Claremont Ward 2"	2	889	883	1864	877	793	1845	811	975	1827	1738	149	1887
"NH"	2000	"Sullivan"	"Claremont Ward 3"	2	835	792	1711	805	717	1676	747	856	1664	1624	102	1726
"NH"	2000	"Sullivan"	"Cornish"	2	395	447	919	417	418	886	387	482	893	853	63	916
"NH"	2000	"Sullivan"	"Croydon"	2	90	205	323	113	190	328	82	223	317	311	18	329
"NH"	2000	"Sullivan"	"Goshen"	2	147	201	366	156	178	364	126	220	353	337	31	368
"NH"	2000	"Sullivan"	"Grantham"	2	649	758	1447	610	778	1456	548	864	1428	1312	178	1490
"NH"	2000	"Sullivan"	"Langdon"	2	139	163	331	147	148	326	111	200	324	309	25	334
"NH"	2000	"Sullivan"	"Lempster"	2	156	261	455	155	252	440	116	287	425	411	37	448
"NH"	2000	"Sullivan"	"Newport"	2	988	1271	2378	1029	1116	2371	833	1414	2318	2240	172	2412
"NH"	2000	"Sullivan"	"Plainfield"	2	623	501	1201	601	493	1186	570	569	1168	1130	86	1216
"NH"	2000	"Sullivan"	"Springfield"	2	213	306	548	201	303	549	184	342	541	495	61	556
"NH"	2000	"Sullivan"	"Sunapee"	2	691	1092	1881	651	1017	1856	557	1230	1828	1637	260	1897
"NH"	2000	"Sullivan"	"Unity"	2	234	315	597	221	299	597	219	344	586	578	31	609
"NH"	2000	"Sullivan"	"Washington"	2	192	272	502	203	256	505	158	326	495	454	54	508
