state	year	town	precinct	g2000_REG_tv	g2000_BALL_tv	g2000_USP_dv	g2000_USP_rv	g2000_USP_tv	g2000_USS_dv	g2000_USS_rv	g2000_USS_tv	cd	g2000_USH_dv	g2000_USH_rv	g2000_USH_tv
"RI"	2000	"BARRINGTON"	101	1123	770	431	275	764	245	499	754	1	450	297	747
"RI"	2000	"BARRINGTON"	102	2245	1342	650	612	1338	380	911	1310	1	657	649	1306
"RI"	2000	"BARRINGTON"	103	1742	1171	593	506	1166	349	790	1152	1	617	519	1136
"RI"	2000	"BARRINGTON"	104	1935	1313	684	510	1303	374	892	1295	1	706	569	1275
"RI"	2000	"BARRINGTON"	105	1650	1065	635	366	1061	402	624	1043	1	650	374	1024
"RI"	2000	"BARRINGTON"	106	1675	1107	505	510	1106	266	803	1089	1	506	562	1068
"RI"	2000	"BARRINGTON"	107	1429	992	415	508	987	219	745	978	1	412	549	961
"RI"	2000	"BARRINGTON"	108	1556	1057	536	440	1048	306	720	1038	1	560	467	1027
"RI"	2000	"BARRINGTON"	109	0	299	136	137	298	2	0	2	1	2	0	2
"RI"	2000	"BRISTOL"	201	1303	795	489	230	783	314	446	778	1	490	266	756
"RI"	2000	"BRISTOL"	202	1412	983	522	392	974	388	567	973	1	558	404	962
"RI"	2000	"BRISTOL"	203	1470	1094	560	468	1079	315	758	1082	1	568	499	1067
"RI"	2000	"BRISTOL"	204	1656	1098	729	303	1080	457	589	1068	1	742	315	1057
"RI"	2000	"BRISTOL"	205	1323	864	496	318	859	342	487	849	1	518	319	837
"RI"	2000	"BRISTOL"	206	1870	1106	730	300	1098	503	549	1074	1	732	343	1075
"RI"	2000	"BRISTOL"	207	1921	1133	817	241	1123	581	497	1102	1	845	260	1105
"RI"	2000	"BRISTOL"	208	1313	857	549	272	845	391	432	837	1	597	241	838
"RI"	2000	"BRISTOL"	209	826	523	328	160	518	200	304	515	1	366	150	516
"RI"	2000	"BRISTOL"	210	1286	755	435	268	752	270	435	715	1	462	238	700
"RI"	2000	"BRISTOL"	211	0	408	259	113	408	3	4	8	1	4	4	8
"RI"	2000	"BURRILLVILLE"	301	423	260	144	103	259	71	182	258	1	168	86	254
"RI"	2000	"BURRILLVILLE"	302	1881	1041	621	346	1037	423	571	1023	1	710	309	1019
"RI"	2000	"BURRILLVILLE"	303	1946	1153	645	411	1142	424	689	1137	1	751	374	1125
"RI"	2000	"BURRILLVILLE"	304	1851	1083	554	425	1077	357	673	1072	1	705	360	1065
"RI"	2000	"BURRILLVILLE"	305	1271	759	386	322	758	259	471	746	1	457	287	744
"RI"	2000	"BURRILLVILLE"	306	893	574	292	239	569	197	346	563	1	362	198	560
"RI"	2000	"BURRILLVILLE"	307	1426	860	481	316	858	290	533	850	1	542	307	849
"RI"	2000	"BURRILLVILLE"	308	0	170	88	66	170	2	4	6	1	3	3	6
"RI"	2000	"CENTRAL FALLS"	401	561	255	190	48	251	130	107	245	1	188	56	244
"RI"	2000	"CENTRAL FALLS"	402	222	142	99	27	137	63	72	137	1	104	30	134
"RI"	2000	"CENTRAL FALLS"	403	1185	490	403	67	485	282	184	471	1	407	60	467
"RI"	2000	"CENTRAL FALLS"	404	536	206	169	31	206	123	79	203	1	173	28	201
"RI"	2000	"CENTRAL FALLS"	405	1347	648	473	141	639	367	248	626	1	489	128	617
"RI"	2000	"CENTRAL FALLS"	406	572	252	186	54	246	136	93	233	1	193	42	235
"RI"	2000	"CENTRAL FALLS"	407	1053	562	445	98	558	320	216	544	1	449	89	538
"RI"	2000	"CENTRAL FALLS"	408	220	156	134	13	151	105	43	150	1	135	9	144
"RI"	2000	"CENTRAL FALLS"	409	902	557	424	108	549	349	188	547	1	453	82	535
"RI"	2000	"CENTRAL FALLS"	410	0	256	227	24	256	0	1	1	1	1	0	1
"RI"	2000	"CUMBERLAND"	801	1970	1384	769	545	1372	555	810	1373	1	833	518	1351
"RI"	2000	"CUMBERLAND"	802	674	382	253	110	379	146	225	379	1	245	123	368
"RI"	2000	"CUMBERLAND"	803	1822	1193	654	460	1186	479	674	1177	1	749	411	1160
"RI"	2000	"CUMBERLAND"	804	1579	1065	734	260	1057	515	502	1042	1	745	294	1039
"RI"	2000	"CUMBERLAND"	805	1757	1207	718	398	1201	495	668	1191	1	782	401	1183
"RI"	2000	"CUMBERLAND"	806	1432	1000	518	409	994	378	594	987	1	556	408	964
"RI"	2000	"CUMBERLAND"	807	1239	868	350	453	862	267	578	858	1	392	444	836
"RI"	2000	"CUMBERLAND"	808	1614	1135	546	496	1122	378	728	1123	1	616	494	1110
"RI"	2000	"CUMBERLAND"	809	465	302	169	114	299	88	198	297	1	183	109	292
"RI"	2000	"CUMBERLAND"	810	736	466	328	99	462	224	221	455	1	332	119	451
"RI"	2000	"CUMBERLAND"	811	1309	765	546	178	762	343	397	757	1	546	199	745
"RI"	2000	"CUMBERLAND"	812	1283	829	549	236	823	392	411	814	1	558	254	812
"RI"	2000	"CUMBERLAND"	813	1608	1040	573	381	1029	409	604	1027	1	665	343	1008
"RI"	2000	"CUMBERLAND"	814	1093	737	347	328	735	258	466	732	1	388	323	711
"RI"	2000	"CUMBERLAND"	815	1702	1151	644	419	1134	463	650	1133	1	683	437	1120
"RI"	2000	"CUMBERLAND"	816	1429	843	644	146	836	412	379	812	1	636	165	801
"RI"	2000	"CUMBERLAND"	817	0	285	179	97	285	1	2	3	1	1	2	3
"RI"	2000	"EAST PROVIDENCE"	1001	1655	1155	673	382	1143	484	630	1136	1	685	424	1109
"RI"	2000	"EAST PROVIDENCE"	1002	807	504	338	114	499	220	268	494	1	339	150	489
"RI"	2000	"EAST PROVIDENCE"	1003	1425	985	648	279	976	491	476	976	1	652	311	963
"RI"	2000	"EAST PROVIDENCE"	1004	1008	764	380	328	762	247	497	757	1	372	371	743
"RI"	2000	"EAST PROVIDENCE"	1005	1067	659	511	117	653	362	267	640	1	533	104	637
"RI"	2000	"EAST PROVIDENCE"	1006	1819	1178	806	300	1168	590	546	1151	1	818	331	1149
"RI"	2000	"EAST PROVIDENCE"	1007	1231	734	577	117	727	433	261	713	1	563	145	708
"RI"	2000	"EAST PROVIDENCE"	1008	1099	681	511	131	676	423	218	661	1	539	118	657
"RI"	2000	"EAST PROVIDENCE"	1009	251	141	111	25	141	88	47	135	1	105	26	131
"RI"	2000	"EAST PROVIDENCE"	1010	1680	1147	738	351	1140	605	507	1128	1	715	389	1104
"RI"	2000	"EAST PROVIDENCE"	1011	1654	1090	759	258	1080	570	481	1069	1	750	309	1059
"RI"	2000	"EAST PROVIDENCE"	1012	1477	874	556	251	869	435	407	854	1	579	270	849
"RI"	2000	"EAST PROVIDENCE"	1013	821	521	311	179	517	223	288	518	1	324	182	506
"RI"	2000	"EAST PROVIDENCE"	1014	1352	776	595	140	770	453	290	758	1	597	149	746
"RI"	2000	"EAST PROVIDENCE"	1015	1309	820	613	169	817	493	296	798	1	588	200	788
"RI"	2000	"EAST PROVIDENCE"	1016	811	486	357	97	479	267	199	469	1	361	103	464
"RI"	2000	"EAST PROVIDENCE"	1017	597	314	243	63	311	163	139	306	1	233	70	303
"RI"	2000	"EAST PROVIDENCE"	1018	562	371	283	65	367	243	116	368	1	281	82	363
"RI"	2000	"EAST PROVIDENCE"	1019	1222	680	448	156	671	336	318	673	1	473	191	664
"RI"	2000	"EAST PROVIDENCE"	1020	1594	1092	669	333	1083	551	510	1079	1	694	365	1059
"RI"	2000	"EAST PROVIDENCE"	1021	1613	1030	658	286	1017	426	572	1019	1	678	322	1000
"RI"	2000	"EAST PROVIDENCE"	1022	1579	1054	710	267	1047	518	505	1043	1	708	320	1028
"RI"	2000	"EAST PROVIDENCE"	1023	1708	1212	733	403	1203	562	625	1203	1	771	419	1190
"RI"	2000	"EAST PROVIDENCE"	1024	927	609	399	148	603	267	324	606	1	397	203	600
"RI"	2000	"EAST PROVIDENCE"	1025	0	549	406	113	549	0	0	0	1	0	0	0
"RI"	2000	"JAMESTOWN"	1501	2094	1599	833	590	1587	444	1090	1572	1	817	723	1540
"RI"	2000	"JAMESTOWN"	1502	2271	1653	884	598	1642	509	1088	1626	1	886	712	1598
"RI"	2000	"JAMESTOWN"	1503	0	118	72	36	118	0	1	1	1	0	1	1
"RI"	2000	"LINCOLN"	1701	2107	1238	763	381	1225	529	672	1222	1	856	357	1213
"RI"	2000	"LINCOLN"	1703	2047	1349	705	559	1338	484	817	1329	1	786	511	1297
"RI"	2000	"LINCOLN"	1704	1364	960	512	371	952	302	631	948	1	529	404	933
"RI"	2000	"LINCOLN"	1705	1138	762	415	274	754	268	473	757	1	445	301	746
"RI"	2000	"LINCOLN"	1706	1596	1160	672	397	1148	429	707	1152	1	691	450	1141
"RI"	2000	"LINCOLN"	1707	1261	775	474	253	764	289	453	764	1	498	250	748
"RI"	2000	"LINCOLN"	1708	1451	1057	564	404	1041	330	698	1040	1	620	405	1025
"RI"	2000	"LINCOLN"	1709	1632	1196	627	506	1185	405	758	1180	1	663	508	1171
"RI"	2000	"LINCOLN"	1710	825	587	282	269	584	163	414	584	1	316	261	577
"RI"	2000	"LINCOLN"	1711	495	302	163	111	299	113	179	300	1	180	113	293
"RI"	2000	"LINCOLN"	1712	776	494	314	147	490	189	291	488	1	317	165	482
"RI"	2000	"LINCOLN"	1713	369	232	123	94	228	76	150	228	1	135	92	227
"RI"	2000	"LINCOLN"	1714	0	222	119	84	221	0	0	0	1	0	0	0
"RI"	2000	"LITTLE COMPTON"	1801	2779	2093	970	914	2075	606	1411	2057	1	1020	986	2006
"RI"	2000	"LITTLE COMPTON"	1802	0	43	17	16	43	1	6	8	1	4	5	9
"RI"	2000	"MIDDLETOWN"	1901	1283	652	356	239	640	238	377	631	1	408	215	623
"RI"	2000	"MIDDLETOWN"	1902	604	420	244	149	416	161	247	414	1	271	138	409
"RI"	2000	"MIDDLETOWN"	1903	1444	973	533	367	966	331	608	964	1	594	355	949
"RI"	2000	"MIDDLETOWN"	1904	1218	827	446	318	819	295	502	812	1	492	316	808
"RI"	2000	"MIDDLETOWN"	1905	636	375	190	163	374	133	223	364	1	206	157	363
"RI"	2000	"MIDDLETOWN"	1906	1425	947	508	368	942	296	610	932	1	553	362	915
"RI"	2000	"MIDDLETOWN"	1907	963	677	373	249	671	205	440	660	1	383	274	657
"RI"	2000	"MIDDLETOWN"	1908	1355	981	521	401	973	328	620	964	1	592	371	963
"RI"	2000	"MIDDLETOWN"	1909	1162	847	418	358	836	245	576	833	1	479	338	817
"RI"	2000	"MIDDLETOWN"	1910	0	443	236	182	442	2	5	8	1	5	3	8
"RI"	2000	"NEWPORT"	2101	558	131	99	27	131	79	47	126	1	103	24	127
"RI"	2000	"NEWPORT"	2102	459	155	102	45	154	68	76	148	1	115	36	151
"RI"	2000	"NEWPORT"	2103	786	372	225	125	369	133	227	365	1	240	120	360
"RI"	2000	"NEWPORT"	2104	263	169	117	41	167	76	88	166	1	121	41	162
"RI"	2000	"NEWPORT"	2105	1612	975	610	293	972	365	576	959	1	654	295	949
"RI"	2000	"NEWPORT"	2106	1573	828	559	189	821	342	443	809	1	602	208	810
"RI"	2000	"NEWPORT"	2107	1872	934	541	306	925	294	613	921	1	568	348	916
"RI"	2000	"NEWPORT"	2108	1410	825	501	254	813	328	464	805	1	533	262	795
"RI"	2000	"NEWPORT"	2109	1292	697	372	249	690	238	431	687	1	410	266	676
"RI"	2000	"NEWPORT"	2110	1229	734	420	260	725	261	451	725	1	442	267	709
"RI"	2000	"NEWPORT"	2111	641	297	169	98	297	94	188	288	1	186	100	286
"RI"	2000	"NEWPORT"	2112	915	489	287	176	484	206	265	475	1	295	174	469
"RI"	2000	"NEWPORT"	2113	1562	795	518	213	791	294	468	782	1	539	224	763
"RI"	2000	"NEWPORT"	2114	1329	822	377	382	813	285	513	808	1	433	366	799
"RI"	2000	"NEWPORT"	2115	1819	1057	528	433	1045	367	647	1036	1	632	390	1022
"RI"	2000	"NEWPORT"	2116	0	695	408	221	695	5	14	19	1	12	7	19
"RI"	2000	"NORTH PROVIDENCE"	2401	1662	899	650	212	895	446	423	883	1	657	219	876
"RI"	2000	"NORTH PROVIDENCE"	2402	1188	758	489	202	754	350	373	742	1	484	248	732
"RI"	2000	"NORTH PROVIDENCE"	2403	1008	615	397	174	606	287	305	604	1	390	210	600
"RI"	2000	"NORTH PROVIDENCE"	2404	1395	724	520	155	718	366	336	712	1	538	167	705
"RI"	2000	"NORTH PROVIDENCE"	2405	2177	1075	764	246	1065	503	530	1061	1	771	268	1039
"RI"	2000	"NORTH PROVIDENCE"	2406	275	123	82	28	122	51	70	123	1	83	38	121
"RI"	2000	"NORTH PROVIDENCE"	2407	1972	1130	755	289	1122	512	578	1113	1	757	339	1096
"RI"	2000	"NORTH PROVIDENCE"	2408	1925	1218	821	343	1210	568	615	1193	1	813	357	1170
"RI"	2000	"NORTH PROVIDENCE"	2409	2095	1063	740	268	1050	520	507	1044	1	749	262	1011
"RI"	2000	"NORTH PROVIDENCE"	2410	899	548	393	130	541	258	274	536	1	369	152	521
"RI"	2000	"NORTH PROVIDENCE"	2411	1537	888	574	261	885	437	419	875	1	567	284	851
"RI"	2000	"NORTH PROVIDENCE"	2412	1564	893	614	225	885	428	442	881	1	605	262	867
"RI"	2000	"NORTH PROVIDENCE"	2413	2432	1414	816	516	1402	549	815	1385	1	827	549	1376
"RI"	2000	"NORTH PROVIDENCE"	2414	1655	933	671	229	929	446	459	917	1	650	241	891
"RI"	2000	"NORTH PROVIDENCE"	2415	1719	1015	676	278	1008	415	569	999	1	683	305	988
"RI"	2000	"NORTH PROVIDENCE"	2416	1346	782	548	188	774	365	380	762	1	550	202	752
"RI"	2000	"NORTH PROVIDENCE"	2417	1292	710	478	197	708	322	358	692	1	480	200	680
"RI"	2000	"NORTH PROVIDENCE"	2418	0	287	202	74	287	34	35	70	1	53	14	67
"RI"	2000	"NORTH SMITHFIELD"	2501	1806	1239	680	465	1233	430	758	1221	1	827	377	1204
"RI"	2000	"NORTH SMITHFIELD"	2502	1643	1110	583	441	1105	353	718	1093	1	694	385	1079
"RI"	2000	"NORTH SMITHFIELD"	2503	1504	1009	570	378	1004	371	610	992	1	673	308	981
"RI"	2000	"NORTH SMITHFIELD"	2504	1009	682	409	230	676	230	429	671	1	443	221	664
"RI"	2000	"NORTH SMITHFIELD"	2505	1808	1240	645	490	1232	444	759	1227	1	779	433	1212
"RI"	2000	"NORTH SMITHFIELD"	2506	0	133	69	50	133	1	4	5	1	4	1	5
"RI"	2000	"PAWTUCKET"	2601	870	598	422	122	597	200	373	580	1	411	167	578
"RI"	2000	"PAWTUCKET"	2602	904	389	328	46	385	229	126	366	1	312	51	363
"RI"	2000	"PAWTUCKET"	2603	2267	1273	891	283	1261	587	640	1249	1	924	307	1231
"RI"	2000	"PAWTUCKET"	2604	1353	558	409	119	553	319	196	537	1	412	124	536
"RI"	2000	"PAWTUCKET"	2605	1558	1036	705	255	1027	444	556	1023	1	686	326	1012
"RI"	2000	"PAWTUCKET"	2606	1202	541	443	75	540	328	175	515	1	445	76	521
"RI"	2000	"PAWTUCKET"	2607	1061	470	347	85	463	242	203	456	1	364	88	452
"RI"	2000	"PAWTUCKET"	2608	642	402	305	72	399	186	203	394	1	288	99	387
"RI"	2000	"PAWTUCKET"	2609	979	563	429	89	562	224	311	548	1	411	128	539
"RI"	2000	"PAWTUCKET"	2610	1338	704	537	119	700	379	286	684	1	537	145	682
"RI"	2000	"PAWTUCKET"	2611	444	314	263	35	312	177	122	304	1	265	33	298
"RI"	2000	"PAWTUCKET"	2612	131	42	29	12	41	19	19	38	1	29	10	39
"RI"	2000	"PAWTUCKET"	2613	1195	616	427	133	607	299	283	597	1	434	156	590
"RI"	2000	"PAWTUCKET"	2614	1176	665	477	131	662	356	276	651	1	510	136	646
"RI"	2000	"PAWTUCKET"	2615	1158	588	436	122	585	309	253	570	1	445	127	572
"RI"	2000	"PAWTUCKET"	2616	934	635	452	131	627	267	335	618	1	442	175	617
"RI"	2000	"PAWTUCKET"	2617	1336	870	594	200	855	411	428	855	1	610	233	843
"RI"	2000	"PAWTUCKET"	2618	634	170	132	25	167	91	66	162	1	140	23	163
"RI"	2000	"PAWTUCKET"	2619	1267	609	428	127	605	289	283	595	1	444	150	594
"RI"	2000	"PAWTUCKET"	2620	1273	595	394	136	591	296	269	580	1	429	150	579
"RI"	2000	"PAWTUCKET"	2621	996	470	365	78	466	269	176	455	1	369	83	452
"RI"	2000	"PAWTUCKET"	2622	314	183	127	40	182	80	91	178	1	139	40	179
"RI"	2000	"PAWTUCKET"	2623	1622	948	646	235	946	443	474	933	1	674	252	926
"RI"	2000	"PAWTUCKET"	2624	1189	717	519	146	711	326	365	712	1	533	175	708
"RI"	2000	"PAWTUCKET"	2625	1369	973	654	245	953	390	552	961	1	668	283	951
"RI"	2000	"PAWTUCKET"	2626	756	397	287	80	391	204	179	391	1	294	93	387
"RI"	2000	"PAWTUCKET"	2627	374	213	156	42	212	99	110	212	1	155	55	210
"RI"	2000	"PAWTUCKET"	2628	399	204	147	37	201	110	82	199	1	142	56	198
"RI"	2000	"PAWTUCKET"	2629	1292	829	574	198	821	387	420	826	1	594	217	811
"RI"	2000	"PAWTUCKET"	2630	1684	984	666	247	974	433	512	965	1	685	271	956
"RI"	2000	"PAWTUCKET"	2631	1691	959	669	221	950	425	491	943	1	686	256	942
"RI"	2000	"PAWTUCKET"	2632	1513	961	674	224	958	478	465	957	1	679	266	945
"RI"	2000	"PAWTUCKET"	2633	1937	1143	712	352	1132	488	627	1127	1	752	373	1125
"RI"	2000	"PAWTUCKET"	2634	0	962	785	136	961	28	16	45	1	32	10	42
"RI"	2000	"PORTSMOUTH"	2701			438	253	747	246	475	740	1	462	274	736
"RI"	2000	"PORTSMOUTH"	2702	1275	822	521	245	819	308	479	804	1	542	259	801
"RI"	2000	"PORTSMOUTH"	2703	1359	904	448	390	893	275	591	893	1	484	396	880
"RI"	2000	"PORTSMOUTH"	2704	1526	979	515	396	967	342	601	959	1	565	391	956
"RI"	2000	"PORTSMOUTH"	2705	155	116	61	43	115	28	83	114	1	68	45	113
"RI"	2000	"PORTSMOUTH"	2706	1023	709	336	324	705	190	502	701	1	356	334	690
"RI"	2000	"PORTSMOUTH"	2707	1047	720	369	300	717	233	468	707	1	399	303	702
"RI"	2000	"PORTSMOUTH"	2708	1353	848	423	359	841	287	537	839	1	493	342	835
"RI"	2000	"PORTSMOUTH"	2709	1393	1022	509	452	1016	293	693	1008	1	601	400	1001
"RI"	2000	"PORTSMOUTH"	2710	1204	873	411	397	866	248	600	861	1	472	379	851
"RI"	2000	"PORTSMOUTH"	2711	1231	851	368	420	844	237	592	838	1	458	372	830
"RI"	2000	"PORTSMOUTH"	2712	0	297	150	124	296	7	10	17	1	10	7	17
"RI"	2000	"PROVIDENCE"	2802			222	44	276	186	78	268	1	227	40	267
"RI"	2000	"PROVIDENCE"	2803	108	50	37	7	50	25	20	47	1	43	7	50
"RI"	2000	"PROVIDENCE"	2806	376	157	108	39	157	68	80	152	1	97	50	147
"RI"	2000	"PROVIDENCE"	2807	45	11	6	4	11	3	6	11	1	7	3	10
"RI"	2000	"PROVIDENCE"	2808	10	8	8	0	8	5	3	8	1	6	2	8
"RI"	2000	"PROVIDENCE"	2812	1567	744	488	133	738	318	381	717	1	521	178	699
"RI"	2000	"PROVIDENCE"	2813	2332	1037	730	115	1025	494	466	999	1	815	172	987
"RI"	2000	"PROVIDENCE"	2814	765	294	227	35	285	153	117	280	1	236	43	279
"RI"	2000	"PROVIDENCE"	2815	1164	554	330	143	554	140	385	537	1	342	185	527
"RI"	2000	"PROVIDENCE"	2816	2510	853	552	148	851	280	503	801	1	584	211	795
"RI"	2000	"PROVIDENCE"	2817	2114	529	351	87	528	231	243	485	1	376	104	480
"RI"	2000	"PROVIDENCE"	2818	1975	422	253	66	421	180	195	384	1	299	75	374
"RI"	2000	"PROVIDENCE"	2819	521	318	245	38	315	132	172	311	1	248	58	306
"RI"	2000	"PROVIDENCE"	2820	1376	945	651	221	931	299	617	922	1	580	326	906
"RI"	2000	"PROVIDENCE"	2821	1979	1262	855	272	1255	377	839	1235	1	798	411	1209
"RI"	2000	"PROVIDENCE"	2822	860	506	350	99	506	167	312	485	1	346	135	481
"RI"	2000	"PROVIDENCE"	2823	859	432	285	77	428	154	256	419	1	302	115	417
"RI"	2000	"PROVIDENCE"	2824	924	365	233	63	362	118	214	345	1	258	84	342
"RI"	2000	"PROVIDENCE"	2825	286	153	106	30	153	44	103	149	1	99	47	146
"RI"	2000	"PROVIDENCE"	2826	743	441	303	91	439	125	302	429	1	302	117	419
"RI"	2000	"PROVIDENCE"	2827	1539	875	637	112	869	381	438	841	1	657	188	845
"RI"	2000	"PROVIDENCE"	2828	1669	917	687	82	909	420	440	885	1	735	140	875
"RI"	2000	"PROVIDENCE"	2829	1865	861	701	67	857	450	363	837	1	727	102	829
"RI"	2000	"PROVIDENCE"	2830	762	392	298	36	389	161	203	377	1	305	71	376
"RI"	2000	"PROVIDENCE"	2831	355	218	153	29	215	80	118	205	1	164	42	206
"RI"	2000	"PROVIDENCE"	2832	398	199	165	25	195	109	81	193	1	172	20	192
"RI"	2000	"PROVIDENCE"	2833	1663	849	617	194	843	398	418	834	1	622	200	822
"RI"	2000	"PROVIDENCE"	2834	1527	678	514	133	672	340	310	666	1	518	134	652
"RI"	2000	"PROVIDENCE"	2835	1576	788	565	175	786	396	364	769	1	547	197	744
"RI"	2000	"PROVIDENCE"	2836	123	36	24	9	36	18	17	35	1	26	10	36
"RI"	2000	"PROVIDENCE"	2837	782	515	297	175	511	261	238	510	1	297	205	502
"RI"	2000	"PROVIDENCE"	2846	763	485	305	146	479	210	257	478	1	292	171	463
"RI"	2000	"PROVIDENCE"	2848	1245	781	481	240	774	394	358	768	1	488	255	743
"RI"	2000	"PROVIDENCE"	2849	947	383	181	140	381	167	124	303	1	186	110	296
"RI"	2000	"PROVIDENCE"	2850	95	64	39	23	64	26	36	64	1	31	31	62
"RI"	2000	"PROVIDENCE"	2851	957	418	321	75	415	226	176	411	1	317	94	411
"RI"	2000	"PROVIDENCE"	2852	1327	610	430	138	605	313	272	602	1	429	156	585
"RI"	2000	"PROVIDENCE"	9905		16	13	3	16	11	2	13	1	8	1	9
"RI"	2000	"SMITHFIELD"	3101	1613	1128	614	437	1121	449	650	1115	1	618	481	1099
"RI"	2000	"SMITHFIELD"	3102	1482	956	557	314	947	441	480	947	1	582	349	931
"RI"	2000	"SMITHFIELD"	3103	1544	1050	579	381	1035	427	588	1035	1	598	427	1025
"RI"	2000	"SMITHFIELD"	3104	2621	1644	953	576	1630	648	942	1619	1	961	646	1607
"RI"	2000	"SMITHFIELD"	3105	583	422	220	177	419	156	256	418	1	217	197	414
"RI"	2000	"SMITHFIELD"	3106	1465	897	469	353	891	332	544	887	1	490	382	872
"RI"	2000	"SMITHFIELD"	3107	1809	1217	647	460	1206	495	681	1199	1	679	505	1184
"RI"	2000	"SMITHFIELD"	3108	206	140	69	58	136	51	85	137	1	71	63	134
"RI"	2000	"SMITHFIELD"	3109	1527	1014	554	393	1009	402	590	1002	1	552	441	993
"RI"	2000	"SMITHFIELD"	3110	930	437	208	189	431	122	302	431	1	200	223	423
"RI"	2000	"SMITHFIELD"	3111	0	239	130	95	236	0	0	0	1	0	0	0
"RI"	2000	"TIVERTON"	3301	1368	952	481	392	939	306	607	931	1	472	444	916
"RI"	2000	"TIVERTON"	3302	1710	1131	731	306	1122	458	613	1097	1	698	394	1092
"RI"	2000	"TIVERTON"	3303	1459	968	574	327	952	396	529	944	1	584	349	933
"RI"	2000	"TIVERTON"	3304	1262	885	570	258	875	355	487	868	1	538	323	861
"RI"	2000	"TIVERTON"	3305	912	586	390	162	579	269	284	572	1	389	173	562
"RI"	2000	"TIVERTON"	3306	1555	1009	497	409	993	307	656	990	1	505	463	968
"RI"	2000	"TIVERTON"	3307	1300	883	457	369	879	293	551	868	1	455	403	858
"RI"	2000	"TIVERTON"	3308	0	195	107	72	195	0	0	0	1	0	0	0
"RI"	2000	"WARREN"	3401	840	454	280	146	450	193	234	446	1	299	135	434
"RI"	2000	"WARREN"	3402	550	305	197	85	302	119	172	301	1	194	101	295
"RI"	2000	"WARREN"	3403	661	433	259	121	431	166	247	425	1	285	128	413
"RI"	2000	"WARREN"	3404	977	679	433	195	673	287	368	671	1	428	231	659
"RI"	2000	"WARREN"	3405	1650	1162	664	410	1148	419	697	1145	1	630	497	1127
"RI"	2000	"WARREN"	3406	500	363	267	75	361	212	137	358	1	257	91	348
"RI"	2000	"WARREN"	3407	886	543	350	158	540	242	278	528	1	374	148	522
"RI"	2000	"WARREN"	3408	492	345	192	145	344	119	218	341	1	193	141	334
"RI"	2000	"WARREN"	3409	378	236	162	62	234	99	133	235	1	152	79	231
"RI"	2000	"WARREN"	3410	0	179	121	49	179	0	1	1	1	1	0	1
"RI"	2000	"WOONSOCKET"	3901	918	451	323	107	448	196	234	442	1	362	82	444
"RI"	2000	"WOONSOCKET"	3902	1005	481	336	111	474	257	202	470	1	372	90	462
"RI"	2000	"WOONSOCKET"	3903	1070	619	403	165	616	262	321	601	1	450	147	597
"RI"	2000	"WOONSOCKET"	3904	800	407	319	75	405	245	150	400	1	359	39	398
"RI"	2000	"WOONSOCKET"	3905	858	447	276	127	445	201	224	435	1	321	117	438
"RI"	2000	"WOONSOCKET"	3906	1603	727	523	168	723	367	315	695	1	560	136	696
"RI"	2000	"WOONSOCKET"	3907	1103	651	359	243	645	267	359	640	1	423	206	629
"RI"	2000	"WOONSOCKET"	3908	324	175	131	32	174	85	80	169	1	146	20	166
"RI"	2000	"WOONSOCKET"	3909	1456	899	571	257	894	476	391	884	1	672	200	872
"RI"	2000	"WOONSOCKET"	3910	1416	884	567	270	879	408	444	868	1	653	213	866
"RI"	2000	"WOONSOCKET"	3911	1266	649	422	198	642	292	332	643	1	496	139	635
"RI"	2000	"WOONSOCKET"	3912	1053	633	408	182	627	258	359	624	1	478	142	620
"RI"	2000	"WOONSOCKET"	3913	1515	805	522	234	798	369	399	786	1	607	172	779
"RI"	2000	"WOONSOCKET"	3914	1550	668	457	180	664	323	320	655	1	501	146	647
"RI"	2000	"WOONSOCKET"	3915	500	184	122	51	181	73	100	179	1	148	29	177
"RI"	2000	"WOONSOCKET"	3916	1192	545	350	153	542	197	324	536	1	397	133	530
"RI"	2000	"WOONSOCKET"	3917	1229	703	496	169	697	373	301	689	1	547	134	681
"RI"	2000	"WOONSOCKET"	3918	1135	764	450	266	758	337	401	750	1	522	216	738
"RI"	2000	"WOONSOCKET"	3919	1614	908	638	228	905	407	466	889	1	674	207	881
"RI"	2000	"WOONSOCKET"	3920	0	323	221	91	323	1	0	1	1	1	0	1
"RI"	2000	"CHARLESTOWN"	501	1281	771	429	260	763	260	474	761	2	324	144	751
"RI"	2000	"CHARLESTOWN"	502	892	517	248	197	511	170	319	504	2	208	74	497
"RI"	2000	"CHARLESTOWN"	503	1218	837	332	409	831	249	557	823	2	327	248	806
"RI"	2000	"CHARLESTOWN"	504	1050	676	321	269	665	214	442	665	2	275	146	649
"RI"	2000	"CHARLESTOWN"	505	1116	752	391	286	746	237	483	741	2	340	149	725
"RI"	2000	"CHARLESTOWN"	506	0	109	59	35	109	0	0	0	2	0	0	0
"RI"	2000	"COVENTRY"	601	831	543	321	182	540	234	298	541	2	334	75	531
"RI"	2000	"COVENTRY"	602	1411	969	489	420	960	312	635	962	2	559	148	946
"RI"	2000	"COVENTRY"	603	1148	749	411	289	742	274	452	742	2	458	122	726
"RI"	2000	"COVENTRY"	604	513	324	202	98	320	120	188	321	2	201	44	318
"RI"	2000	"COVENTRY"	605	1519	1063	599	375	1058	394	641	1056	2	652	139	1033
"RI"	2000	"COVENTRY"	606	817	564	339	193	564	203	339	557	2	354	80	551
"RI"	2000	"COVENTRY"	607	928	567	332	193	564	239	320	566	2	363	58	554
"RI"	2000	"COVENTRY"	608	1372	862	539	261	856	381	442	852	2	552	113	839
"RI"	2000	"COVENTRY"	609	1331	905	547	303	898	381	491	896	2	574	119	874
"RI"	2000	"COVENTRY"	610	1273	848	556	237	840	333	494	842	2	555	107	825
"RI"	2000	"COVENTRY"	611	529	316	173	117	313	104	198	314	2	160	62	306
"RI"	2000	"COVENTRY"	612	1260	845	507	280	838	361	458	836	2	535	113	825
"RI"	2000	"COVENTRY"	613	974	624	392	196	623	278	338	621	2	405	93	606
"RI"	2000	"COVENTRY"	614	790	537	339	167	536	248	275	530	2	337	65	520
"RI"	2000	"COVENTRY"	615	1022	640	385	213	635	250	365	633	2	394	91	625
"RI"	2000	"COVENTRY"	616	1339	846	518	255	844	364	453	843	2	532	111	815
"RI"	2000	"COVENTRY"	617	1147	798	385	345	796	216	555	791	2	366	167	768
"RI"	2000	"COVENTRY"	618	1590	1087	596	403	1078	394	646	1074	2	605	168	1054
"RI"	2000	"COVENTRY"	619	1625	1101	557	444	1088	371	686	1089	2	597	194	1060
"RI"	2000	"COVENTRY"	620	0	396	228	140	395	4	7	11	2	6	3	11
"RI"	2000	"CRANSTON"	701	1196	600	405	155	593	315	268	593	2	405	58	566
"RI"	2000	"CRANSTON"	702	293	176	115	43	175	78	94	175	2	105	24	164
"RI"	2000	"CRANSTON"	703	836	501	355	110	499	266	216	493	2	368	40	475
"RI"	2000	"CRANSTON"	704	1019	530	379	116	525	271	236	521	2	388	49	509
"RI"	2000	"CRANSTON"	705	1149	735	455	229	725	325	391	728	2	459	92	712
"RI"	2000	"CRANSTON"	706	994	585	389	158	581	276	297	580	2	398	71	557
"RI"	2000	"CRANSTON"	707	1368	919	614	248	903	417	468	906	2	618	89	882
"RI"	2000	"CRANSTON"	708	332	199	151	42	198	111	85	198	2	158	14	190
"RI"	2000	"CRANSTON"	709	102	47	32	15	47	20	19	45	2	30	1	44
"RI"	2000	"CRANSTON"	710	806	457	346	88	451	241	196	452	2	330	35	435
"RI"	2000	"CRANSTON"	711	356	143	105	28	141	72	65	141	2	106	15	136
"RI"	2000	"CRANSTON"	712	1632	952	663	224	924	483	429	927	2	676	85	896
"RI"	2000	"CRANSTON"	713	1514	964	673	252	955	465	464	945	2	688	92	902
"RI"	2000	"CRANSTON"	714	1919	1274	834	381	1268	563	679	1259	2	867	141	1220
"RI"	2000	"CRANSTON"	715	176	125	84	32	121	62	61	123	2	87	10	117
"RI"	2000	"CRANSTON"	716	2000	1446	827	543	1440	504	918	1435	2	882	191	1407
"RI"	2000	"CRANSTON"	717	1669	1121	646	414	1109	384	716	1109	2	710	145	1069
"RI"	2000	"CRANSTON"	718	1559	994	611	326	985	388	580	984	2	621	118	951
"RI"	2000	"CRANSTON"	719	473	317	142	147	313	86	224	313	2	171	68	302
"RI"	2000	"CRANSTON"	720	747	550	264	247	547	195	338	541	2	328	84	535
"RI"	2000	"CRANSTON"	721	632	425	287	106	417	181	224	412	2	288	48	400
"RI"	2000	"CRANSTON"	722	479	305	222	67	300	164	130	301	2	208	27	283
"RI"	2000	"CRANSTON"	723	839	609	309	283	606	202	391	599	2	376	89	586
"RI"	2000	"CRANSTON"	724	1847	1337	728	541	1328	470	840	1325	2	805	199	1302
"RI"	2000	"CRANSTON"	725	1391	994	586	346	979	406	552	972	2	632	129	953
"RI"	2000	"CRANSTON"	726	733	608	345	226	599	220	379	606	2	376	84	587
"RI"	2000	"CRANSTON"	727	1251	843	525	272	834	352	461	830	2	542	98	809
"RI"	2000	"CRANSTON"	728	1350	932	553	303	922	389	525	922	2	623	113	895
"RI"	2000	"CRANSTON"	729	1506	1061	594	397	1052	431	591	1040	2	671	131	1008
"RI"	2000	"CRANSTON"	731	209	101	60	36	101	40	60	101	2	64	9	95
"RI"	2000	"CRANSTON"	732	982	609	374	202	605	284	313	603	2	413	81	583
"RI"	2000	"CRANSTON"	733	1858	1159	687	382	1154	458	652	1144	2	687	164	1127
"RI"	2000	"CRANSTON"	734	627	386	268	91	383	183	189	381	2	254	33	375
"RI"	2000	"CRANSTON"	735	1385	864	544	243	855	359	485	856	2	547	97	833
"RI"	2000	"CRANSTON"	736	254	118	71	36	116	53	60	113	2	81	14	109
"RI"	2000	"CRANSTON"	737	1156	793	519	232	785	358	416	786	2	543	86	762
"RI"	2000	"CRANSTON"	738	1106	799	420	318	787	256	525	791	2	502	128	774
"RI"	2000	"CRANSTON"	739	125	91	59	30	91	35	55	91	2	54	18	87
"RI"	2000	"CRANSTON"	740	806	565	314	209	563	231	325	559	2	361	80	546
"RI"	2000	"CRANSTON"	741	1279	773	517	210	767	334	406	758	2	505	68	736
"RI"	2000	"CRANSTON"	742	1269	767	506	208	758	327	410	755	2	494	95	737
"RI"	2000	"CRANSTON"	743	564	317	239	62	314	170	139	316	2	229	29	306
"RI"	2000	"CRANSTON"	744	1252	872	572	239	867	382	465	865	2	552	99	850
"RI"	2000	"CRANSTON"	745	1673	1007	656	281	997	453	510	991	2	660	107	969
"RI"	2000	"CRANSTON"	746	756	470	310	108	466	217	237	465	2	301	39	453
"RI"	2000	"CRANSTON"	747	1420	758	508	169	755	362	358	747	2	480	71	731
"RI"	2000	"CRANSTON"	748	1539	885	561	224	879	323	522	866	2	492	108	835
"RI"	2000	"CRANSTON"	749	796	564	318	174	560	199	350	557	2	292	77	546
"RI"	2000	"CRANSTON"	750	1040	648	396	174	635	208	412	635	2	378	76	622
"RI"	2000	"CRANSTON"	751	1455	913	562	268	905	383	501	898	2	579	124	887
"RI"	2000	"CRANSTON"	752	0	729	504	185	728	0	0	0	2	0	0	0
"RI"	2000	"EAST GREENWICH"	901	1782	1021	443	502	1018	277	726	1010	2	469	263	989
"RI"	2000	"EAST GREENWICH"	902	1700	719	298	372	716	179	524	715	2	339	177	695
"RI"	2000	"EAST GREENWICH"	903	1582	947	518	340	943	253	672	934	2	469	163	903
"RI"	2000	"EAST GREENWICH"	904	1453	932	378	478	927	246	659	920	2	462	206	903
"RI"	2000	"EAST GREENWICH"	905	1375	970	482	414	962	322	621	963	2	541	172	944
"RI"	2000	"EAST GREENWICH"	906	1654	921	407	451	914	238	670	912	2	463	210	882
"RI"	2000	"EAST GREENWICH"	907	1060	762	327	376	759	184	564	755	2	397	175	740
"RI"	2000	"EAST GREENWICH"	908	0	229	108	106	229	0	1	1	2	1	0	1
"RI"	2000	"EXETER"	1101	2121	1448	742	560	1439	449	947	1429	2	681	242	1405
"RI"	2000	"EXETER"	1102	233	126	75	42	126	48	77	125	2	54	24	119
"RI"	2000	"EXETER"	1103	739	432	200	183	427	127	283	426	2	184	83	415
"RI"	2000	"EXETER"	1104	891	614	252	293	606	156	434	606	2	236	133	595
"RI"	2000	"EXETER"	1105	0	60	29	19	60	0	0	0	2	0	0	0
"RI"	2000	"FOSTER"	1201	1454	1095	571	400	1088	329	714	1086	2	579	202	1056
"RI"	2000	"FOSTER"	1202	1247	947	448	407	940	241	663	931	2	426	212	909
"RI"	2000	"FOSTER"	1203	0	53	30	20	53	0	0	0	2	0	0	0
"RI"	2000	"GLOCESTER"	1301	1470	885	427	367	879	313	535	879	2	470	176	858
"RI"	2000	"GLOCESTER"	1302	1631	1054	543	401	1046	349	657	1039	2	544	196	1025
"RI"	2000	"GLOCESTER"	1303	1102	722	377	286	717	225	467	716	2	389	118	697
"RI"	2000	"GLOCESTER"	1304	639	429	213	183	428	147	266	421	2	213	96	412
"RI"	2000	"GLOCESTER"	1305	1667	1123	543	492	1116	418	670	1112	2	608	201	1083
"RI"	2000	"GLOCESTER"	1306	0	111	64	36	111	1	0	1	2	1	0	1
"RI"	2000	"HOPKINTON"	1401	1318	788	409	316	783	278	469	779	2	357	170	751
"RI"	2000	"HOPKINTON"	1402	1818	1146	575	445	1139	334	760	1130	2	519	229	1110
"RI"	2000	"HOPKINTON"	1403	1721	1095	527	465	1088	336	697	1074	2	445	246	1050
"RI"	2000	"HOPKINTON"	1404	0	123	64	48	123	31	39	78	2	32	27	75
"RI"	2000	"JOHNSTON"	1601	926	582	357	180	575	271	297	572	2	376	72	556
"RI"	2000	"JOHNSTON"	1602	1634	1069	670	337	1063	408	626	1057	2	654	130	1019
"RI"	2000	"JOHNSTON"	1603	1887	1251	706	484	1245	510	703	1238	2	784	147	1207
"RI"	2000	"JOHNSTON"	1604	840	547	379	138	538	273	242	535	2	367	57	506
"RI"	2000	"JOHNSTON"	1605	356	206	150	39	205	107	91	203	2	146	14	199
"RI"	2000	"JOHNSTON"	1606	1898	1091	754	280	1076	569	486	1070	2	791	79	1028
"RI"	2000	"JOHNSTON"	1607	2096	1408	954	385	1388	661	689	1377	2	963	125	1313
"RI"	2000	"JOHNSTON"	1608	1461	1000	647	306	997	475	499	990	2	666	95	944
"RI"	2000	"JOHNSTON"	1609	1853	1190	749	382	1179	535	618	1173	2	795	107	1128
"RI"	2000	"JOHNSTON"	1610	182	107	82	21	107	61	44	106	2	84	1	95
"RI"	2000	"JOHNSTON"	1611	289	184	125	46	179	87	84	176	2	132	16	168
"RI"	2000	"JOHNSTON"	1612	1190	734	512	168	719	370	325	716	2	531	46	685
"RI"	2000	"JOHNSTON"	1613	2044	1342	909	372	1331	624	662	1316	2	972	90	1272
"RI"	2000	"JOHNSTON"	1614	1887	1287	847	363	1275	589	665	1266	2	858	108	1226
"RI"	2000	"JOHNSTON"	1615	808	487	342	125	484	227	232	469	2	341	35	461
"RI"	2000	"JOHNSTON"	1616	280	159	106	46	158	84	70	159	2	113	8	154
"RI"	2000	"JOHNSTON"	1617	1325	953	600	309	944	429	495	933	2	641	75	891
"RI"	2000	"JOHNSTON"	1618	0	203	124	73	203	0	0	0	2	0	0	0
"RI"	2000	"NARRAGANSETT"	2001	1616	1014	542	382	1006	376	604	1001	2	548	122	976
"RI"	2000	"NARRAGANSETT"	2002	1680	944	507	332	934	401	499	925	2	518	122	896
"RI"	2000	"NARRAGANSETT"	2003	1995	1341	724	478	1330	511	789	1323	2	705	191	1278
"RI"	2000	"NARRAGANSETT"	2004	1663	990	531	346	986	373	578	970	2	504	134	926
"RI"	2000	"NARRAGANSETT"	2005	1349	907	488	322	901	370	506	892	2	502	105	868
"RI"	2000	"NARRAGANSETT"	2006	1906	1141	659	365	1135	459	643	1129	2	614	140	1093
"RI"	2000	"NARRAGANSETT"	2007	819	464	290	116	462	185	267	458	2	247	48	449
"RI"	2000	"NARRAGANSETT"	2008	1309	903	487	325	896	334	549	896	2	448	122	877
"RI"	2000	"NARRAGANSETT"	2009	0	357	219	87	357	0	0	0	2	0	0	0
"RI"	2000	"NEW SHOREHAM"	2201	1491	1027	575	317	1009	285	692	1003	2	569	198	968
"RI"	2000	"NEW SHOREHAM"	2202	0	27	19	3	27	2	0	2	2	2	0	2
"RI"	2000	"NORTH KINGSTOWN"	2301	1820	1226	588	555	1215	446	757	1214	2	651	209	1182
"RI"	2000	"NORTH KINGSTOWN"	2302	1766	1235	561	569	1225	356	839	1214	2	609	227	1194
"RI"	2000	"NORTH KINGSTOWN"	2303	1727	961	555	323	949	409	526	948	2	530	135	926
"RI"	2000	"NORTH KINGSTOWN"	2304	1666	1047	561	402	1042	399	607	1028	2	584	138	1013
"RI"	2000	"NORTH KINGSTOWN"	2305	1445	926	474	353	923	307	588	915	2	416	147	906
"RI"	2000	"NORTH KINGSTOWN"	2306	1493	1014	462	443	1010	272	711	1004	2	443	186	981
"RI"	2000	"NORTH KINGSTOWN"	2307	1697	1110	590	414	1105	395	686	1098	2	557	147	1069
"RI"	2000	"NORTH KINGSTOWN"	2308	1331	879	417	352	873	333	515	864	2	456	147	846
"RI"	2000	"NORTH KINGSTOWN"	2309	1805	1156	581	454	1148	361	749	1137	2	559	200	1120
"RI"	2000	"NORTH KINGSTOWN"	2310	2425	1714	815	771	1702	628	1045	1692	2	854	292	1652
"RI"	2000	"NORTH KINGSTOWN"	2311	1790	1350	649	597	1345	550	771	1335	2	656	270	1304
"RI"	2000	"NORTH KINGSTOWN"	2312	0	385	208	152	385	3	3	6	2	5	1	6
"RI"	2000	"PROVIDENCE"	2801	764	302	210	62	300	138	143	291	2	197	24	282
"RI"	2000	"PROVIDENCE"	2804	1002	372	251	74	369	225	125	359	2	268	18	352
"RI"	2000	"PROVIDENCE"	2805	1378	510	366	111	507	299	186	498	2	370	45	482
"RI"	2000	"PROVIDENCE"	2809	800	337	229	74	336	156	161	326	2	235	39	320
"RI"	2000	"PROVIDENCE"	2810	728	261	182	61	261	149	96	252	2	187	13	248
"RI"	2000	"PROVIDENCE"	2811	451	186	143	31	184	96	62	163	2	120	10	156
"RI"	2000	"PROVIDENCE"	2838	759	535	314	167	535	289	228	527	2	350	33	510
"RI"	2000	"PROVIDENCE"	2839	1358	789	532	186	780	388	377	771	2	556	57	760
"RI"	2000	"PROVIDENCE"	2840	420	250	162	64	247	118	121	245	2	170	19	240
"RI"	2000	"PROVIDENCE"	2841	1813	1011	673	261	1006	539	449	1003	2	704	79	967
"RI"	2000	"PROVIDENCE"	2842	822	300	208	76	297	167	117	293	2	220	19	294
"RI"	2000	"PROVIDENCE"	2843	71	0	0	0	0	0	0	0	2	0	0	0
"RI"	2000	"PROVIDENCE"	2844	263	83	65	10	83	52	29	83	2	60	3	79
"RI"	2000	"PROVIDENCE"	2845	376	152	111	34	149	98	48	147	2	121	10	141
"RI"	2000	"PROVIDENCE"	2847	113	63	39	19	62	32	29	61	2	49	4	59
"RI"	2000	"PROVIDENCE"	2853	445	287	142	110	283	143	131	281	2	181	34	275
"RI"	2000	"PROVIDENCE"	2854	417	122	110	5	117	96	16	115	2	104	2	111
"RI"	2000	"PROVIDENCE"	2855	9	7	7	0	7	5	2	7	2	6	0	7
"RI"	2000	"PROVIDENCE"	2856	249	51	40	9	51	34	15	50	2	43	2	48
"RI"	2000	"PROVIDENCE"	2857	842	328	249	39	325	206	93	312	2	242	22	311
"RI"	2000	"PROVIDENCE"	2858	466	130	108	18	130	94	35	129	2	100	9	126
"RI"	2000	"PROVIDENCE"	2859	1666	738	558	82	731	428	268	713	2	510	43	686
"RI"	2000	"PROVIDENCE"	2860	380	147	119	25	146	106	37	145	2	127	10	142
"RI"	2000	"PROVIDENCE"	2861	184	60	53	7	60	43	10	55	2	50	2	54
"RI"	2000	"PROVIDENCE"	2862	1459	693	489	160	688	371	288	677	2	477	63	660
"RI"	2000	"PROVIDENCE"	2863	605	354	230	86	345	179	159	346	2	248	20	337
"RI"	2000	"PROVIDENCE"	2864	1395	624	442	137	615	349	252	611	2	458	40	601
"RI"	2000	"PROVIDENCE"	2865	1052	440	325	89	439	257	167	435	2	319	31	421
"RI"	2000	"PROVIDENCE"	2866	734	376	297	56	373	221	134	362	2	287	18	356
"RI"	2000	"PROVIDENCE"	2867	1818	749	545	155	745	441	277	737	2	557	59	718
"RI"	2000	"PROVIDENCE"	2868	171	57	44	9	56	41	14	57	2	44	5	55
"RI"	2000	"PROVIDENCE"	2869	209	85	67	17	84	46	36	83	2	70	3	81
"RI"	2000	"PROVIDENCE"	2870	900	261	211	40	254	179	60	247	2	207	15	241
"RI"	2000	"PROVIDENCE"	2871	49	8	6	1	8	6	2	8	2	7	0	8
"RI"	2000	"PROVIDENCE"	2872	1403	689	533	134	686	388	283	678	2	539	45	654
"RI"	2000	"PROVIDENCE"	2873	1378	576	447	103	570	341	200	556	2	450	30	534
"RI"	2000	"PROVIDENCE"	2874	1838	802	603	145	793	521	256	794	2	628	48	776
"RI"	2000	"PROVIDENCE"	2875	134	59	45	9	59	43	14	58	2	44	3	57
"RI"	2000	"PROVIDENCE"	2876	1073	409	295	67	404	221	170	403	2	290	28	393
"RI"	2000	"PROVIDENCE"	2877	1119	388	298	65	384	190	175	375	2	269	24	360
"RI"	2000	"PROVIDENCE"	2878	1072	359	265	59	357	180	156	350	2	254	23	333
"RI"	2000	"PROVIDENCE"	2879	1229	402	301	74	399	205	179	393	2	291	21	372
"RI"	2000	"PROVIDENCE"	2880	32	11	8	1	11	6	4	10	2	8	1	10
"RI"	2000	"PROVIDENCE"	2881	768	255	199	42	254	158	83	247	2	199	16	245
"RI"	2000	"PROVIDENCE"	2882	345	162	120	22	162	90	56	159	2	112	14	158
"RI"	2000	"PROVIDENCE"	2883	1597	540	478	49	534	423	94	523	2	457	21	511
"RI"	2000	"PROVIDENCE"	2884	1740	901	653	199	895	536	324	883	2	635	78	868
"RI"	2000	"PROVIDENCE"	2885	380	165	135	17	163	114	48	164	2	137	4	161
"RI"	2000	"PROVIDENCE"	2886	587	180	165	11	178	138	37	176	2	158	7	173
"RI"	2000	"PROVIDENCE"	2887	165	61	53	7	60	45	12	59	2	55	4	60
"RI"	2000	"PROVIDENCE"	2888	77	22	19	2	22	18	2	21	2	17	2	21
"RI"	2000	"PROVIDENCE"	2889	66	91	76	12	90	62	24	86	2	71	7	84
"RI"	2000	"PROVIDENCE"	2890	234	102	87	8	102	76	23	99	2	85	6	100
"RI"	2000	"PROVIDENCE"	2891	2442	1186	1035	99	1179	893	254	1161	2	997	47	1143
"RI"	2000	"PROVIDENCE"	2892	232	132	105	21	130	79	50	129	2	95	11	128
"RI"	2000	"PROVIDENCE"	2893	358	208	151	38	206	123	74	204	2	138	15	198
"RI"	2000	"PROVIDENCE"	2894	696	315	286	23	310	251	49	305	2	265	12	295
"RI"	2000	"PROVIDENCE"	2895	193	83	72	9	83	67	14	83	2	67	6	80
"RI"	2000	"PROVIDENCE"	2896	1678	600	532	36	594	401	153	577	2	496	20	570
"RI"	2000	"PROVIDENCE"	2897	1327	583	530	33	577	445	108	565	2	483	29	549
"RI"	2000	"PROVIDENCE"	2898	235	75	56	13	75	49	19	68	2	56	6	70
"RI"	2000	"PROVIDENCE"	2899	577	227	178	25	225	140	72	216	2	158	16	212
"RI"	2000	"PROVIDENCE"	9900	903	359	330	23	359	243	96	347	2	302	12	340
"RI"	2000	"PROVIDENCE"	9901	873	432	376	43	430	288	127	421	2	354	25	406
"RI"	2000	"PROVIDENCE"	9902	1057	512	425	67	510	334	151	496	2	399	19	481
"RI"	2000	"PROVIDENCE"	9903	1013	529	448	56	525	348	159	520	2	419	23	499
"RI"	2000	"PROVIDENCE"	9904		3210	2380	368	3202			0	2	3	1	4
"RI"	2000	"RICHMOND"	2901	1817	1190	593	475	1183	410	739	1180	2	466	182	1159
"RI"	2000	"RICHMOND"	2902	1214	743	377	288	739	235	473	731	2	283	149	722
"RI"	2000	"RICHMOND"	2903	1443	968	543	316	964	353	585	956	2	388	125	938
"RI"	2000	"RICHMOND"	2904	0	139	78	46	139	1	1	2	2	1	0	2
"RI"	2000	"SCITUATE"	3001	1433	1046	476	488	1034	284	719	1031	2	502	260	1004
"RI"	2000	"SCITUATE"	3002	1164	817	402	345	806	265	529	812	2	453	168	801
"RI"	2000	"SCITUATE"	3003	1501	1090	419	586	1084	318	736	1078	2	513	297	1057
"RI"	2000	"SCITUATE"	3004	1565	1131	540	491	1123	348	745	1120	2	557	265	1101
"RI"	2000	"SCITUATE"	3005	1317	923	433	405	916	303	596	913	2	472	205	894
"RI"	2000	"SCITUATE"	3006	0	110	70	31	110	10	6	17	2	12	2	17
"RI"	2000	"SOUTH KINGSTOWN"	3201	2010	613	380	126	612	281	243	541	2	250	79	498
"RI"	2000	"SOUTH KINGSTOWN"	3202	1296	854	461	275	851	327	512	850	2	392	100	825
"RI"	2000	"SOUTH KINGSTOWN"	3203	1965	1308	700	438	1294	498	767	1292	2	593	188	1263
"RI"	2000	"SOUTH KINGSTOWN"	3204	820	535	260	209	531	185	332	532	2	240	82	519
"RI"	2000	"SOUTH KINGSTOWN"	3205	2265	1578	873	500	1569	562	958	1550	2	740	211	1511
"RI"	2000	"SOUTH KINGSTOWN"	3206	2168	1580	782	599	1573	560	960	1553	2	688	206	1527
"RI"	2000	"SOUTH KINGSTOWN"	3207	1535	891	526	226	886	356	496	876	2	402	90	853
"RI"	2000	"SOUTH KINGSTOWN"	3208	1262	846	407	312	837	268	532	829	2	309	150	815
"RI"	2000	"SOUTH KINGSTOWN"	3209	649	456	237	148	451	155	287	450	2	185	63	440
"RI"	2000	"SOUTH KINGSTOWN"	3210	1973	1407	663	589	1394	445	926	1390	2	589	247	1367
"RI"	2000	"SOUTH KINGSTOWN"	3211	2024	1356	717	497	1349	450	854	1337	2	592	230	1308
"RI"	2000	"SOUTH KINGSTOWN"	3212	0	476	284	131	475	3	0	3	2	3	0	3
"RI"	2000	"WARWICK"	3501	255	172	114	46	168	83	83	171	2	130	13	168
"RI"	2000	"WARWICK"	3502	452	275	170	86	270	86	180	271	2	185	40	265
"RI"	2000	"WARWICK"	3503	433	234	166	56	233	93	136	233	2	153	21	224
"RI"	2000	"WARWICK"	3504	303	174	129	36	170	99	68	168	2	135	13	163
"RI"	2000	"WARWICK"	3505	575	407	249	102	404	128	271	403	2	248	41	397
"RI"	2000	"WARWICK"	3506	1314	930	559	287	920	318	594	923	2	613	90	904
"RI"	2000	"WARWICK"	3507	1678	1155	733	327	1150	411	719	1144	2	777	125	1126
"RI"	2000	"WARWICK"	3508	1456	1047	577	402	1044	347	679	1037	2	708	141	1028
"RI"	2000	"WARWICK"	3509	189	128	90	29	128	46	77	127	2	94	7	123
"RI"	2000	"WARWICK"	3510	133	85	59	21	83	32	49	83	2	55	6	80
"RI"	2000	"WARWICK"	3511	806	554	335	174	550	188	353	551	2	344	67	537
"RI"	2000	"WARWICK"	3512	1593	1150	633	411	1139	362	768	1142	2	734	134	1120
"RI"	2000	"WARWICK"	3513	1181	803	530	215	797	300	486	799	2	564	63	789
"RI"	2000	"WARWICK"	3514	1445	929	606	264	920	347	557	921	2	647	101	906
"RI"	2000	"WARWICK"	3515	1108	720	477	196	714	274	421	705	2	487	90	695
"RI"	2000	"WARWICK"	3516	1376	898	590	246	887	326	546	886	2	628	87	873
"RI"	2000	"WARWICK"	3517	1340	908	605	232	898	298	582	898	2	631	65	883
"RI"	2000	"WARWICK"	3518	1352	913	600	265	907	306	589	907	2	645	87	893
"RI"	2000	"WARWICK"	3519	1441	984	609	292	973	384	576	977	2	679	91	955
"RI"	2000	"WARWICK"	3520	1387	917	595	264	911	308	591	909	2	615	83	886
"RI"	2000	"WARWICK"	3521	904	582	355	190	578	205	360	578	2	359	74	562
"RI"	2000	"WARWICK"	3522	1586	1026	646	281	1023	343	650	1018	2	626	89	998
"RI"	2000	"WARWICK"	3523	261	148	101	34	146	64	78	146	2	97	12	145
"RI"	2000	"WARWICK"	3524	115	63	39	16	63	22	38	62	2	33	8	60
"RI"	2000	"WARWICK"	3525	1476	968	653	247	959	352	592	960	2	633	98	933
"RI"	2000	"WARWICK"	3526	1284	746	446	248	740	240	495	744	2	465	100	725
"RI"	2000	"WARWICK"	3527	1406	870	550	241	865	295	556	864	2	559	88	845
"RI"	2000	"WARWICK"	3528	1859	1270	653	519	1261	326	918	1260	2	720	187	1241
"RI"	2000	"WARWICK"	3529	578	310	191	89	306	89	212	309	2	189	35	301
"RI"	2000	"WARWICK"	3530	837	499	309	144	495	180	310	495	2	313	70	483
"RI"	2000	"WARWICK"	3531	1399	831	553	205	821	293	509	820	2	562	66	808
"RI"	2000	"WARWICK"	3532	1233	766	508	191	757	281	463	758	2	544	59	745
"RI"	2000	"WARWICK"	3533	1253	874	525	267	857	294	565	869	2	581	82	860
"RI"	2000	"WARWICK"	3534	1464	1012	580	352	1004	343	642	998	2	639	133	981
"RI"	2000	"WARWICK"	3535	444	290	202	72	289	98	186	289	2	199	36	285
"RI"	2000	"WARWICK"	3536	1008	681	430	199	674	251	420	677	2	478	76	669
"RI"	2000	"WARWICK"	3537	691	441	306	101	435	181	246	437	2	300	44	428
"RI"	2000	"WARWICK"	3538	425	302	186	97	301	97	201	302	2	216	32	299
"RI"	2000	"WARWICK"	3539	2338	1461	947	423	1450	585	844	1450	2	991	146	1422
"RI"	2000	"WARWICK"	3540	876	410	232	134	405	113	278	403	2	220	74	394
"RI"	2000	"WARWICK"	3541	2048	1355	784	467	1347	437	885	1341	2	857	191	1308
"RI"	2000	"WARWICK"	3542	10	5	4	1	5	2	2	5	2	3	0	5
"RI"	2000	"WARWICK"	3543	1375	958	553	325	953	303	633	953	2	564	142	930
"RI"	2000	"WARWICK"	3544	2180	1490	719	686	1483	431	1029	1480	2	871	251	1444
"RI"	2000	"WARWICK"	3545	1247	800	493	271	792	339	445	791	2	542	129	775
"RI"	2000	"WARWICK"	3546	1654	1063	524	472	1060	279	765	1056	2	612	207	1030
"RI"	2000	"WARWICK"	3547	770	570	308	201	564	89	471	569	2	289	98	552
"RI"	2000	"WARWICK"	3548	1048	671	366	258	666	197	466	669	2	392	101	658
"RI"	2000	"WARWICK"	3549	1414	1035	570	377	1027	320	690	1024	2	600	150	1005
"RI"	2000	"WARWICK"	3550	350	217	104	91	213	72	136	214	2	118	44	209
"RI"	2000	"WARWICK"	3551	1673	1120	657	380	1109	387	706	1107	2	683	158	1069
"RI"	2000	"WARWICK"	3552	1005	713	392	269	704	233	461	704	2	437	126	694
"RI"	2000	"WARWICK"	3553	1225	668	426	204	659	251	401	659	2	437	104	643
"RI"	2000	"WARWICK"	3554	200	112	66	39	111	38	71	111	2	72	11	111
"RI"	2000	"WARWICK"	3555	1083	798	504	241	789	265	522	796	2	509	129	773
"RI"	2000	"WARWICK"	3556	701	445	203	201	442	125	304	437	2	221	96	419
"RI"	2000	"WARWICK"	3557	0	739	437	257	739	0	0	0	2	0	0	0
"RI"	2000	"WEST GREENWICH"	3701	983	698	379	255	694	233	435	689	2	354	113	676
"RI"	2000	"WEST GREENWICH"	3702	1282	907	434	403	904	251	628	899	2	374	180	878
"RI"	2000	"WEST GREENWICH"	3703	981	699	293	348	697	183	491	689	2	324	121	673
"RI"	2000	"WEST GREENWICH"	3704	0	68	34	29	68	0	0	0	2	0	0	0
"RI"	2000	"WEST WARWICK"	3801	1455	883	571	275	880	409	434	868	2	570	90	844
"RI"	2000	"WEST WARWICK"	3802	236	146	75	53	144	68	71	142	2	79	22	138
"RI"	2000	"WEST WARWICK"	3803	1188	611	388	182	601	268	316	604	2	410	85	598
"RI"	2000	"WEST WARWICK"	3804	392	180	112	53	179	88	83	179	2	120	17	177
"RI"	2000	"WEST WARWICK"	3805	792	456	293	136	449	199	237	446	2	311	48	440
"RI"	2000	"WEST WARWICK"	3806	805	469	289	149	467	169	276	464	2	294	58	460
"RI"	2000	"WEST WARWICK"	3807	1140	782	532	212	770	415	349	775	2	563	78	754
"RI"	2000	"WEST WARWICK"	3808	1417	921	602	257	913	413	485	914	2	625	99	887
"RI"	2000	"WEST WARWICK"	3809	1103	774	479	243	764	331	426	769	2	541	77	761
"RI"	2000	"WEST WARWICK"	3810	1141	657	416	194	651	324	306	646	2	433	81	630
"RI"	2000	"WEST WARWICK"	3811	439	295	195	72	284	129	152	292	2	198	30	282
"RI"	2000	"WEST WARWICK"	3812	1081	690	439	208	682	275	397	686	2	465	85	674
"RI"	2000	"WEST WARWICK"	3813	925	556	328	195	550	275	261	548	2	355	63	535
"RI"	2000	"WEST WARWICK"	3814	446	292	196	77	289	137	149	292	2	193	33	281
"RI"	2000	"WEST WARWICK"	3815	1319	835	507	281	831	305	514	827	2	506	110	807
"RI"	2000	"WEST WARWICK"	3816	1231	792	492	245	785	315	447	783	2	526	89	760
"RI"	2000	"WEST WARWICK"	3817	1725	1172	676	430	1168	488	657	1162	2	759	145	1136
"RI"	2000	"WEST WARWICK"	3818	0	330	211	103	330	2	7	10	2	6	2	11
"RI"	2000	"WESTERLY"	3601	739	419	239	155	417	179	211	408	2	237	78	392
"RI"	2000	"WESTERLY"	3602	1181	733	453	234	718	383	305	697	2	449	103	655
"RI"	2000	"WESTERLY"	3603	1462	781	504	221	779	384	346	752	2	453	114	715
"RI"	2000	"WESTERLY"	3604	864	491	294	156	485	214	254	474	2	282	77	453
"RI"	2000	"WESTERLY"	3605	1375	830	456	319	826	350	450	816	2	448	161	779
"RI"	2000	"WESTERLY"	3606	1664	1137	659	389	1127	505	580	1110	2	641	187	1057
"RI"	2000	"WESTERLY"	3607	1465	832	465	317	825	374	415	804	2	445	154	770
"RI"	2000	"WESTERLY"	3608	1416	928	537	334	922	428	457	904	2	511	165	864
"RI"	2000	"WESTERLY"	3609	1409	1029	524	440	1027	367	619	1007	2	525	219	963
"RI"	2000	"WESTERLY"	3610	1402	940	433	455	939	328	571	919	2	391	248	873
"RI"	2000	"WESTERLY"	3611	1066	690	356	290	683	224	442	679	2	333	148	643
"RI"	2000	"WESTERLY"	3612	1344	880	441	363	877	298	539	859	2	408	184	838
"RI"	2000	"WESTERLY"	3613	0	308	163	120	308	0	1	1	2	1	0	1
