state	year	town	precinct	g2006_REG_tv	g2006_BALL_tv	g2006_USS_dv	g2006_USS_rv	g2006_USS_tv	cd	g2006_USH_dv	g2006_USH_rv	g2006_USH_tv	g2006_GOV_dv	g2006_GOV_rv	g2006_GOV_tv	g2006_LTG_dv	g2006_LTG_rv	g2006_LTG_tv	g2006_SOS_dv	g2006_SOS_rv	g2006_SOS_tv	g2006_ATG_dv	g2006_ATG_rv	g2006_ATG_tv	g2006_TRE_dv	g2006_TRE_rv	g2006_TRE_tv
"RI"	2006	"BARRINGTON"	101	1710	1078	466	598	1064	1	620	349	1047	368	691	1059	463	324	1059	441	585	1026	558	492	1050	664	345	1009
"RI"	2006	"BARRINGTON"	102	1791	811	347	453	800	1	467	265	791	299	506	805	353	249	796	343	428	771	420	376	796	485	283	768
"RI"	2006	"BARRINGTON"	103	1609	1006	410	583	993	1	571	352	988	300	697	997	436	318	989	392	566	958	462	519	981	606	343	949
"RI"	2006	"BARRINGTON"	104	1817	1194	568	610	1178	1	707	356	1162	452	726	1178	534	335	1168	530	599	1129	585	566	1151	730	391	1121
"RI"	2006	"BARRINGTON"	105	1876	1254	538	700	1238	1	668	433	1213	414	827	1241	580	341	1225	465	720	1185	585	624	1209	707	459	1166
"RI"	2006	"BARRINGTON"	106	1769	1165	380	771	1151	1	534	535	1132	276	882	1158	484	427	1139	333	778	1111	485	649	1134	577	518	1095
"RI"	2006	"BARRINGTON"	107	1436	894	457	429	886	1	582	230	881	406	482	888	438	241	882	456	407	863	548	331	879	629	226	855
"RI"	2006	"BARRINGTON"	108	1577	1043	447	578	1025	1	607	329	1012	373	659	1032	388	295	1028	433	565	998	521	493	1014	641	355	996
"RI"	2006	"BARRINGTON"	109	0	0	0	0	0	1	0	0	0	0	0	0	0	0	0	0	0	0	0	0	0	0	0	0
"RI"	2006	"BRISTOL"	201	1556	1024	480	524	1004	1	622	303	991	394	613	1007	427	269	999	439	515	954	557	429	986	632	327	959
"RI"	2006	"BRISTOL"	202	1483	970	397	557	954	1	542	316	928	328	631	959	411	309	951	325	583	908	449	485	934	564	345	909
"RI"	2006	"BRISTOL"	203	1892	1077	587	454	1041	1	747	226	1039	507	544	1051	462	257	1035	595	404	999	687	340	1027	761	234	995
"RI"	2006	"BRISTOL"	204	938	516	286	217	503	1	368	104	502	260	249	509	207	131	508	279	210	489	338	158	496	357	125	482
"RI"	2006	"BRISTOL"	205	970	636	285	346	631	1	376	199	617	250	380	630	190	202	622	289	302	591	355	262	617	393	196	589
"RI"	2006	"BRISTOL"	206	1786	846	456	377	833	1	540	200	812	416	415	831	382	187	824	419	370	789	491	323	814	556	231	787
"RI"	2006	"BRISTOL"	207	413	299	137	154	291	1	166	108	288	105	193	298	112	107	295	114	178	292	140	155	295	179	109	288
"RI"	2006	"BRISTOL"	208	1040	513	318	180	498	1	373	93	503	275	233	508	241	116	497	298	179	477	337	154	491	371	106	477
"RI"	2006	"BRISTOL"	209	1983	1159	657	480	1137	1	799	248	1128	589	555	1144	501	288	1135	628	463	1091	750	378	1128	840	254	1094
"RI"	2006	"BRISTOL"	210	2268	773	412	340	752	1	528	177	751	363	393	756	341	197	748	397	330	727	484	260	744	530	189	719
"RI"	2006	"BRISTOL"	211	1942	952	560	364	924	1	673	187	923	520	409	929	439	220	926	545	341	886	639	279	918	693	195	888
"RI"	2006	"BRISTOL"	212	0	0	0	0	0	1	0	0	0	0	0	0	0	0	0	0	0	0	0	0	0	0	0	0
"RI"	2006	"BURRILLVILLE"	301	1978	0	539	423	962	1	672	220	953	578	399	977	528	315	960	522	413	935	588	371	959	679	246	925
"RI"	2006	"BURRILLVILLE"	302	1915	985	509	465	974	1	630	248	966	573	413	986	503	341	966	489	440	929	590	373	963	632	297	929
"RI"	2006	"BURRILLVILLE"	303	1890	994	535	505	1040	1	657	287	1032	563	489	1052	546	356	1038	526	489	1015	619	408	1027	686	312	998
"RI"	2006	"BURRILLVILLE"	304	1463	1059	443	325	768	1	525	170	754	483	291	774	437	231	759	413	330	743	453	295	748	527	198	725
"RI"	2006	"BURRILLVILLE"	305	1680	783	459	379	838	1	536	201	828	467	380	847	447	267	819	430	380	810	483	333	816	570	228	798
"RI"	2006	"BURRILLVILLE"	306	2053	849	513	563	1076	1	662	311	1076	492	600	1092	492	404	1076	504	544	1048	588	467	1055	663	362	1025
"RI"	2006	"BURRILLVILLE"	307	0	1105	0	0	0	1	0	0	0	0	0	0	0	0	0	0	0	0	0	0	0	0	0	0
"RI"	2006	"CENTRAL FALLS"	401	1162	463	342	111	453	1	384	41	450	333	116	449	333	72	448	351	92	443	357	92	449	396	49	445
"RI"	2006	"CENTRAL FALLS"	402	541	215	163	45	208	1	176	22	207	156	52	208	154	37	209	164	40	204	179	31	210	184	21	205
"RI"	2006	"CENTRAL FALLS"	403	1285	550	427	105	532	1	465	49	528	413	118	531	417	79	526	421	96	517	455	66	521	465	55	520
"RI"	2006	"CENTRAL FALLS"	404	1028	499	386	95	481	1	435	32	482	359	121	480	359	82	470	373	95	468	390	86	476	431	37	468
"RI"	2006	"CENTRAL FALLS"	405	601	227	184	36	220	1	189	20	218	172	50	222	162	39	217	177	39	216	186	33	219	189	27	216
"RI"	2006	"CENTRAL FALLS"	406	679	357	254	96	350	1	297	38	350	234	118	352	248	71	347	253	93	346	283	67	350	299	49	348
"RI"	2006	"CENTRAL FALLS"	407	234	112	73	37	110	1	91	12	109	79	31	110	78	23	108	74	33	107	84	25	109	89	18	107
"RI"	2006	"CENTRAL FALLS"	408	661	304	211	92	303	1	248	35	297	211	90	301	214	56	297	207	81	288	231	66	297	251	44	295
"RI"	2006	"CENTRAL FALLS"	409	0	6	6	0	6	1	6	0	6	6	0	6	6	0	6	6	0	6	6	0	6	6	0	6
"RI"	2006	"CHARLESTOWN"	501	1045	605	296	299	595	2	360	205	565	307	291	598	288	186	591	275	295	570	342	244	586	401	174	575
"RI"	2006	"CHARLESTOWN"	502	832	530	226	290	516	2	303	185	488	227	299	526	237	190	505	229	267	496	273	238	511	323	168	491
"RI"	2006	"CHARLESTOWN"	503	1081	638	253	367	620	2	373	205	578	218	414	632	301	266	629	254	363	617	330	288	618	377	226	603
"RI"	2006	"CHARLESTOWN"	504	1247	827	294	529	823	2	444	321	765	258	561	819	352	359	805	287	497	784	371	426	797	471	310	781
"RI"	2006	"CHARLESTOWN"	505	326	192	100	90	190	2	113	67	180	116	74	190	107	54	188	94	89	183	102	83	185	126	55	181
"RI"	2006	"CHARLESTOWN"	506	848	514	222	292	514	2	309	170	479	225	284	509	262	153	499	223	258	481	316	183	499	325	157	482
"RI"	2006	"CHARLESTOWN"	507	841	550	262	275	537	2	341	170	511	284	260	544	275	178	534	267	246	513	313	215	528	351	157	508
"RI"	2006	"CHARLESTOWN"	508	0	3	2	1	3	2	2	1	3	1	2	3	1	2	3	2	1	3	2	1	3	1	1	2
"RI"	2006	"COVENTRY"	601	1330	869	475	378	853	2	567	245	812	444	414	858	367	352	854	428	411	839	477	367	844	577	251	828
"RI"	2006	"COVENTRY"	602	1946	1331	722	586	1308	2	906	337	1243	662	650	1312	632	508	1298	669	597	1266	728	563	1291	919	339	1258
"RI"	2006	"COVENTRY"	603	1400	922	494	418	912	2	607	250	857	443	468	911	439	356	902	423	462	885	495	399	894	609	270	879
"RI"	2006	"COVENTRY"	604	1338	948	476	448	924	2	654	224	878	418	514	932	387	403	922	437	455	892	497	417	914	627	256	883
"RI"	2006	"COVENTRY"	605	1278	835	455	368	823	2	581	193	774	366	461	827	377	333	821	427	373	800	447	361	808	571	222	793
"RI"	2006	"COVENTRY"	606	1234	858	411	442	853	2	597	207	804	403	448	851	394	330	837	416	401	817	460	379	839	587	221	808
"RI"	2006	"COVENTRY"	607	416	277	137	138	275	2	185	72	257	123	149	272	115	118	272	141	124	265	135	131	266	180	82	262
"RI"	2006	"COVENTRY"	608	672	533	208	321	529	2	376	121	497	176	355	531	199	278	524	186	328	514	243	277	520	329	179	508
"RI"	2006	"COVENTRY"	609	1502	1069	510	544	1054	2	674	303	977	448	609	1057	406	475	1041	460	544	1004	519	510	1029	641	353	994
"RI"	2006	"COVENTRY"	610	672	485	270	204	474	2	344	111	455	261	218	479	235	187	477	249	212	461	256	215	471	347	113	460
"RI"	2006	"COVENTRY"	611	1391	917	479	429	908	2	611	246	857	431	478	909	409	399	907	431	453	884	511	380	891	603	267	870
"RI"	2006	"COVENTRY"	612	1363	965	458	488	946	2	610	273	883	439	513	952	429	373	942	418	507	925	505	435	940	624	300	924
"RI"	2006	"COVENTRY"	613	1000	631	372	241	613	2	423	148	571	348	271	619	330	223	614	350	253	603	357	252	609	467	134	601
"RI"	2006	"COVENTRY"	614	1318	916	511	391	902	2	644	233	877	464	441	905	434	359	900	476	407	883	498	392	890	664	206	870
"RI"	2006	"COVENTRY"	615	1467	1026	513	495	1008	2	707	247	954	496	522	1018	443	422	1006	487	490	977	560	434	994	711	270	981
"RI"	2006	"COVENTRY"	616	1088	780	279	488	767	2	483	209	692	232	540	772	279	396	753	254	485	739	312	434	746	422	299	721
"RI"	2006	"COVENTRY"	617	951	655	353	293	646	2	425	178	603	316	330	646	307	241	642	325	302	627	339	293	632	430	197	627
"RI"	2006	"COVENTRY"	618	1245	833	328	489	817	2	490	258	748	310	514	824	325	384	824	303	491	794	387	426	813	483	309	792
"RI"	2006	"COVENTRY"	619	461	334	134	195	329	2	205	100	305	127	203	330	124	154	327	113	208	321	152	174	326	181	134	315
"RI"	2006	"COVENTRY"	620	0	0	0	0	0	2	0	0	0	0	0	0	0	0	0	0	0	0	0	0	0	0	0	0
"RI"	2006	"CRANSTON"	701	1822	827	502	291	793	2	606	156	762	477	329	806	475	257	791	518	259	777	525	261	786	653	130	783
"RI"	2006	"CRANSTON"	702	1068	552	329	209	538	2	409	107	516	309	237	546	298	190	532	329	195	524	352	182	534	445	84	529
"RI"	2006	"CRANSTON"	703	865	403	286	110	396	2	303	74	377	283	115	398	278	89	394	288	103	391	283	108	391	342	47	389
"RI"	2006	"CRANSTON"	706	1853	876	551	298	849	2	644	170	814	529	335	864	528	238	847	547	288	835	550	302	852	709	129	838
"RI"	2006	"CRANSTON"	707	1014	546	353	176	529	2	411	104	515	293	240	533	289	172	520	324	194	518	325	196	521	434	80	514
"RI"	2006	"CRANSTON"	708	565	320	167	148	315	2	257	44	301	162	154	316	153	136	311	176	129	305	194	115	309	250	58	308
"RI"	2006	"CRANSTON"	709	1089	627	357	257	614	2	447	135	582	322	299	621	345	205	615	354	245	599	386	221	607	488	114	602
"RI"	2006	"CRANSTON"	710	1594	1119	481	623	1104	2	760	277	1037	403	703	1106	440	553	1096	473	615	1088	547	545	1092	767	304	1071
"RI"	2006	"CRANSTON"	711	1572	1082	480	580	1060	2	742	259	1001	428	638	1066	484	472	1048	466	568	1034	535	504	1039	750	278	1028
"RI"	2006	"CRANSTON"	712	354	276	114	157	271	2	180	80	260	107	164	271	109	139	266	108	148	256	138	126	264	199	61	260
"RI"	2006	"CRANSTON"	713	1777	1237	550	660	1210	2	828	320	1148	459	767	1226	507	578	1207	481	707	1188	614	587	1201	818	365	1183
"RI"	2006	"CRANSTON"	714	1412	980	489	466	955	2	698	219	917	445	517	962	443	403	958	446	490	936	528	418	946	716	223	939
"RI"	2006	"CRANSTON"	715	1042	705	370	320	690	2	504	156	660	348	353	701	323	301	688	355	323	678	421	266	687	523	152	675
"RI"	2006	"CRANSTON"	716	1374	963	442	498	940	2	667	226	893	398	557	955	415	443	946	411	512	923	490	450	940	708	218	926
"RI"	2006	"CRANSTON"	717	628	443	230	204	434	2	311	102	413	216	218	434	215	158	430	210	213	423	241	187	428	320	103	423
"RI"	2006	"CRANSTON"	718	116	74	46	26	72	2	54	17	71	43	30	73	45	17	70	45	27	72	46	25	71	58	10	68
"RI"	2006	"CRANSTON"	719	693	439	217	208	425	2	287	118	405	205	226	431	207	176	422	216	200	416	230	193	423	317	107	424
"RI"	2006	"CRANSTON"	720	840	555	314	235	549	2	391	131	522	276	272	548	314	174	545	261	282	543	283	258	541	402	137	539
"RI"	2006	"CRANSTON"	721	1334	927	422	491	913	2	675	184	859	304	614	918	434	398	909	377	517	894	440	463	903	664	230	894
"RI"	2006	"CRANSTON"	722	816	534	274	252	526	2	367	128	495	243	281	524	271	193	520	241	270	511	291	227	518	390	112	502
"RI"	2006	"CRANSTON"	723	1609	1125	470	633	1103	2	796	242	1038	395	715	1110	523	477	1101	446	639	1085	533	566	1099	811	273	1084
"RI"	2006	"CRANSTON"	724	1811	1069	554	500	1054	2	767	247	1014	505	548	1053	571	389	1039	504	517	1021	571	460	1031	772	246	1018
"RI"	2006	"CRANSTON"	726	477	293	197	91	288	2	207	69	276	175	113	288	188	70	284	184	100	284	193	94	287	240	49	289
"RI"	2006	"CRANSTON"	727	1402	906	494	389	883	2	650	204	854	458	432	890	526	274	888	430	442	872	531	352	883	651	208	859
"RI"	2006	"CRANSTON"	728	1307	676	423	237	660	2	526	125	651	365	303	668	351	255	664	419	234	653	452	202	654	544	104	648
"RI"	2006	"CRANSTON"	729	980	616	312	289	601	2	442	142	584	295	314	609	330	227	607	288	308	596	327	277	604	434	165	599
"RI"	2006	"CRANSTON"	730	1487	951	452	475	927	2	663	219	882	370	573	943	457	379	924	378	530	908	449	463	912	649	248	897
"RI"	2006	"CRANSTON"	731	1177	782	416	342	758	2	574	170	744	346	427	773	415	297	767	416	340	756	414	352	766	610	153	763
"RI"	2006	"CRANSTON"	732	983	509	241	250	491	2	325	147	472	222	277	499	261	167	490	238	243	481	258	229	487	339	136	475
"RI"	2006	"CRANSTON"	733	1189	668	345	306	651	2	467	163	630	339	311	650	370	183	643	303	324	627	359	282	641	477	154	631
"RI"	2006	"CRANSTON"	734	645	396	204	177	381	2	255	113	368	188	200	388	182	159	383	173	197	370	199	175	374	266	99	365
"RI"	2006	"CRANSTON"	735	711	386	226	148	374	2	270	96	366	224	156	380	221	121	374	219	155	374	249	131	380	298	75	373
"RI"	2006	"CRANSTON"	736	1418	825	433	378	811	2	561	222	783	423	392	815	460	271	813	377	419	796	475	325	800	586	200	786
"RI"	2006	"CRANSTON"	737	1196	542	330	203	533	2	389	121	510	299	238	537	355	128	531	293	227	520	328	197	525	410	110	520
"RI"	2006	"CRANSTON"	738	799	458	265	183	448	2	301	116	417	258	191	449	291	119	451	253	182	435	285	159	444	340	87	427
"RI"	2006	"CRANSTON"	739	1460	851	481	353	834	2	622	187	809	443	402	845	520	230	833	430	391	821	528	293	821	627	185	812
"RI"	2006	"CRANSTON"	740	1388	785	422	347	769	2	562	178	740	394	381	775	465	233	770	396	351	747	481	275	756	575	172	747
"RI"	2006	"CRANSTON"	741	1412	662	418	233	651	2	423	193	616	428	228	656	451	122	652	393	239	632	443	191	634	495	130	625
"RI"	2006	"CRANSTON"	742	1101	569	292	267	559	2	383	147	530	298	259	557	367	118	553	260	274	534	307	232	539	379	146	525
"RI"	2006	"CRANSTON"	743	1420	911	476	412	888	2	577	259	836	379	520	899	567	240	893	358	507	865	475	405	880	615	237	852
"RI"	2006	"CRANSTON"	744	1441	804	452	337	789	2	596	164	760	434	353	787	528	195	794	375	398	773	472	308	780	575	182	757
"RI"	2006	"CRANSTON"	745	1187	699	352	337	689	2	425	222	647	329	360	689	419	176	687	261	409	670	361	309	670	475	178	653
"RI"	2006	"CRANSTON"	746	952	710	267	433	700	2	480	178	658	193	512	705	248	392	693	267	416	683	313	371	684	445	237	682
"RI"	2006	"CRANSTON"	747	1138	831	393	428	821	2	604	179	783	346	482	828	334	406	814	335	463	798	429	384	813	573	221	794
"RI"	2006	"CRANSTON"	748	857	565	242	311	553	2	360	167	527	228	334	562	213	283	552	224	319	543	275	277	552	389	157	546
"RI"	2006	"CRANSTON"	749	1243	798	459	314	773	2	599	150	749	392	386	778	390	315	765	464	288	752	487	281	768	641	117	758
"RI"	2006	"CRANSTON"	750	1310	913	468	434	902	2	684	197	881	421	482	903	423	392	897	470	419	889	505	384	889	716	173	889
"RI"	2006	"CRANSTON"	751	0	8	3	5	8	2	2	4	6	2	6	8	3	2	7	5	2	7	3	4	7	6	1	7
"RI"	2006	"CUMBERLAND"	801	1585	991	398	573	971	1	589	304	961	337	644	981	494	384	967	409	527	936	519	447	966	601	332	933
"RI"	2006	"CUMBERLAND"	802	1473	775	383	378	761	1	535	185	754	354	414	768	426	262	750	404	328	732	445	305	750	546	182	728
"RI"	2006	"CUMBERLAND"	803	1389	748	431	301	732	1	499	172	728	349	385	734	375	269	724	412	294	706	459	268	727	516	182	698
"RI"	2006	"CUMBERLAND"	804	930	509	292	212	504	1	347	113	498	224	279	503	276	178	499	287	202	489	319	178	497	350	131	481
"RI"	2006	"CUMBERLAND"	805	1497	907	512	376	888	1	629	206	885	442	452	894	535	257	880	534	338	872	560	323	883	641	225	866
"RI"	2006	"CUMBERLAND"	806	1722	976	479	472	951	1	614	250	941	405	563	968	488	364	951	501	423	924	559	382	941	647	268	915
"RI"	2006	"CUMBERLAND"	807	2014	1115	543	554	1097	1	663	330	1089	490	611	1101	563	400	1086	576	496	1072	594	490	1084	715	341	1056
"RI"	2006	"CUMBERLAND"	808	1526	951	434	502	936	1	553	290	924	368	575	943	489	339	927	429	471	900	521	409	930	604	293	897
"RI"	2006	"CUMBERLAND"	809	1624	1030	393	623	1016	1	553	362	987	316	699	1015	453	411	997	377	583	960	467	523	990	556	394	950
"RI"	2006	"CUMBERLAND"	810	1537	918	351	550	901	1	469	334	879	311	598	909	411	390	895	352	513	865	413	468	881	521	324	845
"RI"	2006	"CUMBERLAND"	811	1580	911	400	500	900	1	509	293	878	309	589	898	438	350	878	386	472	858	476	404	880	539	310	849
"RI"	2006	"CUMBERLAND"	812	1268	777	315	452	767	1	441	254	752	243	531	774	341	325	757	312	429	741	365	390	755	468	270	738
"RI"	2006	"CUMBERLAND"	813	911	400	272	120	392	1	300	60	387	257	137	394	261	72	382	262	117	379	277	107	384	311	65	376
"RI"	2006	"CUMBERLAND"	814	927	496	322	162	484	1	363	89	479	293	198	491	311	113	480	313	162	475	331	151	482	376	90	466
"RI"	2006	"CUMBERLAND"	815	1137	608	388	209	597	1	424	117	592	331	273	604	358	151	596	374	216	590	381	211	592	453	126	579
"RI"	2006	"CUMBERLAND"	816	1169	592	385	192	577	1	441	94	578	332	250	582	358	148	574	368	198	566	397	183	580	440	124	564
"RI"	2006	"CUMBERLAND"	817	1515	880	519	339	858	1	624	174	853	421	442	863	489	254	847	487	344	831	549	296	845	642	181	823
"RI"	2006	"CUMBERLAND"	818	1318	713	364	342	706	1	457	170	691	335	373	708	362	249	691	367	300	667	424	266	690	467	198	665
"RI"	2006	"CUMBERLAND"	819	0	1	1	0	1	1	0	1	1	0	1	1	0	1	1	0	1	1	0	1	1	0	1	1
"RI"	2006	"EAST GREENWICH"	901	737	505	147	351	498	2	313	119	432	110	390	500	179	265	495	120	361	481	186	303	489	266	210	476
"RI"	2006	"EAST GREENWICH"	902	1405	995	284	698	982	2	653	244	897	178	813	991	357	496	964	254	679	933	423	531	954	485	422	907
"RI"	2006	"EAST GREENWICH"	903	1529	945	402	525	927	2	587	293	880	310	627	937	436	349	914	356	539	895	450	435	885	572	288	860
"RI"	2006	"EAST GREENWICH"	904	1695	1214	358	837	1195	2	779	319	1098	276	925	1201	458	584	1180	349	802	1151	488	668	1156	611	502	1113
"RI"	2006	"EAST GREENWICH"	905	1133	725	303	390	693	2	475	180	655	209	506	715	287	320	705	250	432	682	334	359	693	426	248	674
"RI"	2006	"EAST GREENWICH"	906	656	474	157	306	463	2	283	148	431	89	381	470	162	228	465	115	337	452	181	280	461	230	207	437
"RI"	2006	"EAST GREENWICH"	907	1522	1037	342	683	1025	2	675	277	952	212	817	1029	413	493	1015	297	679	976	431	562	993	533	427	960
"RI"	2006	"EAST GREENWICH"	908	1134	793	272	511	783	2	495	235	730	204	584	788	285	374	773	271	482	753	359	402	761	431	311	742
"RI"	2006	"EAST GREENWICH"	909	0	8	4	4	8	2	6	1	7	5	3	8	4	3	7	3	4	7	3	4	7	5	2	7
"RI"	2006	"EAST PROVIDENCE"	1001	747	400	286	104	390	1	331	30	388	279	111	390	285	54	384	297	87	384	298	87	385	342	39	381
"RI"	2006	"EAST PROVIDENCE"	1002	1220	628	423	190	613	1	490	69	609	407	208	615	424	111	606	427	167	594	439	159	598	508	86	594
"RI"	2006	"EAST PROVIDENCE"	1003	464	289	160	120	280	1	195	60	282	132	148	280	143	71	276	139	129	268	155	123	278	202	70	272
"RI"	2006	"EAST PROVIDENCE"	1004	1311	822	477	329	806	1	574	154	802	435	380	815	483	195	813	469	317	786	520	286	806	621	172	793
"RI"	2006	"EAST PROVIDENCE"	1005	1018	679	371	301	672	1	474	154	672	338	337	675	384	196	674	361	298	659	435	235	670	499	154	653
"RI"	2006	"EAST PROVIDENCE"	1006	1466	1082	553	507	1060	1	690	298	1049	456	612	1068	594	337	1055	505	521	1026	641	414	1055	730	290	1020
"RI"	2006	"EAST PROVIDENCE"	1007	844	621	225	387	612	1	348	194	597	204	412	616	293	222	610	247	343	590	313	300	613	396	191	587
"RI"	2006	"EAST PROVIDENCE"	1008	291	167	116	48	164	1	127	21	162	102	63	165	104	36	159	109	52	161	118	43	161	128	26	154
"RI"	2006	"EAST PROVIDENCE"	1009	1773	1164	682	464	1146	1	847	235	1141	606	543	1149	650	341	1134	682	434	1116	720	414	1134	877	237	1114
"RI"	2006	"EAST PROVIDENCE"	1010	1211	765	505	248	753	1	594	114	751	467	289	756	478	159	744	518	219	737	516	235	751	605	128	733
"RI"	2006	"EAST PROVIDENCE"	1011	1446	827	478	332	810	1	554	180	804	434	385	819	438	247	816	477	323	800	480	323	803	617	180	797
"RI"	2006	"EAST PROVIDENCE"	1012	711	478	302	166	468	1	352	77	466	262	209	471	284	115	469	288	179	467	320	147	467	378	75	453
"RI"	2006	"EAST PROVIDENCE"	1013	1311	784	520	233	753	1	606	114	760	497	269	766	505	164	759	520	225	745	554	196	750	602	142	744
"RI"	2006	"EAST PROVIDENCE"	1014	1715	1025	724	270	994	1	816	134	996	667	323	990	686	183	970	711	250	961	706	258	964	813	146	959
"RI"	2006	"EAST PROVIDENCE"	1015	1209	667	444	209	653	1	527	86	649	424	230	654	435	136	646	493	152	645	497	149	646	541	98	639
"RI"	2006	"EAST PROVIDENCE"	1016	1354	803	567	226	793	1	654	93	794	509	282	791	524	145	776	553	214	767	576	202	778	644	113	757
"RI"	2006	"EAST PROVIDENCE"	1017	327	207	137	66	203	1	161	28	204	133	71	204	129	43	199	147	49	196	141	59	200	167	31	198
"RI"	2006	"EAST PROVIDENCE"	1018	927	538	391	138	529	1	431	68	529	356	177	533	364	97	524	396	127	523	375	149	524	450	64	514
"RI"	2006	"EAST PROVIDENCE"	1019	382	260	137	120	257	1	175	60	253	124	135	259	146	73	259	139	111	250	148	110	258	181	67	248
"RI"	2006	"EAST PROVIDENCE"	1020	1156	688	409	266	675	1	507	110	678	385	291	676	372	144	681	424	239	663	450	217	667	503	155	658
"RI"	2006	"EAST PROVIDENCE"	1021	1284	874	510	352	862	1	614	172	858	452	413	865	458	237	860	488	345	833	530	326	856	640	197	837
"RI"	2006	"EAST PROVIDENCE"	1022	1419	950	493	441	934	1	635	208	920	450	490	940	498	281	935	514	410	924	531	396	927	670	245	915
"RI"	2006	"EAST PROVIDENCE"	1023	1596	1155	629	507	1136	1	792	259	1134	516	609	1125	562	367	1119	568	527	1095	638	478	1116	840	258	1098
"RI"	2006	"EAST PROVIDENCE"	1024	1389	859	494	353	847	1	606	168	844	436	419	855	441	240	846	468	362	830	515	333	848	632	194	826
"RI"	2006	"EAST PROVIDENCE"	1025	1644	1075	613	444	1057	1	756	229	1056	565	492	1057	590	269	1053	614	415	1029	671	378	1049	787	237	1024
"RI"	2006	"EAST PROVIDENCE"	1026	690	443	232	198	430	1	284	104	431	214	218	432	218	118	431	218	204	422	231	197	428	313	108	421
"RI"	2006	"EAST PROVIDENCE"	1027	0	0	0	0	0	1	0	0	0	0	0	0	0	0	0	0	0	0	0	0	0	0	0	0
"RI"	2006	"EXETER"	1101	1337	1033	455	555	1010	2	611	338	949	430	578	1008	431	402	1000	426	529	955	550	451	1001	604	344	948
"RI"	2006	"EXETER"	1102	1296	887	331	535	866	2	511	302	813	333	540	873	347	333	861	351	487	838	446	405	851	484	332	816
"RI"	2006	"EXETER"	1103	1369	958	355	578	933	2	512	353	865	361	580	941	371	361	917	344	531	875	420	498	918	513	355	868
"RI"	2006	"EXETER"	1104	0	0	0	0	0	2	0	0	0	0	0	0	0	0	0	0	0	0	0	0	0	0	0	0
"RI"	2006	"FOSTER"	1201	1739	1214	589	612	1201	2	755	380	1135	596	603	1199	560	420	1188	568	589	1157	682	498	1180	733	423	1156
"RI"	2006	"FOSTER"	1202	1484	1086	440	632	1072	2	644	352	996	469	603	1072	464	431	1070	452	587	1039	594	460	1054	596	427	1023
"RI"	2006	"FOSTER"	1203	0	0	0	0	0	2	0	0	0	0	0	0	0	0	0	0	0	0	0	0	0	0	0	0
"RI"	2006	"GLOCESTER"	1301	1690	1056	470	559	1029	2	679	292	971	552	492	1044	455	381	1020	472	522	994	525	487	1012	642	345	987
"RI"	2006	"GLOCESTER"	1302	1855	1113	511	586	1097	2	683	340	1023	586	512	1098	517	406	1071	495	552	1047	594	485	1079	657	394	1051
"RI"	2006	"GLOCESTER"	1303	1668	1048	455	571	1026	2	668	293	961	608	430	1038	469	417	1020	448	544	992	513	501	1014	615	362	977
"RI"	2006	"GLOCESTER"	1304	418	276	109	158	267	2	167	86	253	140	133	273	111	114	268	111	150	261	134	130	264	164	90	254
"RI"	2006	"GLOCESTER"	1305	1499	1023	463	539	1002	2	673	265	938	584	427	1011	496	371	1002	490	485	975	524	467	991	660	311	971
"RI"	2006	"GLOCESTER"	1306	0	4	0	4	4	2	4	0	4	1	3	4	1	3	4	1	3	4	1	3	4	2	2	4
"RI"	2006	"HOPKINTON"	1401	1802	954	435	493	928	2	566	310	876	419	524	943	437	312	907	390	499	889	547	377	924	592	294	886
"RI"	2006	"HOPKINTON"	1402	1733	978	441	521	962	2	583	327	910	446	521	967	454	330	953	393	520	913	515	429	944	592	316	908
"RI"	2006	"HOPKINTON"	1403	2331	1260	583	656	1239	2	759	409	1168	543	696	1239	633	412	1229	533	656	1189	643	581	1224	761	423	1184
"RI"	2006	"HOPKINTON"	1404	0	1	0	1	1	2	0	1	1	0	1	1	0	1	1	0	1	1	0	1	1	0	1	1
"RI"	2006	"JAMESTOWN"	1501	1534	1037	526	498	1024	1	632	269	1007	432	595	1027	511	261	1014	477	496	973	482	525	1007	647	310	957
"RI"	2006	"JAMESTOWN"	1502	1451	1023	488	521	1009	1	614	290	995	406	603	1009	466	308	997	435	540	975	480	512	992	632	328	960
"RI"	2006	"JAMESTOWN"	1503	1609	1137	475	653	1128	1	654	376	1103	395	733	1128	488	397	1112	447	639	1086	483	617	1100	663	401	1064
"RI"	2006	"JAMESTOWN"	1504	0	0	0	0	0	1	0	0	0	0	0	0	0	0	0	0	0	0	0	0	0	0	0	0
"RI"	2006	"JOHNSTON"	1601	844	490	291	191	482	2	348	119	467	275	207	482	258	167	480	289	186	475	293	180	473	388	80	468
"RI"	2006	"JOHNSTON"	1602	1188	692	396	288	684	2	489	167	656	350	336	686	332	266	673	429	236	665	379	296	675	545	128	673
"RI"	2006	"JOHNSTON"	1603	1086	616	387	213	600	2	477	120	597	375	236	611	351	199	604	409	189	598	397	202	599	497	91	588
"RI"	2006	"JOHNSTON"	1605	1793	1010	557	438	995	2	756	204	960	511	485	996	475	428	987	613	354	967	575	403	978	776	189	965
"RI"	2006	"JOHNSTON"	1606	1828	1092	622	453	1075	2	794	238	1032	545	532	1077	511	426	1058	600	442	1042	614	442	1056	805	222	1027
"RI"	2006	"JOHNSTON"	1607	1321	677	426	243	669	2	496	142	638	379	288	667	374	220	649	449	197	646	424	229	653	558	94	652
"RI"	2006	"JOHNSTON"	1608	1733	964	607	341	948	2	695	206	901	565	378	943	533	317	935	622	299	921	602	323	925	762	154	916
"RI"	2006	"JOHNSTON"	1609	723	416	245	166	411	2	297	100	397	213	199	412	201	163	409	254	147	401	230	173	403	331	73	404
"RI"	2006	"JOHNSTON"	1610	1454	855	464	375	839	2	594	205	799	428	415	843	436	309	841	485	347	832	495	333	828	630	189	819
"RI"	2006	"JOHNSTON"	1611	1304	842	457	365	822	2	609	168	777	436	397	833	396	359	820	517	292	809	515	299	814	643	166	809
"RI"	2006	"JOHNSTON"	1612	1025	632	375	237	612	2	468	131	599	336	287	623	327	230	616	412	201	613	379	233	612	501	101	602
"RI"	2006	"JOHNSTON"	1613	1673	1001	598	391	989	2	746	211	957	543	445	988	513	368	966	635	330	965	620	349	969	796	158	954
"RI"	2006	"JOHNSTON"	1614	1510	975	566	391	957	2	708	211	919	511	455	966	506	358	950	620	324	944	573	376	949	759	169	928
"RI"	2006	"JOHNSTON"	1615	1411	731	456	261	717	2	529	163	692	412	310	722	400	219	708	457	244	701	441	259	700	558	135	693
"RI"	2006	"JOHNSTON"	1617	1323	669	445	208	653	2	487	143	630	403	256	659	370	208	654	456	189	645	424	225	649	528	118	646
"RI"	2006	"JOHNSTON"	1618	1737	1124	515	585	1100	2	753	315	1068	473	642	1115	470	491	1106	592	499	1091	592	497	1089	771	310	1081
"RI"	2006	"JOHNSTON"	1619	0	12	7	4	11	2	12	0	12	5	7	12	6	3	12	8	3	11	9	2	11	11	1	12
"RI"	2006	"LINCOLN"	1701	1050	732	312	411	723	1	414	221	711	294	433	727	304	333	707	391	318	709	386	330	716	478	217	695
"RI"	2006	"LINCOLN"	1702	1440	936	350	575	925	1	489	332	907	291	641	932	390	439	918	431	470	901	463	449	912	567	326	893
"RI"	2006	"LINCOLN"	1703	755	467	196	261	457	1	285	143	461	186	280	466	215	197	457	211	235	446	261	196	457	287	154	441
"RI"	2006	"LINCOLN"	1704	474	238	127	103	230	1	156	60	228	110	124	234	127	84	228	112	112	224	135	90	225	157	64	221
"RI"	2006	"LINCOLN"	1705	2226	1093	582	487	1069	1	766	216	1062	538	541	1079	576	359	1069	595	449	1044	684	381	1065	767	271	1038
"RI"	2006	"LINCOLN"	1706	1559	903	395	491	886	1	517	292	877	302	592	894	426	359	884	388	464	852	467	403	870	561	289	850
"RI"	2006	"LINCOLN"	1707	177	114	47	66	113	1	66	35	113	38	74	112	56	42	112	48	65	113	56	54	110	67	43	110
"RI"	2006	"LINCOLN"	1708	1107	735	306	421	727	1	444	228	720	250	479	729	337	295	720	340	369	709	409	312	721	430	269	699
"RI"	2006	"LINCOLN"	1709	1037	584	299	278	577	1	395	136	573	254	325	579	306	185	573	287	279	566	347	219	566	406	157	563
"RI"	2006	"LINCOLN"	1710	1415	904	385	497	882	1	533	286	883	328	566	894	392	374	885	380	485	865	452	440	892	550	320	870
"RI"	2006	"LINCOLN"	1711	677	387	175	205	380	1	236	110	381	157	222	379	181	145	378	177	196	373	215	164	379	248	127	375
"RI"	2006	"LINCOLN"	1712	793	456	242	205	447	1	292	119	445	219	229	448	243	162	447	236	205	441	283	162	445	317	121	438
"RI"	2006	"LINCOLN"	1713	829	510	217	280	497	1	296	142	491	200	301	501	218	219	493	262	225	487	289	205	494	327	155	482
"RI"	2006	"LINCOLN"	1714	416	259	150	108	258	1	183	44	253	129	128	257	153	71	254	135	113	248	163	95	258	190	54	244
"RI"	2006	"LINCOLN"	1715	1590	1050	533	498	1031	1	668	262	1028	437	603	1040	520	370	1035	522	499	1021	593	431	1024	696	305	1001
"RI"	2006	"LINCOLN"	1716	742	348	180	158	338	1	219	84	344	171	171	342	176	121	342	187	149	336	198	139	337	235	95	330
"RI"	2006	"LINCOLN"	1717	0	2	1	1	2	1	0	2	2	0	2	2	1	1	2	2	0	2	1	1	2	2	0	2
"RI"	2006	"LITTLE COMPTON"	1801	1533	1000	434	548	982	1	509	390	970	325	667	992	393	308	972	356	574	930	514	460	974	489	431	920
"RI"	2006	"LITTLE COMPTON"	1802	1465	965	407	549	956	1	494	363	936	325	631	956	367	303	941	388	522	910	454	484	938	511	392	903
"RI"	2006	"LITTLE COMPTON"	1803	0	0	0	0	0	1	0	0	0	0	0	0	0	0	0	0	0	0	0	0	0	0	0	0
"RI"	2006	"MIDDLETOWN"	1901	1151	822	382	427	809	1	479	267	798	267	548	815	372	300	800	314	455	769	386	402	788	451	304	755
"RI"	2006	"MIDDLETOWN"	1902	1378	951	404	528	932	1	573	289	929	318	622	940	400	353	930	385	505	890	497	425	922	583	310	893
"RI"	2006	"MIDDLETOWN"	1903	1019	687	303	365	668	1	398	220	669	226	448	674	289	247	665	275	367	642	373	296	669	393	240	633
"RI"	2006	"MIDDLETOWN"	1904	1308	816	403	401	804	1	502	227	792	332	474	806	400	248	791	375	387	762	454	336	790	515	248	763
"RI"	2006	"MIDDLETOWN"	1905	540	264	154	101	255	1	172	66	255	138	124	262	129	79	253	139	106	245	170	86	256	176	71	247
"RI"	2006	"MIDDLETOWN"	1906	1518	955	520	420	940	1	628	237	940	400	542	942	462	323	935	453	460	913	537	394	931	638	264	902
"RI"	2006	"MIDDLETOWN"	1907	1287	635	376	236	612	1	456	125	624	288	338	626	340	185	613	330	266	596	410	203	613	433	160	593
"RI"	2006	"MIDDLETOWN"	1908	1951	1146	603	525	1128	1	732	315	1124	478	656	1134	549	364	1118	542	545	1087	669	446	1115	736	342	1078
"RI"	2006	"MIDDLETOWN"	1909	0	2	0	2	2	1	0	2	2	0	2	2	1	1	2	0	2	2	0	2	2	0	2	2
"RI"	2006	"NARRAGANSETT"	2001	1012	715	302	401	703	2	481	174	655	253	451	704	325	273	689	281	396	677	361	332	693	466	221	687
"RI"	2006	"NARRAGANSETT"	2002	1220	769	438	317	755	2	517	214	731	398	355	753	388	218	733	382	321	703	457	274	731	547	165	712
"RI"	2006	"NARRAGANSETT"	2003	1104	668	360	299	659	2	437	191	628	322	334	656	353	193	646	328	298	626	386	259	645	484	153	637
"RI"	2006	"NARRAGANSETT"	2004	1204	655	277	368	645	2	418	188	606	270	374	644	300	255	640	267	358	625	341	293	634	448	180	628
"RI"	2006	"NARRAGANSETT"	2005	1238	785	344	426	770	2	509	223	732	313	461	774	361	272	756	317	412	729	396	352	748	526	217	743
"RI"	2006	"NARRAGANSETT"	2006	1238	720	299	408	707	2	451	211	662	239	474	713	315	301	704	267	423	690	324	376	700	495	199	694
"RI"	2006	"NARRAGANSETT"	2007	1261	617	267	337	604	2	393	179	572	258	353	611	297	232	599	294	304	598	299	299	598	439	159	598
"RI"	2006	"NARRAGANSETT"	2008	1052	628	282	341	623	2	362	221	583	263	359	622	290	236	609	262	342	604	302	304	606	423	177	600
"RI"	2006	"NARRAGANSETT"	2009	1438	808	353	441	794	2	514	230	744	304	485	789	412	270	785	313	449	762	378	400	778	543	225	768
"RI"	2006	"NARRAGANSETT"	2010	1028	524	278	236	514	2	327	165	492	274	245	519	276	148	504	261	236	497	292	211	503	373	122	495
"RI"	2006	"NARRAGANSETT"	2011	1126	611	258	328	586	2	392	163	555	250	347	597	307	206	586	255	316	571	315	261	576	435	140	575
"RI"	2006	"NARRAGANSETT"	2012	0	5	2	3	5	2	3	2	5	2	3	5	4	1	5	3	2	5	3	2	5	5	0	5
"RI"	2006	"NEWPORT"	2101	476	353	164	182	346	1	215	100	338	146	199	345	178	119	342	149	179	328	181	158	339	225	104	329
"RI"	2006	"NEWPORT"	2102	1501	986	523	439	962	1	668	213	957	453	517	970	497	241	949	498	410	908	589	356	945	669	238	907
"RI"	2006	"NEWPORT"	2103	1216	523	354	155	509	1	400	76	514	336	177	513	333	107	510	337	157	494	379	130	509	404	95	499
"RI"	2006	"NEWPORT"	2105	845	587	316	255	571	1	378	146	572	252	329	581	279	187	575	289	264	553	353	219	572	395	158	553
"RI"	2006	"NEWPORT"	2106	923	582	344	225	569	1	421	103	568	333	243	576	316	127	563	353	201	554	392	175	567	409	140	549
"RI"	2006	"NEWPORT"	2107	824	518	325	181	506	1	399	76	510	310	202	512	313	96	505	323	168	491	362	139	501	394	100	494
"RI"	2006	"NEWPORT"	2108	764	524	272	247	519	1	333	141	509	184	335	519	276	152	507	244	244	488	294	206	500	325	155	480
"RI"	2006	"NEWPORT"	2109	1147	704	350	340	690	1	417	210	675	289	411	700	339	226	681	315	343	658	383	291	674	400	238	638
"RI"	2006	"NEWPORT"	2110	1083	679	347	320	667	1	437	171	659	297	368	665	347	216	660	335	311	646	411	249	660	420	214	634
"RI"	2006	"NEWPORT"	2111	1056	573	305	262	567	1	366	150	556	236	328	564	282	162	546	254	272	526	341	205	546	357	164	521
"RI"	2006	"NEWPORT"	2112	1072	621	355	259	614	1	412	129	598	287	327	614	337	156	602	313	268	581	383	211	594	408	169	577
"RI"	2006	"NEWPORT"	2113	1065	724	308	401	709	1	392	244	698	237	476	713	291	263	688	276	395	671	402	295	697	416	240	656
"RI"	2006	"NEWPORT"	2114	1273	851	424	413	837	1	492	257	812	343	497	840	394	305	813	342	432	774	458	347	805	477	291	768
"RI"	2006	"NEWPORT"	2115	0	0	0	0	0	1	0	0	0	0	0	0	0	0	0	0	0	0	0	0	0	0	0	0
"RI"	2006	"NEW SHOREHAM"	2201	1501	952	446	480	926	2	641	238	879	332	594	926	465	309	920	447	433	880	623	296	919	583	279	862
"RI"	2006	"NEW SHOREHAM"	2202	0	0	0	0	0	2	0	0	0	0	0	0	0	0	0	0	0	0	0	0	0	0	0	0
"RI"	2006	"NORTH KINGSTOWN"	2301	1194	791	320	451	771	2	523	205	728	298	486	784	347	297	771	306	445	751	378	384	762	481	251	732
"RI"	2006	"NORTH KINGSTOWN"	2302	1500	1053	385	647	1032	2	687	284	971	342	699	1041	442	431	1022	376	623	999	479	547	1026	607	371	978
"RI"	2006	"NORTH KINGSTOWN"	2303	1834	1226	495	714	1209	2	790	327	1117	399	818	1217	478	534	1186	439	720	1159	582	600	1182	699	427	1126
"RI"	2006	"NORTH KINGSTOWN"	2304	1763	940	467	451	918	2	632	253	885	421	506	927	467	307	922	474	421	895	528	377	905	636	240	876
"RI"	2006	"NORTH KINGSTOWN"	2305	1678	1063	493	550	1043	2	693	293	986	423	626	1049	515	383	1039	448	563	1011	521	504	1025	677	316	993
"RI"	2006	"NORTH KINGSTOWN"	2306	665	437	125	307	432	2	286	109	395	110	322	432	161	210	429	125	296	421	172	251	423	237	173	410
"RI"	2006	"NORTH KINGSTOWN"	2307	1365	862	367	484	851	2	582	200	782	332	521	853	376	339	835	349	463	812	429	405	834	519	281	800
"RI"	2006	"NORTH KINGSTOWN"	2308	1447	969	422	534	956	2	563	322	885	372	584	956	422	362	942	403	498	901	488	436	924	603	292	895
"RI"	2006	"NORTH KINGSTOWN"	2309	1404	933	352	560	912	2	569	288	857	254	667	921	362	411	912	326	561	887	380	510	890	556	309	865
"RI"	2006	"NORTH KINGSTOWN"	2310	2159	1379	608	750	1358	2	814	470	1284	498	869	1367	630	479	1350	523	777	1300	640	675	1315	821	465	1286
"RI"	2006	"NORTH KINGSTOWN"	2311	1782	1189	438	735	1173	2	679	399	1078	364	813	1177	482	478	1156	439	678	1117	535	603	1138	680	417	1097
"RI"	2006	"NORTH KINGSTOWN"	2312	1880	1160	481	663	1144	2	742	329	1071	400	752	1152	556	428	1137	452	658	1110	524	598	1122	693	392	1085
"RI"	2006	"NORTH KINGSTOWN"	2313	1367	980	352	616	968	2	619	279	898	291	684	975	374	447	948	354	574	928	410	538	948	547	362	909
"RI"	2006	"NORTH KINGSTOWN"	2314	287	195	78	115	193	2	106	73	179	65	128	193	82	61	191	74	111	185	73	116	189	120	67	187
"RI"	2006	"NORTH KINGSTOWN"	2315	0	0	0	0	0	2	0	0	0	0	0	0	0	0	0	0	0	0	0	0	0	0	0	0
"RI"	2006	"NORTH PROVIDENCE"	2401	1042	1204	727	449	1176	1	849	217	1171	667	528	1195	653	411	1181	855	318	1173	742	427	1169	957	205	1162
"RI"	2006	"NORTH PROVIDENCE"	2402	1142	698	383	300	683	1	457	162	678	358	329	687	341	268	680	476	208	684	404	273	677	539	134	673
"RI"	2006	"NORTH PROVIDENCE"	2403	2168	1088	717	349	1066	1	810	163	1063	692	381	1073	659	303	1067	796	274	1070	708	346	1054	898	147	1045
"RI"	2006	"NORTH PROVIDENCE"	2404	1020	576	315	245	560	1	389	117	562	309	256	565	317	193	561	388	179	567	320	242	562	452	104	556
"RI"	2006	"NORTH PROVIDENCE"	2405	934	411	209	195	404	1	241	110	393	197	211	408	211	166	403	289	116	405	231	169	400	312	81	393
"RI"	2006	"NORTH PROVIDENCE"	2406	1674	1081	662	398	1060	1	744	213	1052	623	446	1069	612	350	1061	780	281	1061	668	388	1056	889	163	1052
"RI"	2006	"NORTH PROVIDENCE"	2407	2105	1170	735	406	1141	1	822	203	1134	681	472	1153	647	389	1135	842	310	1152	733	413	1146	956	179	1135
"RI"	2006	"NORTH PROVIDENCE"	2408	890	524	309	204	513	1	374	93	505	308	210	518	285	174	512	373	140	513	312	196	508	401	102	503
"RI"	2006	"NORTH PROVIDENCE"	2409	1289	665	441	209	650	1	500	105	647	402	252	654	406	187	643	515	133	648	451	189	640	541	93	634
"RI"	2006	"NORTH PROVIDENCE"	2410	1614	927	564	354	918	1	675	162	911	533	387	920	527	308	908	644	268	912	574	331	905	752	142	894
"RI"	2006	"NORTH PROVIDENCE"	2411	1020	584	298	275	573	1	364	143	570	240	337	577	294	228	572	374	203	577	324	251	575	444	128	572
"RI"	2006	"NORTH PROVIDENCE"	2412	1490	935	476	437	913	1	587	241	909	433	490	923	466	381	912	629	291	920	497	407	904	728	178	906
"RI"	2006	"NORTH PROVIDENCE"	2413	1221	653	414	225	639	1	478	106	635	382	263	645	387	195	638	466	177	643	404	226	630	539	95	634
"RI"	2006	"NORTH PROVIDENCE"	2414	1824	1029	683	338	1021	1	753	167	1005	631	385	1016	610	311	1005	741	275	1016	698	307	1005	843	149	992
"RI"	2006	"NORTH PROVIDENCE"	2415	1408	833	497	324	821	1	577	158	817	448	373	821	464	272	814	633	187	820	525	287	812	670	130	800
"RI"	2006	"NORTH PROVIDENCE"	2416	1183	630	412	207	619	1	467	96	617	378	243	621	356	208	614	497	125	622	423	192	615	527	80	607
"RI"	2006	"NORTH PROVIDENCE"	2417	1563	871	571	282	853	1	636	137	846	495	363	858	500	285	848	658	199	857	595	249	844	714	117	831
"RI"	2006	"NORTH PROVIDENCE"	2418	405	240	140	96	236	1	164	42	230	124	113	237	123	87	232	184	52	236	158	72	230	190	37	227
"RI"	2006	"NORTH PROVIDENCE"	2419	0	1	1	0	1	1	1	0	1	1	0	1	1	0	1	1	0	1	1	0	1	1	0	1
"RI"	2006	"NORTH SMITHFIELD"	2501	1176	689	358	314	672	1	478	157	666	344	334	678	373	228	667	371	285	656	398	267	665	480	169	649
"RI"	2006	"NORTH SMITHFIELD"	2502	1648	1037	480	538	1018	1	605	319	1010	410	616	1026	493	391	1015	457	530	987	536	474	1010	619	357	976
"RI"	2006	"NORTH SMITHFIELD"	2503	1867	1123	543	552	1095	1	695	320	1097	501	608	1109	522	437	1093	488	569	1057	575	515	1090	690	367	1057
"RI"	2006	"NORTH SMITHFIELD"	2504	1552	958	445	490	935	1	603	259	931	406	539	945	455	341	931	438	471	909	512	416	928	618	267	885
"RI"	2006	"NORTH SMITHFIELD"	2505	934	543	250	287	537	1	366	128	533	255	281	536	268	187	528	259	252	511	314	211	525	351	156	507
"RI"	2006	"NORTH SMITHFIELD"	2506	1352	820	408	399	807	1	518	205	788	379	433	812	424	305	798	401	381	782	467	329	796	544	226	770
"RI"	2006	"NORTH SMITHFIELD"	2507	0	0	0	0	0	1	0	0	0	0	0	0	0	0	0	0	0	0	0	0	0	0	0	0
"RI"	2006	"PAWTUCKET"	2601	392	163	139	21	160	1	148	8	159	131	30	161	132	16	158	138	21	159	138	18	156	145	13	158
"RI"	2006	"PAWTUCKET"	2602	809	472	317	142	459	1	360	75	461	282	174	456	296	106	450	307	130	437	303	151	454	366	75	441
"RI"	2006	"PAWTUCKET"	2603	462	240	188	46	234	1	212	16	236	189	41	230	186	28	226	193	37	230	205	26	231	207	18	225
"RI"	2006	"PAWTUCKET"	2604	475	169	131	32	163	1	139	12	164	130	37	167	125	23	165	130	32	162	134	32	166	145	17	162
"RI"	2006	"PAWTUCKET"	2605	1227	501	379	103	482	1	400	53	484	360	123	483	361	81	478	381	94	475	387	95	482	422	57	479
"RI"	2006	"PAWTUCKET"	2606	1344	818	522	278	800	1	625	119	802	495	307	802	510	203	792	532	254	786	555	233	788	641	138	779
"RI"	2006	"PAWTUCKET"	2607	1372	915	539	355	894	1	652	157	890	508	377	885	509	258	875	586	290	876	569	306	875	694	174	868
"RI"	2006	"PAWTUCKET"	2608	1424	944	571	355	926	1	671	176	914	505	412	917	618	187	913	515	376	891	600	300	900	677	207	884
"RI"	2006	"PAWTUCKET"	2609	962	431	308	115	423	1	351	55	423	301	119	420	294	78	419	305	111	416	324	96	420	351	63	414
"RI"	2006	"PAWTUCKET"	2610	100	35	23	11	34	1	31	2	34	25	9	34	25	9	35	28	7	35	26	9	35	31	4	35
"RI"	2006	"PAWTUCKET"	2611	1713	949	648	278	926	1	721	124	919	575	345	920	656	157	913	614	273	887	643	255	898	739	144	883
"RI"	2006	"PAWTUCKET"	2612	1173	560	381	163	544	1	433	77	547	367	184	551	361	117	536	388	143	531	397	132	529	437	88	525
"RI"	2006	"PAWTUCKET"	2613	850	423	338	73	411	1	374	22	412	344	72	416	336	43	405	345	56	401	343	67	410	372	31	403
"RI"	2006	"PAWTUCKET"	2616	1887	1114	749	343	1092	1	847	164	1093	682	413	1095	715	242	1092	737	336	1073	749	342	1091	863	202	1065
"RI"	2006	"PAWTUCKET"	2618	771	389	247	135	382	1	286	66	384	247	139	386	258	87	386	254	122	376	254	128	382	303	71	374
"RI"	2006	"PAWTUCKET"	2619	1582	817	585	209	794	1	655	96	798	569	226	795	575	142	790	586	198	784	586	208	794	654	125	779
"RI"	2006	"PAWTUCKET"	2620	753	410	266	136	402	1	317	57	404	263	137	400	260	81	398	258	132	390	278	115	393	319	75	394
"RI"	2006	"PAWTUCKET"	2621	1251	867	497	356	853	1	612	176	847	439	415	854	484	249	848	471	359	830	555	293	848	609	221	830
"RI"	2006	"PAWTUCKET"	2622	1287	783	480	287	767	1	571	138	768	448	319	767	471	209	759	498	244	742	534	226	760	600	150	750
"RI"	2006	"PAWTUCKET"	2623	1334	861	528	319	847	1	632	156	844	476	371	847	515	229	837	525	300	825	553	288	841	639	188	827
"RI"	2006	"PAWTUCKET"	2624	1270	715	454	247	701	1	535	122	698	425	277	702	441	159	689	462	224	686	495	200	695	533	142	675
"RI"	2006	"PAWTUCKET"	2625	1423	836	517	311	828	1	626	137	825	468	361	829	492	202	820	512	292	804	551	273	824	621	174	795
"RI"	2006	"PAWTUCKET"	2626	1918	1258	663	575	1238	1	869	256	1215	640	597	1237	699	360	1221	715	481	1196	762	458	1220	909	284	1193
"RI"	2006	"PAWTUCKET"	2627	1349	882	539	320	859	1	648	140	855	459	411	870	535	223	863	541	305	846	559	304	863	675	175	850
"RI"	2006	"PAWTUCKET"	2628	1216	797	479	300	779	1	582	132	785	456	331	787	500	196	785	517	247	764	530	252	782	640	130	770
"RI"	2006	"PAWTUCKET"	2629	1356	670	449	209	658	1	533	82	652	433	220	653	433	124	647	445	191	636	474	179	653	538	109	647
"RI"	2006	"PAWTUCKET"	2630	1034	552	376	154	530	1	422	74	532	360	175	535	356	109	530	365	158	523	391	142	533	436	89	525
"RI"	2006	"PAWTUCKET"	2631	1070	601	440	148	588	1	483	72	593	423	171	594	410	119	587	433	145	578	437	155	592	497	91	588
"RI"	2006	"PAWTUCKET"	2632	820	484	305	172	477	1	363	75	476	307	171	478	289	110	476	319	147	466	313	164	477	376	92	468
"RI"	2006	"PAWTUCKET"	2633	293	162	124	36	160	1	134	15	161	119	42	161	126	19	159	118	40	158	128	33	161	137	21	158
"RI"	2006	"PAWTUCKET"	2634	346	169	101	64	165	1	127	22	163	99	65	164	103	42	165	102	59	161	120	45	165	129	31	160
"RI"	2006	"PAWTUCKET"	2635	0	49	27	19	46	1	31	13	48	27	21	48	27	17	47	28	18	46	30	16	46	33	14	47
"RI"	2006	"PORTSMOUTH"	2701	171	109	43	66	109	1	66	31	106	34	73	107	46	34	105	45	53	98	55	49	104	69	29	98
"RI"	2006	"PORTSMOUTH"	2702	940	650	246	394	640	1	315	274	636	179	466	645	223	279	639	245	377	622	284	350	634	333	292	625
"RI"	2006	"PORTSMOUTH"	2703	1164	731	335	378	713	1	435	225	715	277	445	722	302	239	707	322	358	680	385	324	709	421	251	672
"RI"	2006	"PORTSMOUTH"	2704	1007	654	326	318	644	1	406	177	646	277	367	644	296	186	638	327	285	612	389	248	637	416	188	604
"RI"	2006	"PORTSMOUTH"	2705	1140	647	330	305	635	1	402	178	625	276	359	635	313	183	634	317	290	607	366	264	630	412	201	613
"RI"	2006	"PORTSMOUTH"	2706	1286	787	327	448	775	1	449	255	771	274	503	777	307	301	762	314	419	733	391	368	759	449	282	731
"RI"	2006	"PORTSMOUTH"	2707	1295	867	315	537	852	1	445	333	842	213	643	856	318	364	834	287	517	804	399	435	834	430	366	796
"RI"	2006	"PORTSMOUTH"	2708	1104	669	306	347	653	1	408	190	653	256	408	664	293	224	651	285	342	627	380	275	655	405	220	625
"RI"	2006	"PORTSMOUTH"	2709	1018	686	276	399	675	1	405	218	666	217	465	682	260	263	670	274	365	639	351	312	663	382	247	629
"RI"	2006	"PORTSMOUTH"	2710	1311	924	328	585	913	1	526	323	901	232	690	922	347	372	905	327	552	879	404	496	900	463	402	865
"RI"	2006	"PORTSMOUTH"	2711	1013	686	303	368	671	1	411	219	676	221	461	682	304	259	663	273	381	654	367	307	674	422	234	656
"RI"	2006	"PORTSMOUTH"	2712	1194	800	288	501	789	1	450	274	778	207	585	792	277	338	778	270	482	752	400	376	776	423	320	743
"RI"	2006	"PORTSMOUTH"	2713	0	4	2	2	4	1	2	2	4	2	2	4	0	2	3	1	2	3	1	2	3	1	2	3
"RI"	2006	"PROVIDENCE"	2801	895	312	235	65	300	1	270	20	299	252	53	305	237	43	298	250	49	299	257	43	300	267	27	294
"RI"	2006	"PROVIDENCE"	2802	1465	436	310	117	427	1	331	55	419	294	132	426	301	67	419	302	109	411	320	102	422	342	73	415
"RI"	2006	"PROVIDENCE"	2803	1817	593	477	103	580	1	508	52	582	488	94	582	471	77	575	488	84	572	503	76	579	526	52	578
"RI"	2006	"PROVIDENCE"	2804	908	365	261	92	353	1	289	40	350	250	108	358	235	84	351	268	71	339	268	78	346	301	37	338
"RI"	2006	"PROVIDENCE"	2805	892	254	173	74	247	1	195	21	247	165	83	248	179	39	251	176	69	245	182	60	242	213	29	242
"RI"	2006	"PROVIDENCE"	2806	862	227	166	59	225	1	179	22	221	168	58	226	161	38	221	172	48	220	179	43	222	191	27	218
"RI"	2006	"PROVIDENCE"	2807	437	126	73	47	120	1	85	21	120	70	54	124	72	41	119	86	31	117	84	32	116	102	14	116
"RI"	2006	"PROVIDENCE"	2808	1237	607	413	183	596	1	459	85	583	347	246	593	438	85	588	345	217	562	379	195	574	470	95	565
"RI"	2006	"PROVIDENCE"	2809	466	19	11	8	19	2	13	3	16	11	7	18	9	6	18	10	8	18	13	5	18	15	4	19
"RI"	2006	"PROVIDENCE"	2810	142	34	24	9	33	2	26	8	34	25	8	33	24	6	34	23	10	33	25	8	33	27	5	32
"RI"	2006	"PROVIDENCE"	2811	747	256	162	80	242	2	185	49	234	157	84	241	172	43	240	164	71	235	181	58	239	210	28	238
"RI"	2006	"PROVIDENCE"	2812	446	167	119	42	161	2	129	32	161	112	52	164	109	29	159	110	48	158	113	46	159	132	27	159
"RI"	2006	"PROVIDENCE"	2813	1461	663	476	176	652	1	525	76	647	445	204	649	481	79	643	460	166	626	484	147	631	537	87	624
"RI"	2006	"PROVIDENCE"	2814	1005	471	338	129	467	1	374	62	457	313	149	462	348	58	461	316	138	454	337	115	452	380	59	439
"RI"	2006	"PROVIDENCE"	2815	890	375	252	110	362	1	291	46	355	245	118	363	265	54	360	230	114	344	249	97	346	281	58	339
"RI"	2006	"PROVIDENCE"	2816	322	126	80	45	125	1	92	18	122	59	64	123	96	17	123	69	48	117	71	48	119	90	25	115
"RI"	2006	"PROVIDENCE"	2817	845	219	136	82	218	1	157	46	213	121	91	212	144	40	214	131	77	208	140	68	208	157	49	206
"RI"	2006	"PROVIDENCE"	2818	1470	451	393	54	447	1	400	20	433	369	54	423	334	15	414	364	34	398	370	35	405	377	17	394
"RI"	2006	"PROVIDENCE"	2819	1352	505	269	230	499	1	334	109	489	229	263	492	345	101	491	245	232	477	282	204	486	342	125	467
"RI"	2006	"PROVIDENCE"	2820	1884	415	279	129	408	1	321	68	401	228	177	405	311	64	402	231	158	389	273	121	394	309	77	386
"RI"	2006	"PROVIDENCE"	2821	1375	538	329	201	530	1	380	100	518	272	254	526	388	84	528	256	250	506	307	207	514	398	108	506
"RI"	2006	"PROVIDENCE"	2822	1637	839	535	297	832	1	604	152	818	423	410	833	599	139	825	412	373	785	492	308	800	625	149	774
"RI"	2006	"PROVIDENCE"	2823	1447	732	457	269	726	1	522	141	710	363	359	722	510	141	718	374	325	699	435	279	714	563	135	698
"RI"	2006	"PROVIDENCE"	2824	220	106	76	28	104	1	78	14	101	65	38	103	80	13	106	64	37	101	77	24	101	81	17	98
"RI"	2006	"PROVIDENCE"	2825	314	149	81	64	145	1	101	33	141	59	77	136	97	34	137	65	68	133	83	55	138	92	41	133
"RI"	2006	"PROVIDENCE"	2826	1589	867	495	363	858	1	617	180	840	404	446	850	588	180	839	434	372	806	492	332	824	613	187	800
"RI"	2006	"PROVIDENCE"	2827	1084	671	337	317	654	1	396	196	637	242	409	651	418	188	647	241	384	625	294	338	632	425	200	625
"RI"	2006	"PROVIDENCE"	2828	1568	815	592	209	801	1	653	89	799	515	281	796	588	103	789	487	277	764	570	208	778	635	124	759
"RI"	2006	"PROVIDENCE"	2829	1627	525	402	108	510	1	438	39	506	419	92	511	404	42	498	399	80	479	413	83	496	439	45	484
"RI"	2006	"PROVIDENCE"	2830	1490	675	490	180	670	1	537	83	659	430	234	664	494	73	662	427	218	645	478	169	647	544	90	634
"RI"	2006	"PROVIDENCE"	2831	1145	508	378	123	501	1	430	36	493	368	133	501	374	63	493	369	112	481	401	91	492	428	55	483
"RI"	2006	"PROVIDENCE"	2832	1504	754	528	219	747	1	588	107	736	475	270	745	572	106	739	453	257	710	510	212	722	599	116	715
"RI"	2006	"PROVIDENCE"	2833	1466	563	431	121	552	1	470	53	550	429	117	546	425	67	537	411	117	528	424	114	538	468	65	533
"RI"	2006	"PROVIDENCE"	2834	1325	633	419	207	626	1	482	92	620	386	240	626	384	189	614	480	135	615	458	157	615	547	71	618
"RI"	2006	"PROVIDENCE"	2835	2054	891	616	251	867	1	682	127	863	569	303	872	574	236	865	682	179	861	636	233	869	754	107	861
"RI"	2006	"PROVIDENCE"	2836	436	267	123	136	259	1	170	62	252	130	130	260	147	83	258	140	113	253	138	113	251	190	57	247
"RI"	2006	"PROVIDENCE"	2837	866	307	225	76	301	1	251	34	300	228	74	302	230	57	303	227	73	300	236	65	301	264	40	304
"RI"	2006	"PROVIDENCE"	2838	868	473	257	196	453	1	325	86	448	256	200	456	282	131	459	289	156	445	275	172	447	384	64	448
"RI"	2006	"PROVIDENCE"	2839	2538	900	589	287	876	1	658	136	861	534	335	869	532	244	855	617	229	846	595	254	849	712	127	839
"RI"	2006	"PROVIDENCE"	2840	317	189	107	79	186	2	148	35	183	104	84	188	119	53	188	117	70	187	105	80	185	149	34	183
"RI"	2006	"PROVIDENCE"	2841	1908	793	545	229	774	2	619	137	756	516	266	782	513	193	780	579	197	776	531	243	774	679	95	774
"RI"	2006	"PROVIDENCE"	2842	1228	295	225	58	283	2	239	36	275	237	46	283	231	29	280	236	43	279	242	37	279	255	26	281
"RI"	2006	"PROVIDENCE"	2843	101	76	37	38	75	1	48	16	73	39	36	75	37	27	74	42	31	73	43	29	72	69	6	75
"RI"	2006	"PROVIDENCE"	2844	1182	619	368	232	600	1	436	119	594	349	259	608	361	183	605	406	188	594	386	214	600	490	103	593
"RI"	2006	"PROVIDENCE"	2845	748	486	256	221	477	2	356	107	463	245	238	483	262	164	480	274	193	467	277	192	469	374	92	466
"RI"	2006	"PROVIDENCE"	2846	159	92	40	49	89	2	66	21	87	45	45	90	51	29	88	53	34	87	57	31	88	71	18	89
"RI"	2006	"PROVIDENCE"	2847	1844	1045	597	413	1010	1	717	191	1011	576	451	1027	586	331	1018	669	328	997	603	392	995	844	165	1009
"RI"	2006	"PROVIDENCE"	2848	1427	757	454	280	734	1	542	124	727	464	274	738	434	211	738	487	234	721	494	236	730	604	122	726
"RI"	2006	"PROVIDENCE"	2849	1182	617	356	250	606	1	454	102	606	336	272	608	369	163	605	370	224	594	405	192	597	494	102	596
"RI"	2006	"PROVIDENCE"	2850	43	12	8	4	12	1	8	4	12	7	4	11	8	3	11	6	5	11	8	3	11	10	1	11
"RI"	2006	"PROVIDENCE"	2851	168	74	48	25	73	2	59	14	73	54	20	74	47	20	72	55	17	72	52	21	73	65	8	73
"RI"	2006	"PROVIDENCE"	2852	1655	643	430	193	623	2	466	138	604	429	200	629	421	142	621	482	129	611	456	162	618	552	61	613
"RI"	2006	"PROVIDENCE"	2853	1470	499	357	133	490	2	385	92	477	342	148	490	339	106	492	352	128	480	363	125	488	432	51	483
"RI"	2006	"PROVIDENCE"	2854	1067	298	211	79	290	2	235	50	285	210	84	294	210	57	289	217	67	284	234	57	291	250	36	286
"RI"	2006	"PROVIDENCE"	2855	40	5	5	0	5	2	5	0	5	5	0	5	4	0	5	5	0	5	5	0	5	4	0	4
"RI"	2006	"PROVIDENCE"	2856	864	204	158	39	197	2	173	23	196	160	40	200	149	22	195	165	32	197	163	34	197	174	21	195
"RI"	2006	"PROVIDENCE"	2857	151	22	19	3	22	2	18	2	20	15	7	22	15	3	22	14	8	22	16	6	22	19	3	22
"RI"	2006	"PROVIDENCE"	2858	155	56	38	17	55	2	36	15	51	36	18	54	38	7	52	40	13	53	44	9	53	45	7	52
"RI"	2006	"PROVIDENCE"	2859	210	57	48	8	56	2	46	9	55	43	9	52	43	5	52	45	7	52	48	4	52	51	2	53
"RI"	2006	"PROVIDENCE"	2860	289	116	77	36	113	2	84	28	112	60	54	114	83	27	114	64	46	110	75	39	114	91	22	113
"RI"	2006	"PROVIDENCE"	2861	1515	466	316	131	447	2	332	86	418	315	133	448	277	108	441	333	101	434	337	98	435	404	39	443
"RI"	2006	"PROVIDENCE"	2862	1916	640	445	172	617	2	432	156	588	432	167	599	408	112	586	452	126	578	445	131	576	521	64	585
"RI"	2006	"PROVIDENCE"	2863	1750	638	452	174	626	2	465	122	587	433	187	620	409	126	610	486	112	598	474	127	601	547	61	608
"RI"	2006	"PROVIDENCE"	2864	972	357	264	79	343	2	269	61	330	249	80	329	253	45	322	275	50	325	278	51	329	302	30	332
"RI"	2006	"PROVIDENCE"	2865	869	236	201	26	227	2	202	23	225	201	27	228	202	17	226	203	24	227	190	38	228	203	25	228
"RI"	2006	"PROVIDENCE"	2866	1640	530	404	108	512	2	435	67	502	418	100	518	398	84	511	421	83	504	427	86	513	461	42	503
"RI"	2006	"PROVIDENCE"	2867	228	56	42	13	55	2	43	13	56	36	15	51	34	8	49	39	11	50	39	10	49	45	5	50
"RI"	2006	"PROVIDENCE"	2868	1946	534	403	95	498	2	395	77	472	421	71	492	411	46	484	402	71	473	428	58	486	444	39	483
"RI"	2006	"PROVIDENCE"	2869	1103	449	332	101	433	2	314	110	424	328	104	432	315	53	430	320	90	410	353	69	422	384	33	417
"RI"	2006	"PROVIDENCE"	2870	455	105	80	21	101	2	83	13	96	79	18	97	66	19	100	78	15	93	85	14	99	89	11	100
"RI"	2006	"PROVIDENCE"	2871	824	264	206	50	256	2	184	61	245	199	51	250	194	24	248	196	47	243	200	46	246	217	28	245
"RI"	2006	"PROVIDENCE"	2872	929	393	273	106	379	2	308	61	369	286	98	384	282	64	382	277	92	369	298	76	374	329	44	373
"RI"	2006	"PROVIDENCE"	2873	96	73	48	25	73	2	43	26	69	44	29	73	46	10	72	43	29	72	43	30	73	55	14	69
"RI"	2006	"PROVIDENCE"	2874	2171	955	664	270	934	2	748	153	901	686	247	933	679	168	929	670	243	913	718	206	924	779	140	919
"RI"	2006	"PROVIDENCE"	2875	1662	531	437	78	515	2	444	58	502	432	69	501	434	45	502	424	70	494	457	48	505	472	27	499
"RI"	2006	"PROVIDENCE"	2876	1569	441	373	56	429	2	389	31	420	395	36	431	373	30	418	377	43	420	396	31	427	396	20	416
"RI"	2006	"PROVIDENCE"	2877	226	73	56	16	72	2	59	12	71	61	11	72	59	4	72	60	10	70	61	11	72	68	4	72
"RI"	2006	"PROVIDENCE"	2878	319	102	84	10	94	2	77	14	91	89	4	93	81	2	87	78	7	85	83	8	91	83	3	86
"RI"	2006	"PROVIDENCE"	2879	364	88	75	12	87	2	78	5	83	71	13	84	72	6	81	73	11	84	78	7	85	76	7	83
"RI"	2006	"PROVIDENCE"	2880	1632	690	552	130	682	2	575	87	662	562	109	671	565	71	671	539	128	667	585	88	673	600	63	663
"RI"	2006	"PROVIDENCE"	2881	1561	608	483	103	586	2	525	52	577	508	79	587	505	46	585	513	73	586	516	67	583	547	34	581
"RI"	2006	"PROVIDENCE"	2882	1709	649	529	114	643	2	560	60	620	554	85	639	559	47	636	561	75	636	561	74	635	584	48	632
"RI"	2006	"PROVIDENCE"	2883	1313	442	369	62	431	2	365	48	413	374	56	430	364	40	425	359	65	424	367	52	419	391	27	418
"RI"	2006	"PROVIDENCE"	2884	1004	340	280	55	335	2	271	56	327	281	49	330	266	30	328	264	56	320	284	37	321	298	25	323
"RI"	2006	"PROVIDENCE"	2885	538	150	117	26	143	2	134	9	143	124	20	144	120	16	142	126	18	144	130	14	144	133	10	143
"RI"	2006	"PROVIDENCE"	2886	1396	560	439	104	543	2	493	43	536	452	92	544	435	75	538	462	74	536	486	51	537	505	33	538
"RI"	2006	"PROVIDENCE"	2887	1222	416	336	77	413	2	360	42	402	338	72	410	340	44	406	344	63	407	353	55	408	369	37	406
"RI"	2006	"PROVIDENCE"	2888	1242	411	348	53	401	2	363	30	393	352	50	402	353	25	398	347	52	399	366	37	403	374	23	397
"RI"	2006	"PROVIDENCE"	2889	1604	524	434	74	508	2	447	42	489	462	47	509	450	32	501	459	43	502	457	43	500	473	27	500
"RI"	2006	"PROVIDENCE"	2890	1090	356	279	63	342	2	298	32	330	294	43	337	283	25	327	287	38	325	287	37	324	305	19	324
"RI"	2006	"PROVIDENCE"	2891	630	224	171	23	194	2	171	21	192	177	16	193	181	9	195	177	13	190	177	16	193	183	7	190
"RI"	2006	"PROVIDENCE"	2892	1710	773	536	220	756	2	599	126	725	505	252	757	503	205	757	564	182	746	555	194	749	659	95	754
"RI"	2006	"PROVIDENCE"	2893	1499	426	344	76	420	2	364	48	412	329	89	418	332	56	420	348	71	419	351	66	417	376	35	411
"RI"	2006	"PROVIDENCE"	2894	997	426	316	104	420	2	365	44	409	296	116	412	284	99	407	333	76	409	315	95	410	372	41	413
"RI"	2006	"PROVIDENCE"	2895	1255	407	314	88	402	2	345	46	391	298	100	398	278	89	397	330	69	399	322	77	399	371	31	402
"RI"	2006	"PROVIDENCE"	2896	953	339	259	70	329	2	263	55	318	252	74	326	245	63	322	259	60	319	257	63	320	296	30	326
"RI"	2006	"PROVIDENCE"	2897	179	66	53	12	65	2	57	6	63	58	5	63	59	2	64	54	8	62	60	4	64	59	4	63
"RI"	2006	"RICHMOND"	2901	803	499	225	266	491	2	269	185	454	192	302	494	194	200	491	193	282	475	231	255	486	286	184	470
"RI"	2006	"RICHMOND"	2902	1471	871	408	450	858	2	508	308	816	430	435	865	424	276	852	370	448	818	457	384	841	541	277	818
"RI"	2006	"RICHMOND"	2903	1865	1128	488	629	1117	2	609	443	1052	533	586	1119	505	385	1101	485	583	1068	589	505	1094	713	354	1067
"RI"	2006	"RICHMOND"	2904	1376	838	356	471	827	2	411	368	779	375	456	831	396	271	817	353	439	792	425	384	809	507	279	786
"RI"	2006	"RICHMOND"	2905	0	8	5	3	8	2	4	3	7	3	4	7	5	1	8	5	1	6	6	1	7	5	1	6
"RI"	2006	"SCITUATE"	3001	1477	1047	396	624	1020	2	631	288	919	379	655	1034	344	576	1019	370	629	999	467	546	1013	569	415	984
"RI"	2006	"SCITUATE"	3002	1196	811	337	456	793	2	520	206	726	329	472	801	282	434	793	325	453	778	377	400	777	481	293	774
"RI"	2006	"SCITUATE"	3003	1594	1118	400	688	1088	2	655	323	978	380	725	1105	309	661	1096	411	654	1065	449	636	1085	585	478	1063
"RI"	2006	"SCITUATE"	3004	1741	1219	495	705	1200	2	742	370	1112	514	693	1207	417	616	1194	508	659	1167	532	660	1192	715	451	1166
"RI"	2006	"SCITUATE"	3005	1502	1028	425	583	1008	2	650	275	925	387	625	1012	339	577	1006	410	567	977	472	526	998	575	401	976
"RI"	2006	"SCITUATE"	3006	0	0	0	0	0	2	0	0	0	0	0	0	0	0	0	0	0	0	0	0	0	0	0	0
"RI"	2006	"SMITHFIELD"	3101	1122	725	337	376	713	1	432	216	706	327	395	722	348	303	712	359	350	709	366	339	705	481	221	702
"RI"	2006	"SMITHFIELD"	3102	1772	1000	551	419	970	1	603	295	984	522	473	995	479	360	980	532	437	969	536	439	975	692	267	959
"RI"	2006	"SMITHFIELD"	3103	1243	800	371	419	790	1	463	238	774	380	415	795	361	313	785	379	398	777	407	365	772	513	251	764
"RI"	2006	"SMITHFIELD"	3104	1881	1103	567	515	1082	1	677	298	1076	561	533	1094	576	378	1078	562	512	1074	598	476	1074	756	294	1050
"RI"	2006	"SMITHFIELD"	3105	1399	869	395	461	856	1	504	264	848	410	455	865	405	340	853	445	396	841	484	358	842	576	251	827
"RI"	2006	"SMITHFIELD"	3106	1878	1097	490	581	1071	1	648	338	1063	521	567	1088	513	433	1069	520	543	1063	583	491	1074	741	315	1056
"RI"	2006	"SMITHFIELD"	3107	1799	1074	483	572	1055	1	631	339	1050	505	561	1066	515	425	1051	500	531	1031	510	535	1045	666	356	1022
"RI"	2006	"SMITHFIELD"	3108	1129	718	316	387	703	1	392	240	693	279	430	709	341	297	708	328	369	697	346	352	698	439	259	698
"RI"	2006	"SMITHFIELD"	3109	1726	1046	523	507	1030	1	632	283	1020	508	529	1037	513	396	1028	567	449	1016	590	436	1026	719	286	1005
"RI"	2006	"SMITHFIELD"	3110	1410	697	305	379	684	1	367	245	674	293	394	687	306	278	685	294	369	663	335	349	684	426	227	653
"RI"	2006	"SMITHFIELD"	3111	0	1	1	0	1	1	1	0	1	0	1	1	0	0	1	0	1	1	1	0	1	1	0	1
"RI"	2006	"SOUTH KINGSTOWN"	3201	1761	1133	465	647	1112	2	674	365	1039	428	682	1110	517	402	1095	441	627	1068	524	572	1096	725	345	1070
"RI"	2006	"SOUTH KINGSTOWN"	3202	1923	1327	635	665	1300	2	762	455	1217	589	712	1301	670	446	1273	566	665	1231	673	594	1267	844	387	1231
"RI"	2006	"SOUTH KINGSTOWN"	3203	1227	832	417	401	818	2	522	261	783	383	435	818	446	244	809	352	414	766	461	340	801	584	198	782
"RI"	2006	"SOUTH KINGSTOWN"	3204	1898	1185	640	527	1167	2	679	414	1093	642	525	1167	663	322	1153	592	503	1095	691	442	1133	814	290	1104
"RI"	2006	"SOUTH KINGSTOWN"	3205	2013	242	137	99	236	2	138	78	216	128	107	235	137	55	227	118	88	206	140	82	222	159	59	218
"RI"	2006	"SOUTH KINGSTOWN"	3206	1674	1177	528	623	1151	2	678	407	1085	544	609	1153	611	379	1148	501	590	1091	644	480	1124	764	345	1109
"RI"	2006	"SOUTH KINGSTOWN"	3207	1393	989	473	498	971	2	572	360	932	423	547	970	525	292	960	411	502	913	527	413	940	624	291	915
"RI"	2006	"SOUTH KINGSTOWN"	3208	1454	1007	446	542	988	2	574	359	933	456	542	998	482	341	980	439	508	947	523	436	959	648	294	942
"RI"	2006	"SOUTH KINGSTOWN"	3209	1910	1288	563	701	1264	2	726	451	1177	535	729	1264	599	446	1240	514	660	1174	685	546	1231	803	376	1179
"RI"	2006	"SOUTH KINGSTOWN"	3210	1430	980	370	597	967	2	542	351	893	343	630	973	428	419	960	340	598	938	459	493	952	589	342	931
"RI"	2006	"SOUTH KINGSTOWN"	3211	1211	844	377	449	826	2	478	292	770	366	463	829	389	317	824	339	454	793	436	380	816	535	263	798
"RI"	2006	"SOUTH KINGSTOWN"	3212	1783	1174	502	657	1159	2	632	436	1068	523	633	1156	554	404	1146	455	646	1101	573	564	1137	711	392	1103
"RI"	2006	"SOUTH KINGSTOWN"	3213	0	0	0	0	0	2	0	0	0	0	0	0	0	0	0	0	0	0	0	0	0	0	0	0
"RI"	2006	"TIVERTON"	3301	1847	1045	411	620	1031	1	510	411	1013	340	696	1036	460	381	1025	399	581	980	505	501	1006	567	396	963
"RI"	2006	"TIVERTON"	3302	1026	524	331	176	507	1	376	94	513	313	202	515	288	120	508	326	162	488	340	157	497	384	98	482
"RI"	2006	"TIVERTON"	3303	1705	983	592	371	963	1	653	210	955	511	456	967	559	242	960	578	345	923	616	333	949	700	222	922
"RI"	2006	"TIVERTON"	3304	1858	1063	549	490	1039	1	647	282	1029	473	572	1045	512	341	1023	544	439	983	620	390	1010	685	285	970
"RI"	2006	"TIVERTON"	3305	1366	798	441	337	778	1	511	197	778	373	410	783	409	231	778	442	311	753	477	290	767	552	199	751
"RI"	2006	"TIVERTON"	3306	639	364	212	146	358	1	256	69	354	183	175	358	205	77	351	221	123	344	238	116	354	259	77	336
"RI"	2006	"TIVERTON"	3307	1114	577	299	271	570	1	370	145	555	253	312	565	286	168	557	304	238	542	338	223	561	378	159	537
"RI"	2006	"TIVERTON"	3308	1791	1046	487	538	1025	1	591	318	1021	410	623	1033	496	314	1018	503	482	985	563	450	1013	621	348	969
"RI"	2006	"TIVERTON"	3309	0	0	0	0	0	1	0	0	0	0	0	0	0	0	0	0	0	0	0	0	0	0	0	0
"RI"	2006	"WARREN"	3401	1421	707	403	282	685	1	470	141	674	355	334	689	266	135	687	370	291	661	425	245	670	472	175	647
"RI"	2006	"WARREN"	3402	1537	780	427	325	752	1	529	155	751	368	394	762	286	163	763	452	290	742	482	266	748	552	181	733
"RI"	2006	"WARREN"	3403	1318	784	437	325	762	1	516	163	747	420	345	765	330	155	759	451	273	724	487	263	750	542	180	722
"RI"	2006	"WARREN"	3404	1822	1128	572	535	1107	1	685	291	1089	476	642	1118	471	251	1115	533	519	1052	667	422	1089	745	313	1058
"RI"	2006	"WARREN"	3405	1315	801	408	372	780	1	507	212	775	343	436	779	311	190	786	368	386	754	453	320	773	530	224	754
"RI"	2006	"WARREN"	3406	0	0	0	0	0	1	0	0	0	0	0	0	0	0	0	0	0	0	0	0	0	0	0	0
"RI"	2006	"WARWICK"	3501	1045	777	376	392	768	2	549	199	748	405	361	766	488	178	763	271	490	761	433	316	749	561	173	734
"RI"	2006	"WARWICK"	3502	1042	677	343	324	667	2	495	143	638	338	325	663	383	198	655	251	403	654	381	263	644	499	137	636
"RI"	2006	"WARWICK"	3503	1314	1007	415	581	996	2	688	260	948	424	579	1003	532	342	984	296	689	985	473	504	977	670	292	962
"RI"	2006	"WARWICK"	3504	879	658	300	346	646	2	453	167	620	295	354	649	312	221	641	209	428	637	297	332	629	437	178	615
"RI"	2006	"WARWICK"	3505	1299	937	411	512	923	2	693	200	893	452	474	926	504	326	920	336	577	913	504	400	904	661	227	888
"RI"	2006	"WARWICK"	3506	924	699	266	423	689	2	497	167	664	253	437	690	315	270	680	215	464	679	318	359	677	463	197	660
"RI"	2006	"WARWICK"	3507	1172	830	411	404	815	2	603	184	787	414	406	820	465	249	808	346	454	800	498	309	807	600	189	789
"RI"	2006	"WARWICK"	3508	342	227	144	82	226	2	178	44	222	141	82	223	131	61	221	112	106	218	136	88	224	176	39	215
"RI"	2006	"WARWICK"	3509	463	281	135	135	270	2	190	76	266	133	144	277	160	75	271	107	166	273	151	118	269	197	67	264
"RI"	2006	"WARWICK"	3510	1343	909	445	451	896	2	679	181	860	442	451	893	476	305	882	397	482	879	513	368	881	658	216	874
"RI"	2006	"WARWICK"	3511	1317	942	482	449	931	2	673	223	896	490	444	934	516	301	922	434	479	913	552	374	926	694	216	910
"RI"	2006	"WARWICK"	3512	1138	688	361	311	672	2	496	159	655	375	301	676	344	244	668	334	325	659	433	240	673	526	126	652
"RI"	2006	"WARWICK"	3513	669	511	213	285	498	2	373	107	480	208	296	504	259	193	491	178	305	483	250	241	491	362	123	485
"RI"	2006	"WARWICK"	3514	968	675	299	361	660	2	463	170	633	315	351	666	318	269	654	297	345	642	349	306	655	475	163	638
"RI"	2006	"WARWICK"	3515	1372	1051	410	619	1029	2	712	283	995	389	651	1040	473	412	1032	387	620	1007	493	526	1019	678	314	992
"RI"	2006	"WARWICK"	3516	998	733	344	383	727	2	542	153	695	333	390	723	342	291	716	337	364	701	418	292	710	517	185	702
"RI"	2006	"WARWICK"	3517	786	511	252	244	496	2	361	111	472	252	242	494	262	184	488	254	229	483	296	187	483	355	121	476
"RI"	2006	"WARWICK"	3518	1022	710	375	328	703	2	540	146	686	375	327	702	399	226	702	335	360	695	413	284	697	527	160	687
"RI"	2006	"WARWICK"	3519	630	443	200	235	435	2	318	101	419	204	234	438	224	149	433	176	250	426	242	190	432	302	120	422
"RI"	2006	"WARWICK"	3520	1538	1045	492	535	1027	2	752	232	984	535	495	1030	544	355	1023	470	542	1012	583	438	1021	747	253	1000
"RI"	2006	"WARWICK"	3521	1349	906	463	429	892	2	667	198	865	433	468	901	486	298	883	426	452	878	531	349	880	651	211	862
"RI"	2006	"WARWICK"	3522	1401	966	469	483	952	2	694	215	909	473	477	950	513	314	935	416	503	919	525	405	930	686	224	910
"RI"	2006	"WARWICK"	3523	1418	983	498	465	963	2	723	204	927	501	468	969	516	311	947	442	495	937	570	377	947	717	210	927
"RI"	2006	"WARWICK"	3524	1168	767	392	361	753	2	520	206	726	388	367	755	386	238	747	343	391	734	433	303	736	548	181	729
"RI"	2006	"WARWICK"	3525	357	246	127	112	239	2	169	66	235	133	109	242	128	79	239	112	125	237	152	85	237	172	58	230
"RI"	2006	"WARWICK"	3526	364	255	142	108	250	2	161	79	240	141	111	252	133	75	248	107	134	241	143	103	246	184	55	239
"RI"	2006	"WARWICK"	3527	1109	747	384	348	732	2	543	176	719	404	333	737	406	223	728	366	345	711	444	283	727	564	142	706
"RI"	2006	"WARWICK"	3528	1371	847	412	421	833	2	626	181	807	432	401	833	409	315	826	413	406	819	474	345	819	607	202	809
"RI"	2006	"WARWICK"	3529	1439	979	464	497	961	2	701	223	924	480	488	968	502	325	953	455	488	943	545	396	941	703	224	927
"RI"	2006	"WARWICK"	3530	1098	762	342	411	753	2	534	180	714	342	409	751	373	260	746	310	426	736	415	327	742	541	188	729
"RI"	2006	"WARWICK"	3531	929	703	224	463	687	2	450	206	656	194	497	691	241	360	689	202	477	679	291	382	673	384	279	663
"RI"	2006	"WARWICK"	3532	1542	930	486	426	912	2	654	240	894	510	403	913	468	295	909	458	440	898	514	386	900	686	193	879
"RI"	2006	"WARWICK"	3533	625	395	205	182	387	2	275	104	379	211	175	386	200	131	382	210	170	380	237	149	386	295	76	371
"RI"	2006	"WARWICK"	3534	1089	761	352	396	748	2	563	152	715	354	390	744	360	280	735	324	391	715	430	304	734	542	173	715
"RI"	2006	"WARWICK"	3535	882	598	308	281	589	2	429	143	572	323	262	585	290	211	578	278	294	572	351	225	576	448	111	559
"RI"	2006	"WARWICK"	3536	1070	669	344	310	654	2	481	155	636	376	286	662	361	204	656	333	313	646	407	244	651	492	141	633
"RI"	2006	"WARWICK"	3537	1422	1066	454	598	1052	2	711	282	993	437	616	1053	449	439	1035	383	635	1018	530	497	1027	682	325	1007
"RI"	2006	"WARWICK"	3538	964	703	293	396	689	2	523	147	670	311	373	684	319	277	678	272	393	665	374	305	679	502	161	663
"RI"	2006	"WARWICK"	3539	1267	884	402	457	859	2	638	197	835	429	435	864	432	321	857	393	448	841	483	370	853	641	193	834
"RI"	2006	"WARWICK"	3540	1465	1002	398	587	985	2	651	283	934	427	565	992	454	394	975	390	581	971	531	444	975	628	319	947
"RI"	2006	"WARWICK"	3541	347	215	106	103	209	2	135	65	200	100	111	211	100	77	212	107	101	208	109	97	206	146	60	206
"RI"	2006	"WARWICK"	3542	1117	743	267	465	732	2	498	184	682	234	505	739	344	288	726	265	446	711	321	405	726	464	242	706
"RI"	2006	"WARWICK"	3543	818	630	180	443	623	2	397	180	577	217	408	625	275	256	621	220	384	604	268	345	613	390	192	582
"RI"	2006	"WARWICK"	3544	538	279	119	149	268	2	186	75	261	111	155	266	124	108	266	124	137	261	147	120	267	183	77	260
"RI"	2006	"WARWICK"	3545	901	629	277	335	612	2	432	155	587	272	344	616	285	268	606	266	324	590	309	292	601	404	189	593
"RI"	2006	"WARWICK"	3546	1072	722	354	355	709	2	506	158	664	310	398	708	385	272	703	308	388	696	381	315	696	469	219	688
"RI"	2006	"WARWICK"	3547	1386	1032	431	585	1016	2	704	272	976	420	595	1015	482	401	998	392	587	979	485	506	991	647	310	957
"RI"	2006	"WARWICK"	3548	1484	1154	364	765	1129	2	795	259	1054	294	842	1136	457	540	1114	388	713	1101	511	583	1094	689	387	1076
"RI"	2006	"WARWICK"	3549	1273	855	331	511	842	2	602	183	785	265	576	841	382	374	835	292	532	824	394	438	832	529	276	805
"RI"	2006	"WARWICK"	3550	605	452	137	308	445	2	312	102	414	103	341	444	164	229	434	136	292	428	187	244	431	264	160	424
"RI"	2006	"WARWICK"	3551	874	628	210	407	617	2	437	149	586	217	405	622	265	284	616	232	371	603	297	315	612	393	197	590
"RI"	2006	"WARWICK"	3552	1127	714	347	352	699	2	500	153	653	315	387	702	310	331	697	352	325	677	382	311	693	499	178	677
"RI"	2006	"WARWICK"	3553	1095	777	342	415	757	2	490	223	713	304	456	760	344	328	749	326	408	734	379	373	752	491	236	727
"RI"	2006	"WARWICK"	3554	0	1	0	1	1	2	1	0	1	0	1	1	0	1	1	0	1	1	0	1	1	0	1	1
"RI"	2006	"WESTERLY"	3601	1120	739	351	372	723	2	445	229	674	293	437	730	367	259	711	314	380	694	416	302	718	473	216	689
"RI"	2006	"WESTERLY"	3602	1487	908	412	475	887	2	565	263	828	340	557	897	428	358	865	345	511	856	510	364	874	561	286	847
"RI"	2006	"WESTERLY"	3603	1325	879	311	544	855	2	516	262	778	261	605	866	379	385	834	283	528	811	412	428	840	464	337	801
"RI"	2006	"WESTERLY"	3604	1399	925	351	553	904	2	537	258	795	277	633	910	399	419	882	302	572	874	416	481	897	484	383	867
"RI"	2006	"WESTERLY"	3606	1810	1152	568	550	1118	2	788	255	1043	459	669	1128	585	417	1094	480	595	1075	699	398	1097	750	310	1060
"RI"	2006	"WESTERLY"	3607	1718	989	502	465	967	2	649	245	894	432	539	971	523	296	930	444	470	914	624	315	939	664	238	902
"RI"	2006	"WESTERLY"	3608	1410	732	399	302	701	2	453	191	644	342	373	715	402	239	692	349	326	675	456	242	698	505	177	682
"RI"	2006	"WESTERLY"	3610	1370	845	454	366	820	2	572	195	767	444	383	827	491	240	802	422	364	786	578	234	812	618	169	787
"RI"	2006	"WESTERLY"	3612	1837	910	510	374	884	2	583	252	835	465	425	890	483	296	866	439	419	858	589	283	872	635	219	854
"RI"	2006	"WESTERLY"	3613	1481	982	458	487	945	2	660	221	881	417	543	960	461	367	927	424	487	911	607	337	944	652	251	903
"RI"	2006	"WESTERLY"	3614	724	401	201	190	391	2	261	113	374	195	202	397	191	137	386	181	193	374	265	123	388	265	101	366
"RI"	2006	"WESTERLY"	3615	0	3	2	1	3	2	1	2	3	2	1	3	2	1	3	1	2	3	3	0	3	3	0	3
"RI"	2006	"WEST GREENWICH"	3701	1517	1035	404	616	1020	2	620	318	938	422	604	1026	391	443	1009	366	616	982	499	507	1006	592	371	963
"RI"	2006	"WEST GREENWICH"	3702	1697	1160	500	630	1130	2	674	382	1056	487	658	1145	476	466	1128	426	666	1092	565	556	1121	676	399	1075
"RI"	2006	"WEST GREENWICH"	3703	575	418	167	244	411	2	225	161	386	140	272	412	136	196	412	148	243	391	177	223	400	233	152	385
"RI"	2006	"WEST GREENWICH"	3704	0	0	0	0	0	2	0	0	0	0	0	0	0	0	0	0	0	0	0	0	0	0	0	0
"RI"	2006	"WEST WARWICK"	3801	1678	1004	567	412	979	2	689	244	933	556	427	983	465	424	981	536	414	950	590	376	966	702	250	952
"RI"	2006	"WEST WARWICK"	3802	371	228	144	81	225	2	157	63	220	136	87	223	127	72	224	126	94	220	135	85	220	180	40	220
"RI"	2006	"WEST WARWICK"	3803	794	488	257	226	483	2	327	131	458	264	218	482	225	209	481	255	215	470	292	187	479	351	118	469
"RI"	2006	"WEST WARWICK"	3804	1646	943	546	373	919	2	670	228	898	551	373	924	495	333	925	531	376	907	589	329	918	697	208	905
"RI"	2006	"WEST WARWICK"	3805	1198	650	375	261	636	2	452	146	598	376	256	632	321	242	635	364	257	621	386	246	632	447	169	616
"RI"	2006	"WEST WARWICK"	3806	1847	1222	677	518	1195	2	879	258	1137	641	561	1202	610	475	1193	641	536	1177	725	458	1183	899	264	1163
"RI"	2006	"WEST WARWICK"	3807	1233	724	428	283	711	2	501	183	684	420	293	713	331	276	710	408	278	686	448	260	708	535	153	688
"RI"	2006	"WEST WARWICK"	3808	1175	828	450	369	819	2	607	173	780	434	378	812	335	395	808	435	361	796	491	313	804	607	182	789
"RI"	2006	"WEST WARWICK"	3809	1206	794	448	312	760	2	571	173	744	442	330	772	336	337	768	433	314	747	469	291	760	602	147	749
"RI"	2006	"WEST WARWICK"	3810	898	565	304	253	557	2	405	131	536	272	284	556	251	253	555	288	252	540	337	217	554	410	127	537
"RI"	2006	"WEST WARWICK"	3811	336	240	143	90	233	2	182	47	229	132	105	237	129	89	235	119	110	229	142	90	232	176	47	223
"RI"	2006	"WEST WARWICK"	3812	1041	682	344	325	669	2	511	144	655	333	336	669	313	287	672	326	336	662	399	266	665	495	167	662
"RI"	2006	"WEST WARWICK"	3813	1720	1122	546	551	1097	2	768	283	1051	460	646	1106	529	472	1096	501	569	1070	588	495	1083	765	296	1061
"RI"	2006	"WEST WARWICK"	3814	1474	985	519	454	973	2	721	218	939	427	548	975	458	406	962	461	470	931	582	373	955	685	243	928
"RI"	2006	"WEST WARWICK"	3815	1130	781	376	386	762	2	550	183	733	286	482	768	300	382	758	330	408	738	433	325	758	536	205	741
"RI"	2006	"WEST WARWICK"	3816	0	3	2	0	2	2	2	0	2	2	0	2	2	0	2	2	0	2	1	1	2	2	0	2
"RI"	2006	"WOONSOCKET"	3901	1689	587	369	204	573	1	444	78	568	339	243	582	337	166	567	367	187	554	382	181	563	441	108	549
"RI"	2006	"WOONSOCKET"	3902	1218	509	382	113	495	1	445	38	502	339	161	500	356	99	489	376	104	480	390	98	488	415	61	476
"RI"	2006	"WOONSOCKET"	3903	1844	694	479	204	683	1	544	90	675	428	260	688	421	194	675	451	201	652	477	192	669	521	125	646
"RI"	2006	"WOONSOCKET"	3904	1548	795	419	363	782	1	557	165	770	390	402	792	394	287	780	407	341	748	460	317	777	518	228	746
"RI"	2006	"WOONSOCKET"	3905	1166	465	308	148	456	1	387	43	454	303	156	459	323	99	452	315	134	449	333	121	454	373	72	445
"RI"	2006	"WOONSOCKET"	3906	642	325	223	98	321	1	252	45	317	200	121	321	197	89	319	200	110	310	221	94	315	251	58	309
"RI"	2006	"WOONSOCKET"	3907	1058	393	277	110	387	1	318	54	387	249	136	385	240	107	376	246	125	371	276	106	382	302	70	372
"RI"	2006	"WOONSOCKET"	3908	1631	636	390	235	625	1	474	101	620	361	262	623	362	175	609	385	211	596	405	199	604	467	123	590
"RI"	2006	"WOONSOCKET"	3909	1519	820	456	347	803	1	594	154	800	412	400	812	451	267	797	447	336	783	469	330	799	559	215	774
"RI"	2006	"WOONSOCKET"	3910	1682	766	482	275	757	1	590	125	752	419	338	757	438	229	747	461	269	730	494	250	744	577	158	735
"RI"	2006	"WOONSOCKET"	3911	1369	741	415	312	727	1	548	123	730	369	362	731	417	223	723	426	273	699	459	254	713	524	163	687
"RI"	2006	"WOONSOCKET"	3912	1816	840	538	290	828	1	651	112	822	461	373	834	495	235	819	485	313	798	551	269	820	616	180	796
"RI"	2006	"WOONSOCKET"	3913	1656	861	550	301	851	1	668	118	843	466	383	849	534	225	830	505	300	805	569	266	835	647	159	806
"RI"	2006	"WOONSOCKET"	3914	1372	838	454	371	825	1	608	160	818	389	443	832	445	294	823	439	367	806	472	343	815	583	209	792
"RI"	2006	"WOONSOCKET"	3915	1161	573	373	184	557	1	448	88	563	320	246	566	347	144	560	365	184	549	383	178	561	438	112	550
"RI"	2006	"WOONSOCKET"	3916	1898	715	472	220	692	1	533	121	698	412	290	702	436	188	695	461	218	679	477	212	689	549	133	682
"RI"	2006	"WOONSOCKET"	3917	0	0	0	0	0	1	0	0	0	0	0	0	0	0	0	0	0	0	0	0	0	0	0	0
"RI"	2006	"PROVIDENCE"	8100	190	65	28	35	63	2	50	11	61	28	37	65	41	16	64	17	43	60	31	33	64	43	17	60
"RI"	2006	"PROVIDENCE"	8101	111	26	26	0	26	2	23	3	26	24	2	26	21	3	26	24	2	26	23	3	26	25	1	26
"RI"	2006	"PROVIDENCE"	8102	660	251	207	42	249	2	202	39	241	190	54	244	214	14	245	199	41	240	213	34	247	235	12	247
"RI"	2006	"PROVIDENCE"	8103	750	289	212	71	283	1	238	32	279	195	88	283	192	79	285	233	49	282	216	66	282	251	28	279
"RI"	2006	"PROVIDENCE"	8105	0	0	0	0	0	1	0	0	0	0	0	0	0	0	0	0	0	0	0	0	0	0	0	0
"RI"	2006	"PROVIDENCE"	8106	0	0	0	0	0	2	0	0	0	0	0	0	0	0	0	0	0	0	0	0	0	0	0	0
"RI"	2006	"Federal 1"	9941	0	1	1	0	1	1	1	0	1	0	0	0	0	0	0	0	0	0	0	0	0	0	0	0
"RI"	2006	"Federal 2"	9942	0	0	0	0	0	2	0	0	0	0	0	0	0	0	0	0	0	0	0	0	0	0	0	0
