state	year	town	precinct	g2008_REG_tv	g2008_BALL_tv	g2008_USP_dv	g2008_USP_rv	g2008_USP_tv	g2008_USS_dv	g2008_USS_rv	g2008_USS_tv	cd	g2008_USH_dv	g2008_USH_rv	g2008_USH_tv
"RI"	2008	"Barrington"	101		1279	805	442	1272	902	333	1239	1	775	351	1231
"RI"	2008	"Barrington"	102		896	560	319	891	616	254	872	1	536	277	873
"RI"	2008	"Barrington"	103		1164	672	465	1160	769	363	1137	1	661	406	1132
"RI"	2008	"Barrington"	104		1414	923	456	1412	1011	365	1380	1	866	420	1374
"RI"	2008	"Barrington"	105		1430	893	512	1427	958	422	1386	1	798	496	1377
"RI"	2008	"Barrington"	106		1331	734	580	1326	845	449	1295	1	634	569	1271
"RI"	2008	"Barrington"	107		1030	636	374	1028	731	262	995	1	650	278	1000
"RI"	2008	"Barrington"	108		1208	724	462	1203	791	368	1164	1	686	372	1157
"RI"	2008	"Barrington"	109		5	5	0	5	4	0	4	1	4	0	4
"RI"	2008	"Barrington"	110		181	123	56	181	0	0	0		0	0	0
"RI"	2008	"Bristol"	201		1146	660	466	1141	767	329	1099	1	679	346	1099
"RI"	2008	"Bristol"	202		1114	641	442	1104	723	339	1066	1	618	368	1070
"RI"	2008	"Bristol"	203		1323	870	422	1311	935	301	1240	1	882	282	1246
"RI"	2008	"Bristol"	204		655	374	260	652	462	163	628	1	431	157	625
"RI"	2008	"Bristol"	205		739	412	304	729	485	217	703	1	450	204	707
"RI"	2008	"Bristol"	206		1359	843	475	1346	927	370	1299	1	837	370	1300
"RI"	2008	"Bristol"	208		638	434	192	633	465	134	602	1	429	135	606
"RI"	2008	"Bristol"	209		1386	870	476	1377	1013	295	1318	1	951	295	1330
"RI"	2008	"Bristol"	210		970	616	329	960	663	248	911	1	619	226	918
"RI"	2008	"Bristol"	211		1161	756	358	1146	826	238	1067	1	792	210	1078
"RI"	2008	"Bristol"	212		11	7	4	11	6	4	10	1	6	4	10
"RI"	2008	"Bristol"	213		459	350	106	459	0	0	0		0	0	0
"RI"	2008	"Burrillville"	301		1126	609	474	1110	821	263	1086	1	737	274	1088
"RI"	2008	"Burrillville"	302		1199	605	551	1193	812	345	1157	1	745	324	1168
"RI"	2008	"Burrillville"	303		1363	746	566	1356	942	372	1319	1	822	403	1320
"RI"	2008	"Burrillville"	304		950	538	387	945	673	240	915	1	615	225	916
"RI"	2008	"Burrillville"	305		998	530	431	991	671	288	962	1	612	282	975
"RI"	2008	"Burrillville"	306		1309	607	661	1307	825	434	1262	1	745	398	1274
"RI"	2008	"Burrillville"	307		0	0	0	0	0	0	0	1	0	0	0
"RI"	2008	"Burrillville"	308		190	95	90	189	0	0	0		0	0	0
"RI"	2008	"Central Falls"	401		576	463	101	570	473	57	531	1	480	44	543
"RI"	2008	"Central Falls"	402		273	221	47	272	222	31	253	1	220	26	258
"RI"	2008	"Central Falls"	403		716	590	105	708	590	71	663	1	599	57	681
"RI"	2008	"Central Falls"	404		596	487	96	588	511	52	564	1	512	42	570
"RI"	2008	"Central Falls"	405		344	291	47	340	288	34	323	1	289	28	328
"RI"	2008	"Central Falls"	406		453	324	117	447	361	74	435	1	362	50	435
"RI"	2008	"Central Falls"	407		156	118	35	155	124	19	143	1	130	19	152
"RI"	2008	"Central Falls"	408		399	307	81	396	326	47	375	1	313	46	380
"RI"	2008	"Central Falls"	409		7	7	0	7	7	0	7	1	7	0	7
"RI"	2008	"Central Falls"	410		418	383	32	418	0	0	0		0	0	0
"RI"	2008	"Charlestown"	501		1399	444	229	698	499	176	677	2	457	213	673
"RI"	2008	"Charlestown"	502		1224	358	232	609	402	175	580	2	372	197	570
"RI"	2008	"Charlestown"	503		1457	410	300	724	455	244	701	2	454	233	689
"RI"	2008	"Charlestown"	504		1797	484	398	896	531	336	874	2	506	361	868
"RI"	2008	"Charlestown"	505		424	125	81	212	158	48	207	2	144	61	205
"RI"	2008	"Charlestown"	506		1192	375	204	592	426	136	563	2	407	144	553
"RI"	2008	"Charlestown"	507		1308	401	230	651	481	147	632	2	452	164	618
"RI"	2008	"Charlestown"	508		1	1	0	1	1	0	1	2	1	0	1
"RI"	2008	"Charlestown"	509		93	72	19	93	0	0	0		0	0	0
"RI"	2008	"Coventry"	601		954	541	386	947	644	280	927	2	609	318	927
"RI"	2008	"Coventry"	602		1534	841	643	1522	1042	432	1483	2	1008	465	1479
"RI"	2008	"Coventry"	603		1019	583	406	1010	689	291	984	2	681	299	983
"RI"	2008	"Coventry"	604		1071	575	467	1066	747	292	1046	2	734	309	1043
"RI"	2008	"Coventry"	605		992	570	391	989	676	286	968	2	659	294	957
"RI"	2008	"Coventry"	606		993	581	388	993	695	270	969	2	694	277	972
"RI"	2008	"Coventry"	607		288	168	111	287	204	72	277	2	188	88	277
"RI"	2008	"Coventry"	608		583	299	275	581	367	201	568	2	387	180	567
"RI"	2008	"Coventry"	609		1192	637	521	1190	762	385	1152	2	754	396	1150
"RI"	2008	"Coventry"	610		498	312	176	495	356	124	480	2	352	130	482
"RI"	2008	"Coventry"	611		1015	579	416	1014	702	282	987	2	678	313	991
"RI"	2008	"Coventry"	612		1047	555	458	1042	647	351	1003	2	632	365	998
"RI"	2008	"Coventry"	613		684	399	258	680	481	167	652	2	461	190	652
"RI"	2008	"Coventry"	614		1046	591	423	1040	737	275	1015	2	715	291	1007
"RI"	2008	"Coventry"	615		1239	685	527	1234	824	376	1207	2	819	378	1199
"RI"	2008	"Coventry"	616		899	430	452	894	526	336	867	2	521	338	861
"RI"	2008	"Coventry"	617		697	398	272	691	468	214	683	2	454	226	681
"RI"	2008	"Coventry"	618		956	464	466	955	596	320	921	2	575	349	924
"RI"	2008	"Coventry"	619		398	192	196	397	241	148	390	2	233	153	386
"RI"	2008	"Coventry"	620		11	6	5	11	6	2	8	2	7	2	9
"RI"	2008	"Coventry"	621		352	216	130	351	0	0	0		0	0	0
"RI"	2008	"Cranston"	701		1890	642	307	971	737	199	938	2	714	212	930
"RI"	2008	"Cranston"	702		1147	355	210	580	421	140	563	2	426	134	560
"RI"	2008	"Cranston"	703		904	315	118	441	345	81	429	2	350	82	432
"RI"	2008	"Cranston"	706		1980	664	296	979	736	204	946	2	731	212	943
"RI"	2008	"Cranston"	708		1883	548	366	924	650	231	885	2	666	215	884
"RI"	2008	"Cranston"	709		1409	463	228	702	517	152	678	2	516	158	674
"RI"	2008	"Cranston"	710		2447	626	566	1218	773	400	1184	2	760	414	1178
"RI"	2008	"Cranston"	711		2381	547	606	1177	732	399	1139	2	712	424	1138
"RI"	2008	"Cranston"	712		712	181	167	353	215	132	348	2	209	134	343
"RI"	2008	"Cranston"	713		2844	728	668	1418	900	456	1364	2	855	504	1360
"RI"	2008	"Cranston"	714		2064	565	436	1019	681	306	993	2	680	313	996
"RI"	2008	"Cranston"	715		1516	438	307	754	522	201	730	2	493	227	724
"RI"	2008	"Cranston"	717		2942	795	622	1454	960	440	1413	2	949	451	1401
"RI"	2008	"Cranston"	718		168	59	22	82	67	13	80	2	60	19	79
"RI"	2008	"Cranston"	719		978	269	201	484	309	151	460	2	314	145	459
"RI"	2008	"Cranston"	720		1173	363	205	581	433	133	570	2	415	155	570
"RI"	2008	"Cranston"	721		1896	499	421	935	580	320	902	2	580	319	899
"RI"	2008	"Cranston"	722		1140	323	223	563	391	147	541	2	366	165	533
"RI"	2008	"Cranston"	723		2499	629	585	1234	771	434	1208	2	758	437	1196
"RI"	2008	"Cranston"	724		2324	664	458	1144	796	320	1119	2	759	353	1112
"RI"	2008	"Cranston"	726		610	206	97	305	241	56	298	2	232	61	293
"RI"	2008	"Cranston"	727		1977	610	341	977	699	257	963	2	681	273	955
"RI"	2008	"Cranston"	728		1571	471	298	777	568	172	745	2	549	191	740
"RI"	2008	"Cranston"	729		1336	383	262	662	456	182	641	2	462	172	637
"RI"	2008	"Cranston"	730		2042	540	454	1008	662	313	978	2	648	326	974
"RI"	2008	"Cranston"	731		1660	423	359	800	511	275	787	2	523	266	789
"RI"	2008	"Cranston"	732		1226	383	213	607	430	158	591	2	414	171	585
"RI"	2008	"Cranston"	733		1535	503	251	767	553	192	748	2	556	187	743
"RI"	2008	"Cranston"	734		846	255	154	419	297	106	404	2	286	114	400
"RI"	2008	"Cranston"	735		930	320	126	462	361	81	444	2	357	78	435
"RI"	2008	"Cranston"	736		1943	670	269	960	713	207	929	2	694	226	922
"RI"	2008	"Cranston"	737		1328	431	209	656	494	146	640	2	474	160	636
"RI"	2008	"Cranston"	739		3003	1063	404	1490	1147	284	1435	2	1085	331	1421
"RI"	2008	"Cranston"	740		1719	571	253	851	642	181	827	2	632	190	823
"RI"	2008	"Cranston"	742		2878	1104	293	1418	1130	242	1381	2	1083	287	1376
"RI"	2008	"Cranston"	743		1971	703	255	977	723	223	953	2	699	242	944
"RI"	2008	"Cranston"	744		1885	670	247	937	702	210	916	2	708	202	915
"RI"	2008	"Cranston"	745		1574	522	239	778	569	190	763	2	540	212	756
"RI"	2008	"Cranston"	746		1735	360	487	863	520	316	840	2	485	346	832
"RI"	2008	"Cranston"	747		1834	475	431	916	617	277	895	2	605	286	891
"RI"	2008	"Cranston"	748		1280	319	301	633	397	215	616	2	364	248	613
"RI"	2008	"Cranston"	749		1749	513	339	867	597	230	831	2	599	228	827
"RI"	2008	"Cranston"	750		1866	479	420	915	597	290	895	2	586	300	888
"RI"	2008	"Cranston"	751		30	23	6	30	24	3	27	2	22	4	26
"RI"	2008	"Cranston"	752		1131	850	261	1131	0	0	0		0	0	0
"RI"	2008	"Cumberland"	801		1142	631	475	1133	768	337	1110	1	654	364	1110
"RI"	2008	"Cumberland"	802		868	492	353	863	582	245	831	1	558	228	833
"RI"	2008	"Cumberland"	803		935	529	379	930	646	237	885	1	600	227	884
"RI"	2008	"Cumberland"	804		610	336	255	607	408	171	580	1	383	157	576
"RI"	2008	"Cumberland"	805		1061	650	373	1042	737	266	1006	1	653	292	1013
"RI"	2008	"Cumberland"	806		1154	652	473	1149	775	318	1103	1	715	316	1110
"RI"	2008	"Cumberland"	807		1310	710	565	1301	821	400	1228	1	756	389	1253
"RI"	2008	"Cumberland"	808		1088	589	467	1071	687	342	1031	1	621	352	1034
"RI"	2008	"Cumberland"	809		1128	544	547	1119	656	425	1082	1	569	423	1079
"RI"	2008	"Cumberland"	810		1074	518	529	1066	641	373	1019	1	549	393	1022
"RI"	2008	"Cumberland"	811		1119	584	510	1111	687	379	1066	1	626	350	1066
"RI"	2008	"Cumberland"	812		929	468	443	928	571	320	892	1	502	316	889
"RI"	2008	"Cumberland"	814		1065	732	299	1056	781	205	991	1	764	179	1006
"RI"	2008	"Cumberland"	815		695	415	251	686	460	194	659	1	447	154	668
"RI"	2008	"Cumberland"	816		760	501	238	758	559	166	729	1	547	152	736
"RI"	2008	"Cumberland"	817		1031	607	369	996	694	262	963	1	671	241	979
"RI"	2008	"Cumberland"	818		830	507	299	825	567	212	784	1	504	214	789
"RI"	2008	"Cumberland"	819		8	8	0	8	7	1	8	1	7	1	8
"RI"	2008	"Cumberland"	820		358	234	116	358	0	0	0		0	0	0
"RI"	2008	"East Greenwich"	901		528	220	294	522	269	240	513	2	254	257	514
"RI"	2008	"East Greenwich"	902		1126	493	608	1121	608	487	1101	2	594	502	1097
"RI"	2008	"East Greenwich"	903		1047	655	363	1041	703	296	1004	2	660	329	991
"RI"	2008	"East Greenwich"	904		1328	674	623	1321	775	501	1282	2	744	531	1276
"RI"	2008	"East Greenwich"	905		792	424	344	786	493	261	757	2	469	280	750
"RI"	2008	"East Greenwich"	906		522	249	252	513	300	211	513	2	287	218	507
"RI"	2008	"East Greenwich"	907		1246	648	575	1243	720	473	1199	2	680	517	1199
"RI"	2008	"East Greenwich"	908		943	467	455	940	559	346	910	2	529	375	906
"RI"	2008	"East Greenwich"	909		11	5	6	11	8	3	11	2	8	3	11
"RI"	2008	"East Greenwich"	910		132	81	50	132	0	0	0		0	0	0
"RI"	2008	"East Providence"	1001		491	396	81	486	388	76	465	1	387	52	467
"RI"	2008	"East Providence"	1002		774	606	152	767	616	104	720	1	591	88	728
"RI"	2008	"East Providence"	1003		1318	867	417	1310	931	312	1247	1	873	281	1266
"RI"	2008	"East Providence"	1005		790	488	280	786	565	199	769	1	545	179	775
"RI"	2008	"East Providence"	1006		1196	737	429	1193	826	326	1155	1	749	330	1155
"RI"	2008	"East Providence"	1007		702	434	256	698	470	200	673	1	416	204	679
"RI"	2008	"East Providence"	1008		190	140	46	190	146	30	177	1	148	27	184
"RI"	2008	"East Providence"	1009		1383	950	404	1376	1049	291	1347	1	1008	263	1356
"RI"	2008	"East Providence"	1010		929	710	201	923	729	151	886	1	702	135	897
"RI"	2008	"East Providence"	1011		1032	674	315	1013	718	255	981	1	692	234	995
"RI"	2008	"East Providence"	1013		1496	1112	348	1488	1161	254	1419	1	1156	214	1441
"RI"	2008	"East Providence"	1014		1224	926	268	1212	941	199	1146	1	933	168	1165
"RI"	2008	"East Providence"	1015		768	555	192	761	591	128	721	1	580	109	735
"RI"	2008	"East Providence"	1016		998	755	209	986	796	149	947	1	769	134	961
"RI"	2008	"East Providence"	1017		241	177	53	239	187	39	226	1	182	28	230
"RI"	2008	"East Providence"	1018		651	514	111	640	517	81	602	1	525	69	619
"RI"	2008	"East Providence"	1019		1088	717	327	1085	811	243	1059	1	755	206	1067
"RI"	2008	"East Providence"	1021		997	639	318	989	752	215	972	1	684	188	975
"RI"	2008	"East Providence"	1022		1116	683	393	1107	743	324	1072	1	705	264	1074
"RI"	2008	"East Providence"	1023		1271	783	449	1264	874	337	1220	1	847	307	1239
"RI"	2008	"East Providence"	1024		1039	699	305	1032	801	202	1004	1	717	211	1009
"RI"	2008	"East Providence"	1025		1263	846	377	1249	898	296	1206	1	854	275	1220
"RI"	2008	"East Providence"	1026		510	336	166	510	380	116	500	1	365	105	502
"RI"	2008	"East Providence"	1027		27	26	1	27	26	1	27	1	22	4	26
"RI"	2008	"East Providence"	1028		736	610	118	736	0	0	0		0	0	0
"RI"	2008	"Exeter"	1101		1177	647	495	1165	772	348	1127	2	740	379	1121
"RI"	2008	"Exeter"	1102		984	510	445	979	555	384	945	2	536	399	935
"RI"	2008	"Exeter"	1103		1060	535	486	1048	632	388	1027	2	569	446	1015
"RI"	2008	"Exeter"	1104		1	1	0	1	1	0	1	2	1	0	1
"RI"	2008	"Exeter"	1105		93	70	21	93	0	0	0		0	0	0
"RI"	2008	"Foster"	1201		2668	696	577	1328	833	437	1278	2	832	439	1273
"RI"	2008	"Foster"	1202		2412	613	558	1200	729	424	1161	2	730	425	1157
"RI"	2008	"Foster"	1203		1	0	1	1	0	1	1	2	0	1	1
"RI"	2008	"Foster"	1204		49	28	19	49	0	0	0		0	0	0
"RI"	2008	"Glocester"	1301		1240	591	589	1229	800	394	1195	2	770	416	1187
"RI"	2008	"Glocester"	1302		1344	692	609	1335	854	424	1286	2	829	448	1282
"RI"	2008	"Glocester"	1303		1182	530	620	1173	722	399	1127	2	717	411	1130
"RI"	2008	"Glocester"	1304		326	168	145	323	194	116	310	2	184	126	310
"RI"	2008	"Glocester"	1305		1145	605	492	1135	719	380	1102	2	706	385	1092
"RI"	2008	"Glocester"	1306		1	1	0	1	1	0	1	2	1	0	1
"RI"	2008	"Glocester"	1307		96	52	43	96	0	0	0		0	0	0
"RI"	2008	"Hopkinton"	1401		1193	645	504	1190	755	373	1129	2	742	371	1117
"RI"	2008	"Hopkinton"	1402		1237	686	507	1233	800	375	1183	2	796	378	1178
"RI"	2008	"Hopkinton"	1403		1536	849	639	1529	963	490	1461	2	938	498	1442
"RI"	2008	"Hopkinton"	1404		1	1	0	1	1	0	1	2	1	0	1
"RI"	2008	"Hopkinton"	1405		110	66	41	110	0	0	0		0	0	0
"RI"	2008	"Jamestown"	1501		1202	798	367	1199	883	276	1162	1	744	289	1153
"RI"	2008	"Jamestown"	1502		1132	704	403	1128	823	278	1106	1	670	344	1098
"RI"	2008	"Jamestown"	1503		1301	768	505	1298	908	359	1275	1	749	413	1268
"RI"	2008	"Jamestown"	1504		2	2	0	2	2	0	2	1	2	0	2
"RI"	2008	"Jamestown"	1505		71	44	25	71	0	0	0		0	0	0
"RI"	2008	"Johnston"	1601		519	279	214	512	365	129	501	2	369	129	499
"RI"	2008	"Johnston"	1602		761	382	347	751	486	249	740	2	488	240	729
"RI"	2008	"Johnston"	1603		645	391	224	629	462	151	617	2	471	137	609
"RI"	2008	"Johnston"	1605		1130	580	510	1117	732	326	1067	2	742	326	1068
"RI"	2008	"Johnston"	1606		1214	619	558	1201	810	341	1157	2	798	352	1151
"RI"	2008	"Johnston"	1607		675	396	256	669	472	165	643	2	472	169	641
"RI"	2008	"Johnston"	1608		1042	559	443	1028	723	267	991	2	716	264	981
"RI"	2008	"Johnston"	1609		443	248	184	441	305	118	423	2	313	116	431
"RI"	2008	"Johnston"	1610		935	500	394	916	636	260	901	2	626	267	894
"RI"	2008	"Johnston"	1611		929	470	430	919	615	256	881	2	626	260	888
"RI"	2008	"Johnston"	1612		661	375	255	644	464	162	631	2	466	156	623
"RI"	2008	"Johnston"	1613		1059	574	445	1043	725	283	1024	2	752	265	1018
"RI"	2008	"Johnston"	1614		1048	595	418	1041	694	290	992	2	689	302	993
"RI"	2008	"Johnston"	1615		829	443	346	820	586	212	805	2	582	212	796
"RI"	2008	"Johnston"	1617		765	468	264	756	582	156	742	2	561	171	734
"RI"	2008	"Johnston"	1618		1244	601	614	1240	756	444	1205	2	761	439	1201
"RI"	2008	"Johnston"	1619		0	0	0	0	0	0	0	2	0	0	0
"RI"	2008	"Johnston"	1620		457	283	164	456	0	0	0		0	0	0
"RI"	2008	"Lincoln"	1701		785	357	413	778	440	309	753	1	401	275	754
"RI"	2008	"Lincoln"	1702		1121	558	534	1118	692	390	1086	1	581	412	1086
"RI"	2008	"Lincoln"	1703		541	278	245	533	346	181	527	1	315	165	526
"RI"	2008	"Lincoln"	1704		326	201	112	320	232	77	309	1	201	89	310
"RI"	2008	"Lincoln"	1705		1311	803	460	1295	936	306	1247	1	896	285	1262
"RI"	2008	"Lincoln"	1706		1017	545	447	1006	669	308	980	1	592	322	984
"RI"	2008	"Lincoln"	1707		135	75	59	135	87	45	132	1	76	45	130
"RI"	2008	"Lincoln"	1708		857	417	415	851	523	305	831	1	512	267	837
"RI"	2008	"Lincoln"	1709		654	407	230	651	466	159	628	1	437	155	635
"RI"	2008	"Lincoln"	1710		1006	524	457	998	654	314	970	1	564	334	976
"RI"	2008	"Lincoln"	1711		451	231	212	450	275	155	433	1	267	139	437
"RI"	2008	"Lincoln"	1712		492	299	179	486	353	120	474	1	327	115	477
"RI"	2008	"Lincoln"	1713		611	322	271	607	390	192	585	1	357	177	592
"RI"	2008	"Lincoln"	1714		288	184	95	284	206	75	282	1	195	67	285
"RI"	2008	"Lincoln"	1715		1180	664	471	1161	811	323	1144	1	735	329	1141
"RI"	2008	"Lincoln"	1716		393	244	130	390	293	85	381	1	266	87	384
"RI"	2008	"Lincoln"	1717		4	2	2	4	3	0	3	1	1	1	2
"RI"	2008	"Lincoln"	1718		257	153	99	257	0	0	0		0	0	0
"RI"	2008	"Little Compton"	1801		1146	655	455	1136	687	411	1103	1	564	435	1098
"RI"	2008	"Little Compton"	1802		1120	642	448	1113	677	407	1088	1	523	438	1073
"RI"	2008	"Little Compton"	1803		6	4	1	6	5	1	6	1	5	1	6
"RI"	2008	"Little Compton"	1804		33	26	7	33	0	0	0		0	0	0
"RI"	2008	"Middletown"	1901		1859	541	380	935	641	265	908	1	560	298	910
"RI"	2008	"Middletown"	1902		2140	585	456	1065	722	306	1030	1	645	327	1032
"RI"	2008	"Middletown"	1903		1552	441	326	779	547	207	756	1	496	231	762
"RI"	2008	"Middletown"	1904		1865	569	344	927	654	241	900	1	583	267	908
"RI"	2008	"Middletown"	1905		690	217	118	341	253	81	334	1	231	82	333
"RI"	2008	"Middletown"	1906		2156	688	379	1080	795	256	1052	1	728	258	1057
"RI"	2008	"Middletown"	1907		1632	500	292	812	576	212	789	1	540	193	794
"RI"	2008	"Middletown"	1908		2865	833	563	1422	1014	370	1387	1	915	378	1387
"RI"	2008	"Middletown"	1909		7	6	1	7	6	0	6	1	5	1	6
"RI"	2008	"Middletown"	1910		359	251	105	359	0	0	0		0	0	0
"RI"	2008	"Narragansett"	2001		752	403	329	744	469	250	725	2	459	261	722
"RI"	2008	"Narragansett"	2002		841	536	274	836	620	188	811	2	576	218	794
"RI"	2008	"Narragansett"	2003		748	501	231	742	558	164	723	2	530	187	718
"RI"	2008	"Narragansett"	2004		671	382	272	665	422	218	645	2	415	226	641
"RI"	2008	"Narragansett"	2005		886	556	307	882	614	234	851	2	565	276	842
"RI"	2008	"Narragansett"	2006		767	414	331	762	475	262	741	2	460	276	737
"RI"	2008	"Narragansett"	2007		677	370	290	672	412	238	657	2	407	241	649
"RI"	2008	"Narragansett"	2008		669	379	270	666	417	223	643	2	394	245	640
"RI"	2008	"Narragansett"	2009		863	489	353	857	550	269	820	2	520	290	810
"RI"	2008	"Narragansett"	2010		573	391	171	568	412	138	552	2	388	152	541
"RI"	2008	"Narragansett"	2011		660	395	251	656	458	171	634	2	439	188	629
"RI"	2008	"Narragansett"	2012		7	7	0	7	6	0	6	2	4	0	4
"RI"	2008	"Narragansett"	2013		258	160	91	254	0	0	0		0	0	0
"RI"	2008	"New Shoreham"	2201		1044	739	278	1036	812	200	1013	2	738	259	998
"RI"	2008	"New Shoreham"	2202		1	1	0	1	1	0	1	2	1	0	1
"RI"	2008	"New Shoreham"	2203		26	18	7	25	0	0	0		0	0	0
"RI"	2008	"Newport"	2101		1105	230	133	367	268	92	360	1	231	108	355
"RI"	2008	"Newport"	2102		3481	785	344	1156	858	256	1117	1	804	249	1123
"RI"	2008	"Newport"	2103		2348	598	168	779	631	120	752	1	612	108	757
"RI"	2008	"Newport"	2105		2030	430	233	679	491	163	655	1	456	160	654
"RI"	2008	"Newport"	2106		2176	521	191	723	560	131	693	1	527	132	701
"RI"	2008	"Newport"	2107		1842	477	126	614	513	87	602	1	486	96	604
"RI"	2008	"Newport"	2108		1789	407	176	594	439	133	574	1	384	156	571
"RI"	2008	"Newport"	2109		2547	575	256	847	600	218	821	1	537	243	819
"RI"	2008	"Newport"	2110		2345	510	250	779	557	184	744	1	517	196	748
"RI"	2008	"Newport"	2111		2149	476	226	713	522	162	684	1	458	184	689
"RI"	2008	"Newport"	2112		2268	505	231	753	548	172	721	1	487	176	719
"RI"	2008	"Newport"	2113		2512	452	374	837	519	281	801	1	474	285	798
"RI"	2008	"Newport"	2114		2830	550	378	940	630	264	896	1	566	278	899
"RI"	2008	"Newport"	2115		72	58	14	72	46	4	50	1	42	4	50
"RI"	2008	"Newport"	2116		533	415	115	532	0	0	0		0	0	0
"RI"	2008	"North Kingstown"	2301		862	470	379	861	585	260	846	2	537	305	844
"RI"	2008	"North Kingstown"	2302		1208	604	575	1203	758	410	1178	2	667	500	1169
"RI"	2008	"North Kingstown"	2303		1434	785	617	1428	940	444	1390	2	802	582	1385
"RI"	2008	"North Kingstown"	2304		1110	679	391	1103	775	294	1075	2	699	367	1066
"RI"	2008	"North Kingstown"	2305		1152	680	437	1147	819	285	1108	2	738	369	1109
"RI"	2008	"North Kingstown"	2306		504	252	239	501	282	187	472	2	264	206	470
"RI"	2008	"North Kingstown"	2307		1018	554	440	1015	659	329	991	2	562	422	984
"RI"	2008	"North Kingstown"	2308		1062	612	419	1055	683	340	1028	2	620	403	1025
"RI"	2008	"North Kingstown"	2309		1089	573	499	1088	674	369	1046	2	608	434	1042
"RI"	2008	"North Kingstown"	2310		1478	912	526	1473	999	435	1438	2	902	530	1432
"RI"	2008	"North Kingstown"	2311		1323	780	515	1319	878	397	1280	2	736	524	1262
"RI"	2008	"North Kingstown"	2312		1301	771	490	1291	877	378	1263	2	773	474	1249
"RI"	2008	"North Kingstown"	2313		1135	551	561	1131	646	451	1099	2	530	564	1094
"RI"	2008	"North Kingstown"	2314		233	140	89	232	155	73	230	2	131	97	228
"RI"	2008	"North Kingstown"	2315		39	26	13	39	24	9	33	2	23	9	32
"RI"	2008	"North Kingstown"	2316		277	173	95	276	0	0	0		0	0	0
"RI"	2008	"North Providence"	2401		1341	858	447	1332	921	354	1282	1	869	290	1284
"RI"	2008	"North Providence"	2402		795	479	296	791	556	207	767	1	502	188	772
"RI"	2008	"North Providence"	2403		1218	770	411	1208	863	279	1150	1	816	245	1160
"RI"	2008	"North Providence"	2404		658	395	250	653	449	178	637	1	430	142	639
"RI"	2008	"North Providence"	2405		526	272	241	525	333	161	498	1	312	148	498
"RI"	2008	"North Providence"	2406		1196	730	433	1192	828	318	1154	1	755	284	1159
"RI"	2008	"North Providence"	2407		1312	803	475	1304	879	349	1237	1	827	289	1243
"RI"	2008	"North Providence"	2408		576	359	205	572	416	135	555	1	378	120	552
"RI"	2008	"North Providence"	2409		726	460	244	716	544	141	690	1	509	135	698
"RI"	2008	"North Providence"	2410		981	554	394	965	656	268	930	1	634	221	936
"RI"	2008	"North Providence"	2411		667	373	279	661	413	216	633	1	380	192	648
"RI"	2008	"North Providence"	2412		1067	546	494	1056	647	355	1009	1	597	301	1008
"RI"	2008	"North Providence"	2413		759	481	255	750	534	179	719	1	512	148	724
"RI"	2008	"North Providence"	2414		1162	723	402	1149	824	271	1099	1	777	227	1112
"RI"	2008	"North Providence"	2415		909	525	345	897	606	242	859	1	558	215	865
"RI"	2008	"North Providence"	2416		733	452	257	730	537	155	698	1	512	141	705
"RI"	2008	"North Providence"	2417		966	656	284	957	706	203	914	1	672	178	919
"RI"	2008	"North Providence"	2418		253	152	87	250	181	56	238	1	170	50	243
"RI"	2008	"North Providence"	2419		5	5	0	5	5	0	5	1	5	0	5
"RI"	2008	"North Providence"	2420		499	361	134	499	0	0	0		0	0	0
"RI"	2008	"North Smithfield"	2501		823	445	359	815	537	242	781	1	512	221	782
"RI"	2008	"North Smithfield"	2502		1245	574	635	1242	765	437	1206	1	709	421	1210
"RI"	2008	"North Smithfield"	2503		1405	717	641	1396	899	439	1341	1	834	410	1343
"RI"	2008	"North Smithfield"	2504		1148	601	503	1137	754	334	1092	1	683	314	1098
"RI"	2008	"North Smithfield"	2505		655	343	298	650	446	175	623	1	412	170	630
"RI"	2008	"North Smithfield"	2506		917	524	360	910	633	247	883	1	573	247	881
"RI"	2008	"North Smithfield"	2507		0	0	0	0	0	0	0	1	0	0	0
"RI"	2008	"North Smithfield"	2508		129	86	43	129	0	0	0		0	0	0
"RI"	2008	"Pawtucket"	2601		258	242	12	255	230	14	244	1	230	11	246
"RI"	2008	"Pawtucket"	2602		671	472	170	658	499	118	622	1	494	91	638
"RI"	2008	"Pawtucket"	2603		377	330	42	375	323	31	354	1	331	30	364
"RI"	2008	"Pawtucket"	2604		289	250	28	281	242	25	268	1	241	19	273
"RI"	2008	"Pawtucket"	2605		784	643	94	747	656	71	729	1	637	60	740
"RI"	2008	"Pawtucket"	2606		971	665	264	962	736	191	928	1	706	157	932
"RI"	2008	"Pawtucket"	2607		1090	718	326	1074	792	231	1025	1	731	202	1034
"RI"	2008	"Pawtucket"	2608		1117	890	198	1111	904	167	1074	1	819	173	1067
"RI"	2008	"Pawtucket"	2609		622	502	106	620	520	68	591	1	496	67	595
"RI"	2008	"Pawtucket"	2610		74	57	15	73	60	12	72	1	63	6	72
"RI"	2008	"Pawtucket"	2611		1182	920	232	1176	976	152	1133	1	929	149	1142
"RI"	2008	"Pawtucket"	2612		809	643	148	805	642	103	748	1	634	81	758
"RI"	2008	"Pawtucket"	2613		547	409	96	512	446	62	508	1	438	45	515
"RI"	2008	"Pawtucket"	2616		1364	926	385	1339	1036	253	1298	1	982	211	1318
"RI"	2008	"Pawtucket"	2618		548	419	115	544	419	104	524	1	408	82	526
"RI"	2008	"Pawtucket"	2619		1051	775	227	1033	823	168	997	1	818	120	1001
"RI"	2008	"Pawtucket"	2620		520	379	120	512	390	106	499	1	379	91	496
"RI"	2008	"Pawtucket"	2621		955	584	345	945	672	233	909	1	613	219	912
"RI"	2008	"Pawtucket"	2622		942	627	290	937	691	210	903	1	663	174	904
"RI"	2008	"Pawtucket"	2623		994	651	310	988	734	202	940	1	698	179	948
"RI"	2008	"Pawtucket"	2624		882	619	236	875	665	170	838	1	645	140	848
"RI"	2008	"Pawtucket"	2625		1047	712	296	1034	787	199	994	1	739	185	1007
"RI"	2008	"Pawtucket"	2626		1465	923	488	1446	1005	374	1387	1	972	328	1403
"RI"	2008	"Pawtucket"	2627		1090	700	342	1072	800	241	1050	1	757	190	1056
"RI"	2008	"Pawtucket"	2628		914	611	274	909	676	196	876	1	635	183	881
"RI"	2008	"Pawtucket"	2629		906	669	196	885	711	144	860	1	700	122	873
"RI"	2008	"Pawtucket"	2630		705	549	134	700	569	94	666	1	557	77	673
"RI"	2008	"Pawtucket"	2631		783	565	196	773	629	118	751	1	576	108	753
"RI"	2008	"Pawtucket"	2632		595	398	177	589	460	105	566	1	436	99	572
"RI"	2008	"Pawtucket"	2633		205	173	28	204	182	18	200	1	171	20	199
"RI"	2008	"Pawtucket"	2634		255	187	58	254	203	38	242	1	192	33	241
"RI"	2008	"Pawtucket"	2635		21	19	2	21	18	1	19	1	17	2	19
"RI"	2008	"Pawtucket"	2636		1420	1259	148	1420	0	0	0		0	0	0
"RI"	2008	"Portsmouth"	2701		121	67	48	119	83	30	113	1	78	31	114
"RI"	2008	"Portsmouth"	2702		786	404	370	783	475	280	756	1	407	298	759
"RI"	2008	"Portsmouth"	2703		865	473	368	862	564	263	829	1	509	247	821
"RI"	2008	"Portsmouth"	2704		765	480	262	760	522	198	725	1	472	190	731
"RI"	2008	"Portsmouth"	2705		787	481	283	781	544	204	749	1	496	185	757
"RI"	2008	"Portsmouth"	2706		950	531	396	943	629	273	902	1	557	292	910
"RI"	2008	"Portsmouth"	2707		1021	520	476	1011	620	361	983	1	513	402	981
"RI"	2008	"Portsmouth"	2708		777	415	346	773	511	237	749	1	458	237	747
"RI"	2008	"Portsmouth"	2709		1615	862	712	1597	1060	485	1547	1	955	515	1549
"RI"	2008	"Portsmouth"	2710		1088	550	520	1083	718	335	1057	1	630	375	1060
"RI"	2008	"Portsmouth"	2712		927	476	424	919	578	309	887	1	517	329	898
"RI"	2008	"Portsmouth"	2713		2	2	0	2	2	0	2	1	1	0	2
"RI"	2008	"Portsmouth"	2714		284	203	71	284	0	0	0		0	0	0
"RI"	2008	"Providence"	2801		1125	934	167	1120	936	136	1079	1	895	114	1074
"RI"	2008	"Providence"	2803		837	748	77	832	754	63	818	1	740	52	819
"RI"	2008	"Providence"	2804		408	307	91	406	332	66	400	1	317	60	398
"RI"	2008	"Providence"	2805		299	229	57	295	241	43	285	1	223	41	286
"RI"	2008	"Providence"	2806		294	242	45	289	248	32	282	1	240	22	279
"RI"	2008	"Providence"	2807		156	108	41	154	115	32	148	1	108	26	151
"RI"	2008	"Providence"	2808		762	641	105	758	635	91	729	1	578	93	727
"RI"	2008	"Providence"	8100		119	86	26	118	83	26	109	2	77	28	105
"RI"	2008	"Providence"	8101		40	34	4	39	34	4	38	2	32	4	36
"RI"	2008	"Providence"	8102		326	307	16	325	301	17	318	2	294	17	311
"RI"	2008	"Providence"	8103		325	235	85	324	264	49	314	1	256	41	313
"RI"	2008	"Providence"	2811		334	281	46	333	270	40	311	2	254	52	306
"RI"	2008	"Providence"	2812		268	219	34	265	212	36	250	2	212	38	251
"RI"	2008	"Providence"	2813		809	681	106	808	679	101	784	1	631	94	778
"RI"	2008	"Providence"	2815		1037	865	141	1029	847	131	984	1	780	142	984
"RI"	2008	"Providence"	2816		171	154	14	171	154	15	169	1	131	24	167
"RI"	2008	"Providence"	2817		371	301	69	371	296	61	360	1	255	79	359
"RI"	2008	"Providence"	2818		575	539	20	575	496	30	526	1	460	28	523
"RI"	2008	"Providence"	2819		598	491	97	595	483	89	572	1	416	105	560
"RI"	2008	"Providence"	2820		1028	846	160	1020	842	148	997	1	750	179	985
"RI"	2008	"Providence"	2822		951	768	161	946	790	140	932	1	689	170	922
"RI"	2008	"Providence"	2823		823	675	128	817	691	108	802	1	594	147	788
"RI"	2008	"Providence"	2824		130	119	9	130	112	13	126	1	109	7	123
"RI"	2008	"Providence"	2826		972	746	211	967	787	148	938	1	681	194	928
"RI"	2008	"Providence"	2827		792	552	229	788	567	198	765	1	490	234	759
"RI"	2008	"Providence"	2828		942	802	112	934	800	103	907	1	729	112	913
"RI"	2008	"Providence"	2829		705	633	54	702	616	54	673	1	596	46	673
"RI"	2008	"Providence"	2830		842	740	84	840	732	84	820	1	663	97	815
"RI"	2008	"Providence"	2831		659	577	66	658	584	58	646	1	558	53	644
"RI"	2008	"Providence"	2832		875	722	140	874	745	116	862	1	676	124	855
"RI"	2008	"Providence"	2833		784	700	65	776	694	54	751	1	666	57	755
"RI"	2008	"Providence"	2834		746	525	196	742	590	126	719	1	558	114	721
"RI"	2008	"Providence"	2835		1063	750	276	1050	843	167	1019	1	819	145	1028
"RI"	2008	"Providence"	2836		299	190	96	294	208	85	294	1	192	74	291
"RI"	2008	"Providence"	2838		924	657	242	914	733	158	897	1	686	160	902
"RI"	2008	"Providence"	2839		1382	1001	363	1374	1009	273	1294	1	958	245	1301
"RI"	2008	"Providence"	2840		210	130	70	207	157	47	205	2	161	41	202
"RI"	2008	"Providence"	2841		987	741	224	982	810	147	959	2	787	163	953
"RI"	2008	"Providence"	2842		404	371	29	403	367	22	391	2	362	31	393
"RI"	2008	"Providence"	2843		86	39	43	85	50	31	82	1	45	29	83
"RI"	2008	"Providence"	2844		700	477	207	697	511	156	672	1	488	137	679
"RI"	2008	"Providence"	2845		530	310	205	525	358	154	516	2	369	143	515
"RI"	2008	"Providence"	2846		100	74	25	100	77	20	97	2	75	22	97
"RI"	2008	"Providence"	2847		1199	835	330	1186	903	242	1152	1	847	214	1153
"RI"	2008	"Providence"	2848		839	579	228	829	629	171	811	1	601	151	811
"RI"	2008	"Providence"	2849		701	493	181	694	557	115	676	1	518	109	682
"RI"	2008	"Providence"	2850		31	23	8	31	26	4	30	1	25	6	31
"RI"	2008	"Providence"	2851		80	62	17	80	64	15	79	2	60	16	76
"RI"	2008	"Providence"	2852		775	603	151	763	629	119	754	2	635	104	740
"RI"	2008	"Providence"	2853		649	521	110	643	543	78	625	2	540	77	619
"RI"	2008	"Providence"	2854		419	350	68	418	361	41	408	2	358	47	408
"RI"	2008	"Providence"	2855		21	18	3	21	17	4	21	2	15	6	21
"RI"	2008	"Providence"	2856		297	249	37	296	260	25	287	2	256	27	283
"RI"	2008	"Providence"	2857		20	14	6	20	15	5	20	2	15	5	20
"RI"	2008	"Providence"	2858		80	68	10	80	67	10	78	2	66	10	77
"RI"	2008	"Providence"	2859		75	69	5	75	68	6	74	2	66	7	73
"RI"	2008	"Providence"	2860		124	93	29	124	94	27	122	2	92	30	122
"RI"	2008	"Providence"	2861		550	440	90	547	454	70	527	2	454	68	525
"RI"	2008	"Providence"	2862		689	539	129	682	554	92	651	2	542	103	649
"RI"	2008	"Providence"	2863		744	590	124	729	607	96	711	2	605	92	700
"RI"	2008	"Providence"	2864		394	342	45	392	342	36	382	2	339	39	380
"RI"	2008	"Providence"	2865		336	319	13	333	299	12	311	2	291	14	305
"RI"	2008	"Providence"	2866		736	607	115	730	627	70	698	2	611	76	689
"RI"	2008	"Providence"	2867		77	61	15	77	66	10	77	2	68	8	77
"RI"	2008	"Providence"	2868		812	742	48	795	734	37	773	2	713	46	760
"RI"	2008	"Providence"	2869		553	488	51	549	489	37	527	2	474	34	511
"RI"	2008	"Providence"	2871		354	312	32	350	316	26	343	2	301	29	333
"RI"	2008	"Providence"	2872		487	399	79	484	412	63	477	2	416	52	470
"RI"	2008	"Providence"	2873		68	52	16	68	48	20	68	2	46	19	65
"RI"	2008	"Providence"	2874		1098	920	165	1093	952	112	1072	2	955	107	1063
"RI"	2008	"Providence"	2875		714	654	51	713	649	33	683	2	621	52	673
"RI"	2008	"Providence"	2876		721	679	35	720	672	18	691	2	655	23	682
"RI"	2008	"Providence"	2878		133	129	4	133	128	1	129	2	128	1	129
"RI"	2008	"Providence"	2879		144	126	17	143	128	11	139	2	125	15	140
"RI"	2008	"Providence"	2880		932	858	60	930	841	54	897	2	833	57	891
"RI"	2008	"Providence"	2881		818	773	42	818	763	36	801	2	761	34	795
"RI"	2008	"Providence"	2882		851	796	46	848	787	41	830	2	770	53	826
"RI"	2008	"Providence"	2883		586	547	29	582	531	31	566	2	530	34	565
"RI"	2008	"Providence"	2884		450	406	36	449	403	26	430	2	396	32	429
"RI"	2008	"Providence"	2885		213	203	7	211	190	11	202	2	191	11	202
"RI"	2008	"Providence"	2886		1310	1186	113	1307	1185	68	1255	2	1177	71	1248
"RI"	2008	"Providence"	2888		603	580	18	601	565	18	585	2	558	21	579
"RI"	2008	"Providence"	2889		776	736	20	759	735	17	754	2	723	28	752
"RI"	2008	"Providence"	2890		782	744	33	781	732	27	759	2	712	31	743
"RI"	2008	"Providence"	2892		924	658	234	911	738	150	894	2	718	165	884
"RI"	2008	"Providence"	2893		566	478	82	562	479	58	540	2	466	66	532
"RI"	2008	"Providence"	2894		935	675	245	929	783	112	901	2	768	122	892
"RI"	2008	"Providence"	2896		374	290	79	370	309	51	362	2	313	46	361
"RI"	2008	"Providence"	2897		98	95	3	98	96	2	98	2	94	3	97
"RI"	2008	"Providence"	8104		113	127	15	143	118	11	129	1	116	11	129
"RI"	2008	"Providence"	8106		5906	5201	638	5906	0	0	0		0	0	0
"RI"	2008	"Richmond"	2901		608	316	267	603	373	208	584	2	340	236	576
"RI"	2008	"Richmond"	2902		1010	563	414	998	664	312	979	2	649	312	964
"RI"	2008	"Richmond"	2903		1365	784	540	1358	911	406	1322	2	837	473	1310
"RI"	2008	"Richmond"	2904		980	551	395	975	622	313	945	2	588	346	940
"RI"	2008	"Richmond"	2905		4	3	1	4	2	1	3	2	2	0	2
"RI"	2008	"Richmond"	2906		95	56	37	94	0	0	0		0	0	0
"RI"	2008	"Scituate"	3001		1151	509	605	1142	649	454	1107	2	648	458	1106
"RI"	2008	"Scituate"	3002		912	433	429	899	533	349	886	2	544	347	891
"RI"	2008	"Scituate"	3003		1277	530	715	1272	706	531	1245	2	700	534	1237
"RI"	2008	"Scituate"	3004		1381	676	647	1379	838	505	1353	2	828	509	1343
"RI"	2008	"Scituate"	3005		1159	550	580	1156	666	446	1121	2	664	444	1110
"RI"	2008	"Scituate"	3006		4	2	2	4	2	2	4	2	2	2	4
"RI"	2008	"Scituate"	3007		113	63	47	113	0	0	0		0	0	0
"RI"	2008	"Smithfield"	3101		1554	387	372	775	490	270	762	1	423	283	760
"RI"	2008	"Smithfield"	3102		2179	618	435	1080	751	299	1059	1	649	323	1060
"RI"	2008	"Smithfield"	3103		1748	452	396	870	556	294	855	1	476	299	853
"RI"	2008	"Smithfield"	3104		2455	684	504	1222	805	387	1197	1	708	381	1191
"RI"	2008	"Smithfield"	3105		2000	509	458	997	611	356	978	1	550	352	979
"RI"	2008	"Smithfield"	3106		2661	660	621	1320	842	419	1266	1	731	456	1269
"RI"	2008	"Smithfield"	3107		2346	623	494	1154	754	377	1135	1	659	371	1121
"RI"	2008	"Smithfield"	3108		1542	368	379	762	453	297	754	1	388	300	757
"RI"	2008	"Smithfield"	3109		2406	612	551	1189	799	355	1164	1	685	359	1164
"RI"	2008	"Smithfield"	3110		1624	425	361	809	498	290	793	1	426	294	798
"RI"	2008	"Smithfield"	3111		0	0	0	0	0	0	0	1	0	0	0
"RI"	2008	"Smithfield"	3112		219	126	89	216	0	0	0		0	0	0
"RI"	2008	"South Kingstown"	3201		1403	860	503	1398	898	438	1343	2	842	472	1319
"RI"	2008	"South Kingstown"	3202		1566	991	539	1559	1115	391	1508	2	1010	465	1478
"RI"	2008	"South Kingstown"	3203		942	678	244	938	709	201	914	2	690	204	897
"RI"	2008	"South Kingstown"	3204		1426	1008	378	1415	1068	275	1354	2	1019	321	1341
"RI"	2008	"South Kingstown"	3205		260	197	52	257	192	50	242	2	173	60	233
"RI"	2008	"South Kingstown"	3206		1284	876	375	1275	915	311	1229	2	854	360	1215
"RI"	2008	"South Kingstown"	3207		1096	740	329	1090	791	268	1062	2	723	316	1042
"RI"	2008	"South Kingstown"	3208		1156	729	386	1148	797	317	1117	2	750	336	1090
"RI"	2008	"South Kingstown"	3209		1537	995	494	1532	1096	390	1491	2	1022	453	1477
"RI"	2008	"South Kingstown"	3210		1082	594	461	1073	680	366	1046	2	607	427	1036
"RI"	2008	"South Kingstown"	3211		922	548	357	919	603	286	897	2	567	309	882
"RI"	2008	"South Kingstown"	3212		1339	831	475	1334	902	381	1290	2	845	419	1268
"RI"	2008	"South Kingstown"	3213		5	2	2	5	5	0	5	2	5	0	5
"RI"	2008	"South Kingstown"	3214		385	287	94	385	0	0	0		0	0	0
"RI"	2008	"Tiverton"	3301		2455	656	555	1224	748	428	1181	1	644	453	1171
"RI"	2008	"Tiverton"	3302		1257	407	206	624	460	129	592	1	422	120	601
"RI"	2008	"Tiverton"	3303		2379	693	449	1179	837	295	1135	1	760	290	1141
"RI"	2008	"Tiverton"	3304		2662	803	478	1312	875	386	1264	1	787	364	1256
"RI"	2008	"Tiverton"	3305		1905	586	334	947	642	253	901	1	591	233	904
"RI"	2008	"Tiverton"	3306		924	297	158	460	335	106	445	1	320	100	452
"RI"	2008	"Tiverton"	3307		1524	422	305	748	510	231	744	1	459	227	740
"RI"	2008	"Tiverton"	3308		2664	782	514	1326	890	381	1278	1	754	409	1275
"RI"	2008	"Tiverton"	3309		3	3	0	3	3	0	3	1	2	0	2
"RI"	2008	"Tiverton"	3310		159	103	52	159	0	0	0		0	0	0
"RI"	2008	"Warren"	3401		1684	572	232	825	610	180	790	1	562	172	792
"RI"	2008	"Warren"	3402		2012	633	343	994	735	231	967	1	679	220	971
"RI"	2008	"Warren"	3403		1860	584	294	908	696	190	891	1	628	193	890
"RI"	2008	"Warren"	3404		2691	793	524	1339	942	352	1305	1	826	381	1307
"RI"	2008	"Warren"	3405		1842	567	322	911	624	249	878	1	562	232	876
"RI"	2008	"Warren"	3406		3	3	0	3	1	1	2	1	2	0	2
"RI"	2008	"Warren"	3407		151	102	45	151	0	0	0		0	0	0
"RI"	2008	"Warwick"	3501		833	593	217	829	625	174	808	2	610	193	807
"RI"	2008	"Warwick"	3502		767	489	249	755	564	169	736	2	562	175	737
"RI"	2008	"Warwick"	3503		1093	668	383	1086	723	333	1063	2	746	317	1065
"RI"	2008	"Warwick"	3504		702	414	266	697	472	206	681	2	474	210	685
"RI"	2008	"Warwick"	3505		1077	662	388	1074	765	284	1051	2	764	286	1050
"RI"	2008	"Warwick"	3506		784	443	320	779	484	264	755	2	532	228	762
"RI"	2008	"Warwick"	3507		900	552	312	891	637	230	868	2	655	219	874
"RI"	2008	"Warwick"	3508		241	159	72	238	182	55	237	2	174	59	234
"RI"	2008	"Warwick"	3509		335	215	111	333	242	81	325	2	239	86	325
"RI"	2008	"Warwick"	3510		1011	620	355	1000	717	257	978	2	740	242	984
"RI"	2008	"Warwick"	3511		1042	658	346	1036	739	260	1006	2	749	254	1004
"RI"	2008	"Warwick"	3512		787	478	288	784	554	196	756	2	564	189	756
"RI"	2008	"Warwick"	3513		539	316	214	538	349	174	523	2	366	153	522
"RI"	2008	"Warwick"	3514		717	417	278	709	497	189	693	2	499	195	696
"RI"	2008	"Warwick"	3515		1110	644	421	1099	771	301	1078	2	758	325	1083
"RI"	2008	"Warwick"	3516		774	443	296	764	534	207	743	2	525	218	743
"RI"	2008	"Warwick"	3517		607	386	206	603	425	148	575	2	420	148	569
"RI"	2008	"Warwick"	3518		811	524	264	805	593	192	789	2	606	186	793
"RI"	2008	"Warwick"	3519		492	297	179	488	359	114	474	2	349	126	475
"RI"	2008	"Warwick"	3520		1182	650	496	1175	820	315	1144	2	841	303	1145
"RI"	2008	"Warwick"	3521		1015	603	382	1010	739	244	987	2	729	254	984
"RI"	2008	"Warwick"	3522		1072	633	414	1065	752	286	1040	2	750	289	1041
"RI"	2008	"Warwick"	3523		1112	669	399	1093	825	237	1073	2	823	249	1072
"RI"	2008	"Warwick"	3524		855	541	298	849	619	201	826	2	602	218	820
"RI"	2008	"Warwick"	3525		269	160	101	267	181	76	257	2	177	86	263
"RI"	2008	"Warwick"	3526		303	173	117	302	205	87	292	2	202	87	290
"RI"	2008	"Warwick"	3527		875	513	326	863	634	207	846	2	624	216	843
"RI"	2008	"Warwick"	3528		1027	569	417	1007	712	275	988	2	707	277	984
"RI"	2008	"Warwick"	3529		1143	690	426	1138	778	331	1113	2	765	334	1101
"RI"	2008	"Warwick"	3530		856	546	289	851	607	218	829	2	615	210	828
"RI"	2008	"Warwick"	3531		763	344	404	761	400	333	736	2	404	338	742
"RI"	2008	"Warwick"	3532		1047	648	364	1040	785	222	1009	2	776	225	1003
"RI"	2008	"Warwick"	3533		442	253	174	440	319	110	429	2	309	121	431
"RI"	2008	"Warwick"	3534		797	446	320	785	568	193	768	2	572	196	770
"RI"	2008	"Warwick"	3535		683	405	254	679	492	159	657	2	491	160	652
"RI"	2008	"Warwick"	3536		786	492	263	784	590	168	762	2	600	170	770
"RI"	2008	"Warwick"	3537		1154	653	473	1150	769	333	1113	2	770	338	1109
"RI"	2008	"Warwick"	3538		798	465	307	790	576	187	765	2	569	199	770
"RI"	2008	"Warwick"	3539		940	531	372	927	672	243	918	2	654	258	912
"RI"	2008	"Warwick"	3540		1135	640	475	1135	729	368	1105	2	738	370	1108
"RI"	2008	"Warwick"	3541		241	142	88	238	162	71	234	2	160	72	233
"RI"	2008	"Warwick"	3542		864	500	345	860	553	281	836	2	537	300	837
"RI"	2008	"Warwick"	3543		649	383	240	643	431	196	629	2	419	209	628
"RI"	2008	"Warwick"	3544		388	247	130	386	263	98	364	2	259	106	367
"RI"	2008	"Warwick"	3545		705	395	295	702	456	226	685	2	456	222	679
"RI"	2008	"Warwick"	3546		756	437	299	751	508	226	734	2	504	231	735
"RI"	2008	"Warwick"	3547		1115	632	451	1107	763	316	1085	2	750	330	1083
"RI"	2008	"Warwick"	3548		1271	652	603	1268	765	467	1237	2	782	456	1243
"RI"	2008	"Warwick"	3549		952	528	402	942	621	286	914	2	602	312	915
"RI"	2008	"Warwick"	3550		509	243	260	509	303	192	495	2	308	186	494
"RI"	2008	"Warwick"	3551		703	399	279	700	461	214	681	2	447	232	681
"RI"	2008	"Warwick"	3552		795	481	294	787	542	224	767	2	539	232	771
"RI"	2008	"Warwick"	3553		819	483	309	813	525	251	783	2	516	267	784
"RI"	2008	"Warwick"	3554		7	5	2	7	6	1	7	2	5	2	7
"RI"	2008	"Warwick"	3555		995	673	308	995	0	0	0		0	0	0
"RI"	2008	"West Greenwich"	3701		1221	572	609	1217	703	466	1173	2	642	523	1166
"RI"	2008	"West Greenwich"	3702		1472	741	685	1465	893	510	1409	2	859	544	1404
"RI"	2008	"West Greenwich"	3703		488	239	240	488	275	192	469	2	259	206	465
"RI"	2008	"West Greenwich"	3704		0	0	0	0	0	0	0	2	0	0	0
"RI"	2008	"West Greenwich"	3705		73	39	33	73	0	0	0		0	0	0
"RI"	2008	"West Warwick"	3801		1183	682	451	1156	819	308	1134	2	798	330	1130
"RI"	2008	"West Warwick"	3803		807	521	263	800	575	207	784	2	569	214	783
"RI"	2008	"West Warwick"	3804		1018	654	332	1011	737	233	976	2	739	236	979
"RI"	2008	"West Warwick"	3805		673	412	231	667	492	153	654	2	483	162	647
"RI"	2008	"West Warwick"	3806		1316	766	514	1308	918	345	1269	2	878	386	1265
"RI"	2008	"West Warwick"	3807		772	474	269	766	559	183	748	2	544	196	741
"RI"	2008	"West Warwick"	3808		836	452	356	830	576	231	808	2	574	233	809
"RI"	2008	"West Warwick"	3809		808	475	304	801	568	208	781	2	551	218	770
"RI"	2008	"West Warwick"	3811		284	178	101	283	207	68	275	2	203	68	271
"RI"	2008	"West Warwick"	3812		1363	810	520	1348	1001	311	1318	2	953	347	1303
"RI"	2008	"West Warwick"	3813		1199	693	475	1188	804	343	1156	2	814	339	1156
"RI"	2008	"West Warwick"	3814		1075	612	430	1068	729	293	1034	2	736	298	1034
"RI"	2008	"West Warwick"	3815		818	430	359	809	566	234	802	2	565	237	802
"RI"	2008	"West Warwick"	3816		17	14	3	17	13	2	15	2	15	1	16
"RI"	2008	"West Warwick"	3817		434	302	127	433	0	0	0		0	0	0
"RI"	2008	"Westerly"	3601		1712	458	379	856	568	255	826	2	532	286	818
"RI"	2008	"Westerly"	3602		2205	600	471	1090	714	337	1056	2	689	339	1032
"RI"	2008	"Westerly"	3603		1969	533	418	973	615	328	944	2	549	376	926
"RI"	2008	"Westerly"	3604		2016	472	517	1004	574	391	965	2	517	432	949
"RI"	2008	"Westerly"	3606		2826	800	581	1406	965	368	1337	2	927	390	1318
"RI"	2008	"Westerly"	3607		2325	690	437	1150	808	293	1103	2	772	298	1073
"RI"	2008	"Westerly"	3608		1730	536	294	858	610	211	821	2	592	214	806
"RI"	2008	"Westerly"	3610		1936	555	378	955	675	235	912	2	631	261	892
"RI"	2008	"Westerly"	3612		2280	683	431	1136	804	278	1084	2	774	284	1060
"RI"	2008	"Westerly"	3613		2422	661	510	1198	810	331	1143	2	786	340	1128
"RI"	2008	"Westerly"	3614		952	278	182	474	330	125	455	2	315	134	449
"RI"	2008	"Westerly"	3615		16	12	4	16	12	2	14	2	12	2	14
"RI"	2008	"Westerly"	3616		325	212	108	324	0	0	0		0	0	0
"RI"	2008	"Woonsocket"	3901		702	454	219	696	512	150	664	1	504	128	673
"RI"	2008	"Woonsocket"	3902		581	422	145	576	472	77	550	1	464	61	553
"RI"	2008	"Woonsocket"	3903		840	573	238	835	636	154	793	1	630	131	803
"RI"	2008	"Woonsocket"	3904		931	532	374	927	632	257	891	1	582	234	892
"RI"	2008	"Woonsocket"	3905		598	410	173	592	471	88	559	1	470	71	569
"RI"	2008	"Woonsocket"	3906		380	236	134	376	288	69	360	1	290	62	367
"RI"	2008	"Woonsocket"	3907		449	312	125	445	343	79	422	1	342	60	430
"RI"	2008	"Woonsocket"	3908		852	582	255	849	645	174	823	1	637	138	826
"RI"	2008	"Woonsocket"	3909		956	582	351	955	676	233	912	1	650	201	921
"RI"	2008	"Woonsocket"	3910		939	607	307	927	700	191	892	1	663	175	896
"RI"	2008	"Woonsocket"	3911		854	476	349	851	600	213	818	1	564	204	827
"RI"	2008	"Woonsocket"	3912		1028	621	380	1019	761	230	993	1	747	182	1004
"RI"	2008	"Woonsocket"	3913		991	654	313	981	732	216	951	1	717	190	959
"RI"	2008	"Woonsocket"	3914		944	552	362	943	656	226	887	1	625	219	912
"RI"	2008	"Woonsocket"	3915		719	471	227	716	525	154	680	1	523	120	688
"RI"	2008	"Woonsocket"	3916		1046	706	312	1038	780	213	997	1	762	163	1011
"RI"	2008	"Woonsocket"	3918		9	8	1	9	9	0	9	1	9	0	9
"RI"	2008	"Woonsocket"	3919		619	480	133	619	0	0	0		0	0	0
