state	year	town	precinct	g2004_REG_tv	g2004_BALL_tv	g2004_USP_dv	g2004_USP_rv	g2004_USP_tv	cd	g2004_USH_dv	g2004_USH_rv	g2004_USH_tv
"RI"	2004	"BARRINGTON"	101	1647	1171	651	503	1165	1	595	531	1126
"RI"	2004	"BARRINGTON"	102	1725	923	464	433	917	1	431	443	874
"RI"	2004	"BARRINGTON"	103	1590	1128	610	493	1120	1	583	505	1088
"RI"	2004	"BARRINGTON"	104	1755	1245	748	466	1235	1	690	508	1198
"RI"	2004	"BARRINGTON"	105	1821	1326	773	524	1318	1	665	612	1277
"RI"	2004	"BARRINGTON"	106	1753	1280	593	661	1264	1	504	724	1228
"RI"	2004	"BARRINGTON"	107	1414	976	633	317	968	1	590	353	943
"RI"	2004	"BARRINGTON"	108	1535	1129	617	486	1121	1	592	504	1096
"RI"	2004	"BARRINGTON"	109	0	342	202	137	342	1	1	0	1
"RI"	2004	"BRISTOL"	201	1512	1054	573	463	1048	1	552	440	992
"RI"	2004	"BRISTOL"	202	1472	1072	561	493	1065	1	516	493	1009
"RI"	2004	"BRISTOL"	203	1852	1187	763	398	1179	1	705	379	1084
"RI"	2004	"BRISTOL"	204	884	553	327	215	547	1	326	202	528
"RI"	2004	"BRISTOL"	205	904	663	333	316	657	1	342	284	626
"RI"	2004	"BRISTOL"	206	1836	1014	631	349	1001	1	593	328	921
"RI"	2004	"BRISTOL"	207	416	288	151	130	284	1	153	117	270
"RI"	2004	"BRISTOL"	208	1001	576	374	190	572	1	380	158	538
"RI"	2004	"BRISTOL"	209	1979	1270	777	458	1253	1	760	414	1174
"RI"	2004	"BRISTOL"	210	1891	1131	718	379	1111	1	726	321	1047
"RI"	2004	"BRISTOL"	211	1889	950	594	330	940	1	562	307	869
"RI"	2004	"BRISTOL"	212	0	770	474	279	770	1	8	4	12
"RI"	2004	"BURRILLVILLE"	301	1867	998	528	443	991	1	634	329	963
"RI"	2004	"BURRILLVILLE"	302	1815	1044	521	499	1040	1	576	438	1014
"RI"	2004	"BURRILLVILLE"	303	1757	1117	546	548	1103	1	615	463	1078
"RI"	2004	"BURRILLVILLE"	304	1359	805	447	341	799	1	479	289	768
"RI"	2004	"BURRILLVILLE"	305	1693	975	500	454	967	1	542	393	935
"RI"	2004	"BURRILLVILLE"	306	1981	1206	547	619	1200	1	644	518	1162
"RI"	2004	"BURRILLVILLE"	307	0	239	115	120	239	1	0	0	0
"RI"	2004	"CENTRAL FALLS"	401	1108	549	392	144	547	1	428	101	529
"RI"	2004	"CENTRAL FALLS"	402	480	258	202	53	255	1	205	36	241
"RI"	2004	"CENTRAL FALLS"	403	1189	655	513	126	645	1	525	95	620
"RI"	2004	"CENTRAL FALLS"	404	978	547	408	127	542	1	427	96	523
"RI"	2004	"CENTRAL FALLS"	405	540	264	200	56	261	1	201	48	249
"RI"	2004	"CENTRAL FALLS"	406	650	400	294	100	399	1	304	84	388
"RI"	2004	"CENTRAL FALLS"	407	258	151	106	39	149	1	115	32	147
"RI"	2004	"CENTRAL FALLS"	408	643	373	264	104	371	1	276	83	359
"RI"	2004	"CENTRAL FALLS"	409	0	329	268	58	329	1	6	0	6
"RI"	2004	"CHARLESTOWN"	501	1007	624	349	255	622	2	408	145	586
"RI"	2004	"CHARLESTOWN"	502	826	574	311	245	570	2	383	134	552
"RI"	2004	"CHARLESTOWN"	503	1089	692	361	311	684	2	437	167	630
"RI"	2004	"CHARLESTOWN"	504	1279	902	447	438	899	2	535	277	857
"RI"	2004	"CHARLESTOWN"	505	315	197	122	70	196	2	137	40	186
"RI"	2004	"CHARLESTOWN"	506	794	542	304	236	545	2	367	127	514
"RI"	2004	"CHARLESTOWN"	507	789	531	285	227	525	2	358	119	503
"RI"	2004	"CHARLESTOWN"	508	0	161	100	56	161	2	1	0	1
"RI"	2004	"COVENTRY"	601	1403	880	486	367	876	2	662	153	852
"RI"	2004	"COVENTRY"	602	1920	1318	724	570	1310	2	969	264	1280
"RI"	2004	"COVENTRY"	603	1436	946	520	406	944	2	662	190	897
"RI"	2004	"COVENTRY"	604	1290	925	466	435	921	2	683	184	900
"RI"	2004	"COVENTRY"	605	1301	871	475	379	866	2	636	183	846
"RI"	2004	"COVENTRY"	606	1248	878	486	381	877	2	659	175	858
"RI"	2004	"COVENTRY"	607	445	293	154	129	291	2	206	62	282
"RI"	2004	"COVENTRY"	608	654	496	220	270	491	2	360	118	486
"RI"	2004	"COVENTRY"	609	1455	1056	493	533	1050	2	700	257	1009
"RI"	2004	"COVENTRY"	610	671	471	274	184	469	2	340	95	455
"RI"	2004	"COVENTRY"	611	1456	990	495	468	981	2	680	212	941
"RI"	2004	"COVENTRY"	612	1342	964	499	450	962	2	634	254	927
"RI"	2004	"COVENTRY"	613	1084	671	415	232	654	2	495	125	641
"RI"	2004	"COVENTRY"	614	1380	937	517	389	926	2	699	160	896
"RI"	2004	"COVENTRY"	615	1431	1016	547	452	1009	2	727	230	981
"RI"	2004	"COVENTRY"	616	1114	814	362	433	806	2	502	250	773
"RI"	2004	"COVENTRY"	617	1061	690	383	291	688	2	499	146	668
"RI"	2004	"COVENTRY"	618	1238	873	395	452	869	2	543	255	829
"RI"	2004	"COVENTRY"	619	483	330	148	175	328	2	216	95	317
"RI"	2004	"COVENTRY"	620	0	621	358	253	621	2	2	0	4
"RI"	2004	"CRANSTON"	701	714	546	328	203	539	2	399	78	500
"RI"	2004	"CRANSTON"	702	1077	631	395	212	617	2	476	82	585
"RI"	2004	"CRANSTON"	703	826	392	266	108	379	2	301	41	359
"RI"	2004	"CRANSTON"	704	1107	372	239	129	371	2	270	64	346
"RI"	2004	"CRANSTON"	705	806	443	258	176	439	2	316	68	406
"RI"	2004	"CRANSTON"	706	1002	485	310	165	479	2	362	67	454
"RI"	2004	"CRANSTON"	707	1052	605	356	234	595	2	457	79	555
"RI"	2004	"CRANSTON"	708	565	335	201	132	334	2	259	43	310
"RI"	2004	"CRANSTON"	709	1053	632	354	255	617	2	456	104	583
"RI"	2004	"CRANSTON"	710	1552	1142	529	590	1134	2	799	245	1080
"RI"	2004	"CRANSTON"	711	1542	1096	506	562	1083	2	767	231	1034
"RI"	2004	"CRANSTON"	712	295	241	121	109	234	2	161	49	222
"RI"	2004	"CRANSTON"	713	1718	1268	604	634	1248	2	852	314	1204
"RI"	2004	"CRANSTON"	714	1425	999	524	444	984	2	713	187	939
"RI"	2004	"CRANSTON"	715	1054	729	398	316	722	2	530	144	697
"RI"	2004	"CRANSTON"	716	1393	1003	535	443	992	2	714	183	937
"RI"	2004	"CRANSTON"	717	604	451	270	173	446	2	339	77	427
"RI"	2004	"CRANSTON"	718	114	78	51	27	79	2	60	4	68
"RI"	2004	"CRANSTON"	719	696	465	243	216	463	2	312	111	440
"RI"	2004	"CRANSTON"	720	822	572	340	213	566	2	407	123	547
"RI"	2004	"CRANSTON"	721	1380	979	535	419	965	2	647	225	905
"RI"	2004	"CRANSTON"	722	823	577	331	233	571	2	439	91	545
"RI"	2004	"CRANSTON"	723	1675	1211	606	575	1194	2	784	290	1131
"RI"	2004	"CRANSTON"	724	1297	917	499	388	902	2	645	163	842
"RI"	2004	"CRANSTON"	725	619	255	142	106	253	2	179	47	239
"RI"	2004	"CRANSTON"	726	446	268	181	75	261	2	205	35	252
"RI"	2004	"CRANSTON"	727	1433	979	581	377	972	2	709	177	919
"RI"	2004	"CRANSTON"	728	1328	710	419	268	693	2	530	89	634
"RI"	2004	"CRANSTON"	729	1009	696	380	299	688	2	495	137	653
"RI"	2004	"CRANSTON"	730	1492	995	517	452	976	2	674	202	913
"RI"	2004	"CRANSTON"	731	1211	831	463	354	825	2	601	138	768
"RI"	2004	"CRANSTON"	732	966	561	335	217	559	2	403	109	537
"RI"	2004	"CRANSTON"	733	1184	718	404	298	711	2	512	143	680
"RI"	2004	"CRANSTON"	734	626	411	247	158	409	2	298	65	379
"RI"	2004	"CRANSTON"	735	696	402	244	146	396	2	289	60	363
"RI"	2004	"CRANSTON"	736	1426	893	566	299	882	2	661	145	840
"RI"	2004	"CRANSTON"	737	1143	610	388	209	605	2	438	102	560
"RI"	2004	"CRANSTON"	738	786	478	310	156	477	2	361	71	456
"RI"	2004	"CRANSTON"	739	1467	906	568	318	901	2	681	131	854
"RI"	2004	"CRANSTON"	740	1422	865	520	329	860	2	634	150	807
"RI"	2004	"CRANSTON"	741	1404	726	503	192	720	2	548	99	692
"RI"	2004	"CRANSTON"	742	1108	630	429	179	625	2	462	93	592
"RI"	2004	"CRANSTON"	743	1462	963	627	303	947	2	664	172	891
"RI"	2004	"CRANSTON"	744	1463	901	598	278	887	2	679	137	849
"RI"	2004	"CRANSTON"	745	1178	749	462	266	743	2	543	130	707
"RI"	2004	"CRANSTON"	746	854	671	249	412	666	2	440	173	634
"RI"	2004	"CRANSTON"	747	1095	823	376	435	820	2	593	163	788
"RI"	2004	"CRANSTON"	748	830	596	293	292	594	2	397	153	568
"RI"	2004	"CRANSTON"	749	1219	824	479	322	814	2	616	113	750
"RI"	2004	"CRANSTON"	750	1336	961	526	417	954	2	732	139	892
"RI"	2004	"CRANSTON"	751	0	1090	725	358	1090	2	1	0	1
"RI"	2004	"CUMBERLAND"	801	1536	1042	520	493	1032	1	551	454	1005
"RI"	2004	"CUMBERLAND"	802	1506	889	507	361	876	1	542	319	861
"RI"	2004	"CUMBERLAND"	803	1301	842	469	357	837	1	509	301	810
"RI"	2004	"CUMBERLAND"	804	865	530	279	243	525	1	322	188	510
"RI"	2004	"CUMBERLAND"	805	1417	957	579	354	945	1	622	301	923
"RI"	2004	"CUMBERLAND"	806	1645	1084	595	442	1061	1	626	412	1038
"RI"	2004	"CUMBERLAND"	807	1855	1240	637	559	1221	1	682	516	1198
"RI"	2004	"CUMBERLAND"	808	1471	1018	529	462	1004	1	532	450	982
"RI"	2004	"CUMBERLAND"	809	1578	1094	512	559	1084	1	524	534	1058
"RI"	2004	"CUMBERLAND"	810	1502	1032	471	528	1017	1	481	508	989
"RI"	2004	"CUMBERLAND"	811	1494	998	462	514	992	1	508	454	962
"RI"	2004	"CUMBERLAND"	812	1216	824	384	417	814	1	427	383	810
"RI"	2004	"CUMBERLAND"	813	888	502	358	137	498	1	358	109	467
"RI"	2004	"CUMBERLAND"	814	908	530	357	159	527	1	357	155	512
"RI"	2004	"CUMBERLAND"	815	1073	655	398	230	644	1	410	214	624
"RI"	2004	"CUMBERLAND"	816	1052	539	355	167	528	1	382	137	519
"RI"	2004	"CUMBERLAND"	817	1545	994	591	366	972	1	612	323	935
"RI"	2004	"CUMBERLAND"	818	1300	812	465	320	800	1	489	287	776
"RI"	2004	"CUMBERLAND"	819	0	497	285	206	494	1	4	0	4
"RI"	2004	"EAST GREENWICH"	901	749	524	206	308	520	2	258	236	514
"RI"	2004	"EAST GREENWICH"	902	1436	1008	397	591	1003	2	545	391	978
"RI"	2004	"EAST GREENWICH"	903	1764	1005	559	424	1001	2	617	314	984
"RI"	2004	"EAST GREENWICH"	904	1772	1279	563	670	1262	2	682	494	1224
"RI"	2004	"EAST GREENWICH"	905	1225	775	382	374	768	2	477	234	739
"RI"	2004	"EAST GREENWICH"	906	733	522	244	268	520	2	258	226	505
"RI"	2004	"EAST GREENWICH"	907	1517	1041	497	513	1032	2	589	384	1011
"RI"	2004	"EAST GREENWICH"	908	1141	811	334	455	805	2	444	307	781
"RI"	2004	"EAST GREENWICH"	909	0	197	107	87	197	2	0	0	0
"RI"	2004	"EAST PROVIDENCE"	1001	696	430	340	87	429	1	344	61	405
"RI"	2004	"EAST PROVIDENCE"	1002	1107	679	503	159	679	1	491	153	644
"RI"	2004	"EAST PROVIDENCE"	1003	450	310	193	103	304	1	192	106	298
"RI"	2004	"EAST PROVIDENCE"	1004	1275	892	593	269	887	1	571	291	862
"RI"	2004	"EAST PROVIDENCE"	1005	1007	746	489	243	740	1	476	248	724
"RI"	2004	"EAST PROVIDENCE"	1006	1404	1119	655	444	1110	1	613	477	1090
"RI"	2004	"EAST PROVIDENCE"	1007	849	658	348	290	651	1	327	304	631
"RI"	2004	"EAST PROVIDENCE"	1008	283	182	117	58	178	1	134	37	171
"RI"	2004	"EAST PROVIDENCE"	1009	1719	1262	788	434	1247	1	803	408	1211
"RI"	2004	"EAST PROVIDENCE"	1010	1178	857	613	225	851	1	591	223	814
"RI"	2004	"EAST PROVIDENCE"	1011	1402	935	624	284	923	1	604	305	909
"RI"	2004	"EAST PROVIDENCE"	1012	674	513	359	142	508	1	362	129	491
"RI"	2004	"EAST PROVIDENCE"	1013	1215	847	599	215	835	1	603	204	807
"RI"	2004	"EAST PROVIDENCE"	1014	1596	1059	777	254	1054	1	799	213	1012
"RI"	2004	"EAST PROVIDENCE"	1015	1159	756	549	183	744	1	564	154	718
"RI"	2004	"EAST PROVIDENCE"	1016	1327	926	665	236	913	1	674	210	884
"RI"	2004	"EAST PROVIDENCE"	1017	329	233	171	56	231	1	175	50	225
"RI"	2004	"EAST PROVIDENCE"	1018	867	572	426	131	564	1	433	104	537
"RI"	2004	"EAST PROVIDENCE"	1019	374	287	182	96	285	1	166	109	275
"RI"	2004	"EAST PROVIDENCE"	1020	1124	727	489	219	719	1	512	195	707
"RI"	2004	"EAST PROVIDENCE"	1021	1295	964	620	323	955	1	617	315	932
"RI"	2004	"EAST PROVIDENCE"	1022	1370	1019	602	394	1004	1	634	348	982
"RI"	2004	"EAST PROVIDENCE"	1023	1555	1217	731	469	1209	1	703	450	1153
"RI"	2004	"EAST PROVIDENCE"	1024	1330	918	596	311	915	1	574	309	883
"RI"	2004	"EAST PROVIDENCE"	1025	1611	1119	715	376	1108	1	724	363	1087
"RI"	2004	"EAST PROVIDENCE"	1026	668	473	299	155	464	1	296	157	453
"RI"	2004	"EAST PROVIDENCE"	1027	0	826	612	203	825	1	0	0	0
"RI"	2004	"EXETER"	1101	1262	1032	531	472	1021	2	665	259	974
"RI"	2004	"EXETER"	1102	1261	905	436	439	896	2	554	242	841
"RI"	2004	"EXETER"	1103	1306	1016	480	496	1002	2	612	285	948
"RI"	2004	"EXETER"	1104	17	93	59	32	92	2	0	0	0
"RI"	2004	"FOSTER"	1201	1792	1249	668	541	1235	2	836	309	1205
"RI"	2004	"FOSTER"	1202	1525	1119	522	554	1107	2	719	302	1064
"RI"	2004	"FOSTER"	1203	0	62	34	26	62	2	0	0	0
"RI"	2004	"GLOCESTER"	1301	1687	1108	535	551	1103	2	732	286	1054
"RI"	2004	"GLOCESTER"	1302	1829	1200	601	555	1186	2	807	276	1144
"RI"	2004	"GLOCESTER"	1303	1693	1117	516	573	1107	2	735	274	1065
"RI"	2004	"GLOCESTER"	1304	389	289	127	151	285	2	186	78	274
"RI"	2004	"GLOCESTER"	1305	1532	1070	572	467	1058	2	740	230	1015
"RI"	2004	"GLOCESTER"	1306	14	136	74	60	136	2	4	0	4
"RI"	2004	"HOPKINTON"	1401	1761	1088	582	457	1072	2	709	234	1008
"RI"	2004	"HOPKINTON"	1402	1657	1039	531	469	1030	2	649	270	973
"RI"	2004	"HOPKINTON"	1403	2099	1290	632	612	1280	2	782	356	1199
"RI"	2004	"HOPKINTON"	1404	0	150	93	51	150	2	1	0	1
"RI"	2004	"JAMESTOWN"	1501	1545	1176	738	397	1165	1	672	452	1124
"RI"	2004	"JAMESTOWN"	1502	1445	1104	656	417	1098	1	603	462	1065
"RI"	2004	"JAMESTOWN"	1503	1584	1208	649	519	1194	1	596	558	1154
"RI"	2004	"JAMESTOWN"	1504	20	135	90	39	134	1	1	1	2
"RI"	2004	"JOHNSTON"	1601	855	501	288	197	492	2	371	77	471
"RI"	2004	"JOHNSTON"	1602	1192	723	371	328	717	2	548	109	692
"RI"	2004	"JOHNSTON"	1603	1035	619	371	235	614	2	481	68	580
"RI"	2004	"JOHNSTON"	1604	209	164	106	53	160	2	140	20	161
"RI"	2004	"JOHNSTON"	1605	1603	902	482	392	877	2	675	127	853
"RI"	2004	"JOHNSTON"	1606	1822	1136	569	533	1121	2	827	181	1062
"RI"	2004	"JOHNSTON"	1607	1347	754	438	293	739	2	593	78	700
"RI"	2004	"JOHNSTON"	1608	1773	1086	666	392	1077	2	835	117	1017
"RI"	2004	"JOHNSTON"	1609	586	367	202	153	360	2	284	45	344
"RI"	2004	"JOHNSTON"	1610	1456	904	509	370	894	2	670	125	851
"RI"	2004	"JOHNSTON"	1611	1244	855	446	400	853	2	634	126	802
"RI"	2004	"JOHNSTON"	1612	1114	713	411	286	705	2	535	74	649
"RI"	2004	"JOHNSTON"	1613	1638	1033	592	411	1012	2	825	108	971
"RI"	2004	"JOHNSTON"	1614	1580	1102	634	432	1085	2	869	118	1032
"RI"	2004	"JOHNSTON"	1615	1435	782	452	313	772	2	591	87	717
"RI"	2004	"JOHNSTON"	1616	159	101	56	39	98	2	80	13	95
"RI"	2004	"JOHNSTON"	1617	1231	743	458	270	735	2	577	85	704
"RI"	2004	"JOHNSTON"	1618	1863	1232	596	614	1227	2	863	253	1173
"RI"	2004	"JOHNSTON"	1619	0	366	223	137	366	2	12	5	17
"RI"	2004	"LINCOLN"	1701	1142	834	373	450	831	1	412	392	804
"RI"	2004	"LINCOLN"	1702	1417	1017	457	538	1007	1	474	511	985
"RI"	2004	"LINCOLN"	1703	781	524	258	252	519	1	294	214	508
"RI"	2004	"LINCOLN"	1704	462	251	149	95	248	1	149	93	242
"RI"	2004	"LINCOLN"	1705	2249	1278	733	518	1267	1	827	402	1229
"RI"	2004	"LINCOLN"	1706	1608	1028	525	481	1015	1	517	465	982
"RI"	2004	"LINCOLN"	1707	190	136	76	55	136	1	73	59	132
"RI"	2004	"LINCOLN"	1708	1064	801	391	387	791	1	420	349	769
"RI"	2004	"LINCOLN"	1709	1046	642	349	284	639	1	351	263	614
"RI"	2004	"LINCOLN"	1710	1241	843	427	399	837	1	440	381	821
"RI"	2004	"LINCOLN"	1711	877	550	293	243	546	1	272	249	521
"RI"	2004	"LINCOLN"	1712	792	488	284	188	478	1	290	170	460
"RI"	2004	"LINCOLN"	1713	733	472	251	207	466	1	268	193	461
"RI"	2004	"LINCOLN"	1714	415	281	167	106	279	1	177	96	273
"RI"	2004	"LINCOLN"	1715	1613	1166	647	475	1151	1	649	470	1119
"RI"	2004	"LINCOLN"	1716	732	408	232	169	406	1	235	145	380
"RI"	2004	"LINCOLN"	1717	0	297	171	119	294	1	2	0	2
"RI"	2004	"LITTLE COMPTON"	1801	1596	1154	591	528	1147	1	550	542	1092
"RI"	2004	"LITTLE COMPTON"	1802	1521	1104	571	503	1101	1	531	514	1045
"RI"	2004	"LITTLE COMPTON"	1803	0	60	33	25	59	1	1	0	1
"RI"	2004	"MIDDLETOWN"	1901	1160	913	493	397	907	1	458	397	855
"RI"	2004	"MIDDLETOWN"	1902	1358	1054	548	484	1048	1	549	440	989
"RI"	2004	"MIDDLETOWN"	1903	956	712	363	324	700	1	341	320	661
"RI"	2004	"MIDDLETOWN"	1904	1284	940	553	366	932	1	523	355	878
"RI"	2004	"MIDDLETOWN"	1905	490	265	147	113	262	1	150	98	248
"RI"	2004	"MIDDLETOWN"	1906	1450	1015	550	435	1000	1	550	404	954
"RI"	2004	"MIDDLETOWN"	1907	1246	774	459	293	768	1	437	282	719
"RI"	2004	"MIDDLETOWN"	1908	1861	1275	667	566	1260	1	694	511	1205
"RI"	2004	"MIDDLETOWN"	1909	58	424	244	168	422	1	0	2	2
"RI"	2004	"NARRAGANSETT"	2001	1135	751	376	352	742	2	503	167	706
"RI"	2004	"NARRAGANSETT"	2002	1406	794	491	281	788	2	574	136	741
"RI"	2004	"NARRAGANSETT"	2003	1302	707	440	252	701	2	526	109	668
"RI"	2004	"NARRAGANSETT"	2004	1545	715	403	293	709	2	498	148	668
"RI"	2004	"NARRAGANSETT"	2005	1370	814	483	311	813	2	579	173	783
"RI"	2004	"NARRAGANSETT"	2006	1529	775	395	360	766	2	474	191	711
"RI"	2004	"NARRAGANSETT"	2007	1744	710	404	291	703	2	481	143	658
"RI"	2004	"NARRAGANSETT"	2008	1270	735	397	315	729	2	464	187	696
"RI"	2004	"NARRAGANSETT"	2009	1794	899	483	400	894	2	577	220	838
"RI"	2004	"NARRAGANSETT"	2010	1365	610	380	209	605	2	419	123	572
"RI"	2004	"NARRAGANSETT"	2011	1419	725	427	280	722	2	493	155	684
"RI"	2004	"NARRAGANSETT"	2012	50	346	242	100	346	2	9	4	13
"RI"	2004	"NEWPORT"	2101	519	416	242	169	414	1	222	173	395
"RI"	2004	"NEWPORT"	2102	1618	1145	723	387	1134	1	683	398	1081
"RI"	2004	"NEWPORT"	2103	670	342	225	101	335	1	254	77	331
"RI"	2004	"NEWPORT"	2104	562	278	193	77	274	1	205	65	270
"RI"	2004	"NEWPORT"	2105	890	672	402	257	670	1	408	233	641
"RI"	2004	"NEWPORT"	2106	937	664	455	190	656	1	432	201	633
"RI"	2004	"NEWPORT"	2107	883	584	430	143	583	1	401	144	545
"RI"	2004	"NEWPORT"	2108	810	598	385	197	593	1	359	206	565
"RI"	2004	"NEWPORT"	2109	1237	858	522	312	850	1	467	348	815
"RI"	2004	"NEWPORT"	2110	1161	814	482	311	810	1	472	285	757
"RI"	2004	"NEWPORT"	2111	1059	689	431	240	688	1	396	251	647
"RI"	2004	"NEWPORT"	2112	1117	773	494	260	767	1	474	261	735
"RI"	2004	"NEWPORT"	2113	1137	851	436	395	844	1	420	393	813
"RI"	2004	"NEWPORT"	2114	1324	977	524	436	972	1	512	425	937
"RI"	2004	"NEWPORT"	2115	0	771	531	224	770	1	7	0	7
"RI"	2004	"NEW SHOREHAM"	2201	1562	1055	676	333	1043	2	718	207	984
"RI"	2004	"NEW SHOREHAM"	2202	0	26	20	5	26	2	0	0	0
"RI"	2004	"NORTH KINGSTOWN"	2301	1219	810	409	378	802	2	555	188	778
"RI"	2004	"NORTH KINGSTOWN"	2302	1498	1084	526	531	1073	2	716	284	1039
"RI"	2004	"NORTH KINGSTOWN"	2303	1866	1312	642	641	1301	2	843	372	1261
"RI"	2004	"NORTH KINGSTOWN"	2304	1869	1014	589	399	1006	2	705	208	972
"RI"	2004	"NORTH KINGSTOWN"	2305	1703	1102	575	496	1095	2	760	256	1066
"RI"	2004	"NORTH KINGSTOWN"	2306	693	508	209	283	503	2	292	172	480
"RI"	2004	"NORTH KINGSTOWN"	2307	1391	930	446	460	925	2	596	234	870
"RI"	2004	"NORTH KINGSTOWN"	2308	1514	1024	572	430	1016	2	685	252	979
"RI"	2004	"NORTH KINGSTOWN"	2309	1403	987	440	517	982	2	635	276	958
"RI"	2004	"NORTH KINGSTOWN"	2310	2259	1476	834	582	1458	2	991	363	1419
"RI"	2004	"NORTH KINGSTOWN"	2311	1878	1273	678	558	1260	2	830	329	1220
"RI"	2004	"NORTH KINGSTOWN"	2312	1962	1221	681	515	1209	2	800	308	1174
"RI"	2004	"NORTH KINGSTOWN"	2313	1241	946	430	500	940	2	575	304	911
"RI"	2004	"NORTH KINGSTOWN"	2314	290	207	112	85	204	2	143	41	199
"RI"	2004	"NORTH KINGSTOWN"	2315	0	457	287	161	456	2	3	0	3
"RI"	2004	"NORTH PROVIDENCE"	2401	2001	1354	838	475	1337	1	860	428	1288
"RI"	2004	"NORTH PROVIDENCE"	2402	1737	714	420	274	705	1	419	261	680
"RI"	2004	"NORTH PROVIDENCE"	2403	1649	1148	737	373	1126	1	761	322	1083
"RI"	2004	"NORTH PROVIDENCE"	2404	1738	645	391	231	632	1	381	226	607
"RI"	2004	"NORTH PROVIDENCE"	2405	829	378	166	203	373	1	183	166	349
"RI"	2004	"NORTH PROVIDENCE"	2406	1855	1230	768	433	1217	1	766	384	1150
"RI"	2004	"NORTH PROVIDENCE"	2407	1739	1286	792	443	1256	1	786	438	1224
"RI"	2004	"NORTH PROVIDENCE"	2408	1406	570	360	200	566	1	360	182	542
"RI"	2004	"NORTH PROVIDENCE"	2409	1635	757	515	230	753	1	537	176	713
"RI"	2004	"NORTH PROVIDENCE"	2410	1723	908	582	309	899	1	616	249	865
"RI"	2004	"NORTH PROVIDENCE"	2411	1157	639	360	263	632	1	336	272	608
"RI"	2004	"NORTH PROVIDENCE"	2412	1613	1027	510	487	1009	1	541	428	969
"RI"	2004	"NORTH PROVIDENCE"	2413	1406	704	437	235	689	1	451	219	670
"RI"	2004	"NORTH PROVIDENCE"	2414	1925	1133	739	374	1125	1	750	316	1066
"RI"	2004	"NORTH PROVIDENCE"	2415	1459	907	528	365	901	1	568	291	859
"RI"	2004	"NORTH PROVIDENCE"	2416	1222	665	411	239	660	1	425	197	622
"RI"	2004	"NORTH PROVIDENCE"	2417	1766	966	652	289	951	1	641	264	905
"RI"	2004	"NORTH PROVIDENCE"	2418	458	275	175	93	272	1	173	81	254
"RI"	2004	"NORTH PROVIDENCE"	2419	87	439	290	146	439	1	0	0	0
"RI"	2004	"NORTH SMITHFIELD"	2501	1227	783	424	338	772	1	465	261	726
"RI"	2004	"NORTH SMITHFIELD"	2502	1637	1102	526	553	1094	1	595	466	1061
"RI"	2004	"NORTH SMITHFIELD"	2503	1940	1253	616	602	1235	1	715	481	1196
"RI"	2004	"NORTH SMITHFIELD"	2504	1565	1043	528	492	1037	1	584	431	1015
"RI"	2004	"NORTH SMITHFIELD"	2505	937	561	295	256	556	1	342	200	542
"RI"	2004	"NORTH SMITHFIELD"	2506	1433	913	488	403	902	1	521	346	867
"RI"	2004	"NORTH SMITHFIELD"	2507	0	158	84	72	158	1	0	0	0
"RI"	2004	"PAWTUCKET"	2601	373	197	162	29	194	1	167	19	186
"RI"	2004	"PAWTUCKET"	2602	797	480	318	140	467	1	318	127	445
"RI"	2004	"PAWTUCKET"	2603	448	261	213	44	258	1	199	36	235
"RI"	2004	"PAWTUCKET"	2604	484	246	194	45	241	1	196	35	231
"RI"	2004	"PAWTUCKET"	2605	1214	584	447	119	574	1	449	110	559
"RI"	2004	"PAWTUCKET"	2606	1357	925	612	287	914	1	642	232	874
"RI"	2004	"PAWTUCKET"	2607	1352	991	619	342	978	1	618	303	921
"RI"	2004	"PAWTUCKET"	2608	1441	1053	784	246	1053	1	740	252	992
"RI"	2004	"PAWTUCKET"	2609	832	458	330	112	456	1	326	93	419
"RI"	2004	"PAWTUCKET"	2610	116	55	36	18	55	1	42	11	53
"RI"	2004	"PAWTUCKET"	2611	1523	1006	754	227	999	1	719	204	923
"RI"	2004	"PAWTUCKET"	2612	1100	627	440	164	620	1	452	144	596
"RI"	2004	"PAWTUCKET"	2613	861	460	355	95	454	1	358	64	422
"RI"	2004	"PAWTUCKET"	2614	85	40	32	7	40	1	34	5	39
"RI"	2004	"PAWTUCKET"	2615	181	106	91	14	107	1	84	15	99
"RI"	2004	"PAWTUCKET"	2616	1907	1228	782	391	1199	1	826	327	1153
"RI"	2004	"PAWTUCKET"	2617	615	390	247	132	385	1	259	104	363
"RI"	2004	"PAWTUCKET"	2618	786	472	328	129	469	1	332	110	442
"RI"	2004	"PAWTUCKET"	2619	993	549	393	139	544	1	410	107	517
"RI"	2004	"PAWTUCKET"	2620	754	465	315	127	461	1	315	120	435
"RI"	2004	"PAWTUCKET"	2621	1274	844	567	250	832	1	563	241	804
"RI"	2004	"PAWTUCKET"	2622	1250	983	612	339	961	1	572	364	936
"RI"	2004	"PAWTUCKET"	2623	1339	943	587	319	925	1	594	293	887
"RI"	2004	"PAWTUCKET"	2624	1245	835	562	255	830	1	555	233	788
"RI"	2004	"PAWTUCKET"	2625	1393	935	617	304	930	1	603	284	887
"RI"	2004	"PAWTUCKET"	2626	1918	1377	828	501	1361	1	837	463	1300
"RI"	2004	"PAWTUCKET"	2627	1345	980	646	305	968	1	641	294	935
"RI"	2004	"PAWTUCKET"	2628	1222	849	570	262	845	1	568	237	805
"RI"	2004	"PAWTUCKET"	2629	1393	808	571	218	802	1	574	189	763
"RI"	2004	"PAWTUCKET"	2630	1061	616	452	152	611	1	449	130	579
"RI"	2004	"PAWTUCKET"	2631	1045	667	485	162	664	1	492	145	637
"RI"	2004	"PAWTUCKET"	2632	801	519	345	166	516	1	352	153	505
"RI"	2004	"PAWTUCKET"	2633	277	184	142	35	181	1	138	37	175
"RI"	2004	"PAWTUCKET"	2634	365	215	154	57	213	1	141	58	199
"RI"	2004	"PAWTUCKET"	2635	0	1255	977	262	1252	1	2	0	2
"RI"	2004	"PORTSMOUTH"	2701	168	123	70	47	121	1	75	43	118
"RI"	2004	"PORTSMOUTH"	2702	884	653	302	332	645	1	301	324	625
"RI"	2004	"PORTSMOUTH"	2703	1163	820	440	355	807	1	447	339	786
"RI"	2004	"PORTSMOUTH"	2704	998	721	429	280	720	1	411	287	698
"RI"	2004	"PORTSMOUTH"	2705	1138	770	454	289	760	1	427	292	719
"RI"	2004	"PORTSMOUTH"	2706	1307	903	471	415	892	1	432	415	847
"RI"	2004	"PORTSMOUTH"	2707	1274	948	453	469	937	1	422	469	891
"RI"	2004	"PORTSMOUTH"	2708	1085	766	396	347	758	1	412	325	737
"RI"	2004	"PORTSMOUTH"	2709	970	751	369	365	745	1	388	333	721
"RI"	2004	"PORTSMOUTH"	2710	1276	986	447	519	979	1	473	472	945
"RI"	2004	"PORTSMOUTH"	2711	983	692	344	332	683	1	363	293	656
"RI"	2004	"PORTSMOUTH"	2712	1193	903	459	420	894	1	441	427	868
"RI"	2004	"PORTSMOUTH"	2713	0	407	234	167	407	1	3	0	3
"RI"	2004	"PROVIDENCE"	2801	905	304	223	69	299	1	250	42	292
"RI"	2004	"PROVIDENCE"	2802	1308	520	405	100	518	1	403	103	506
"RI"	2004	"PROVIDENCE"	2803	1624	603	486	107	599	1	493	88	581
"RI"	2004	"PROVIDENCE"	2804	885	392	277	103	391	1	302	75	377
"RI"	2004	"PROVIDENCE"	2805	935	323	258	64	325	1	244	73	317
"RI"	2004	"PROVIDENCE"	2806	765	248	192	52	246	1	195	46	241
"RI"	2004	"PROVIDENCE"	2807	429	157	114	39	156	1	109	38	147
"RI"	2004	"PROVIDENCE"	2808	1742	692	582	105	699	1	541	136	677
"RI"	2004	"PROVIDENCE"	2809	232	23	18	4	23	2	16	5	22
"RI"	2004	"PROVIDENCE"	2810	94	110	89	18	109	2	86	13	109
"RI"	2004	"PROVIDENCE"	2811	745	236	173	56	236	2	182	24	225
"RI"	2004	"PROVIDENCE"	2812	411	113	82	25	110	2	93	12	109
"RI"	2004	"PROVIDENCE"	2813	1789	724	594	99	716	1	565	131	696
"RI"	2004	"PROVIDENCE"	2814	1221	493	410	58	485	1	398	71	469
"RI"	2004	"PROVIDENCE"	2815	1271	471	370	72	467	1	351	90	441
"RI"	2004	"PROVIDENCE"	2816	293	157	113	42	158	1	98	54	152
"RI"	2004	"PROVIDENCE"	2817	2089	352	276	62	350	1	268	65	333
"RI"	2004	"PROVIDENCE"	2818	2527	373	326	33	384	1	314	38	352
"RI"	2004	"PROVIDENCE"	2819	1308	563	453	107	570	1	400	149	549
"RI"	2004	"PROVIDENCE"	2820	2063	528	439	76	530	1	394	112	506
"RI"	2004	"PROVIDENCE"	2821	1428	605	488	100	595	1	428	153	581
"RI"	2004	"PROVIDENCE"	2822	1628	928	740	159	922	1	685	219	904
"RI"	2004	"PROVIDENCE"	2823	1444	787	606	153	779	1	535	215	750
"RI"	2004	"PROVIDENCE"	2824	213	107	93	12	106	1	86	18	104
"RI"	2004	"PROVIDENCE"	2825	627	187	140	41	184	1	126	56	182
"RI"	2004	"PROVIDENCE"	2826	1543	921	688	209	914	1	656	230	886
"RI"	2004	"PROVIDENCE"	2827	1159	764	488	251	749	1	434	292	726
"RI"	2004	"PROVIDENCE"	2828	1563	870	733	120	869	1	688	153	841
"RI"	2004	"PROVIDENCE"	2829	1586	599	528	69	619	1	521	69	590
"RI"	2004	"PROVIDENCE"	2830	1490	713	609	95	718	1	580	117	697
"RI"	2004	"PROVIDENCE"	2831	1160	578	474	88	576	1	477	82	559
"RI"	2004	"PROVIDENCE"	2832	1530	865	703	137	865	1	660	185	845
"RI"	2004	"PROVIDENCE"	2833	1479	614	514	89	618	1	512	85	597
"RI"	2004	"PROVIDENCE"	2834	1224	633	436	196	634	1	458	159	617
"RI"	2004	"PROVIDENCE"	2835	1817	861	566	279	858	1	620	222	842
"RI"	2004	"PROVIDENCE"	2836	901	575	327	229	574	1	305	207	512
"RI"	2004	"PROVIDENCE"	2837	846	337	247	86	339	1	271	65	336
"RI"	2004	"PROVIDENCE"	2838	2002	619	390	216	623	1	385	222	607
"RI"	2004	"PROVIDENCE"	2839	2009	901	636	261	908	1	655	235	890
"RI"	2004	"PROVIDENCE"	2840	341	234	156	70	233	2	196	20	229
"RI"	2004	"PROVIDENCE"	2841	1918	869	605	238	855	2	677	115	834
"RI"	2004	"PROVIDENCE"	2842	1125	309	227	69	301	2	230	46	301
"RI"	2004	"PROVIDENCE"	2843	124	82	42	39	81	1	39	41	80
"RI"	2004	"PROVIDENCE"	2844	1207	681	437	230	676	1	445	214	659
"RI"	2004	"PROVIDENCE"	2845	780	520	299	207	515	2	391	91	500
"RI"	2004	"PROVIDENCE"	2846	164	97	61	35	96	2	76	13	93
"RI"	2004	"PROVIDENCE"	2847	1970	1156	754	374	1157	1	717	401	1118
"RI"	2004	"PROVIDENCE"	2848	1550	881	580	276	872	1	625	243	868
"RI"	2004	"PROVIDENCE"	2849	1302	676	442	214	670	1	453	205	658
"RI"	2004	"PROVIDENCE"	2850	42	23	20	2	22	1	20	5	25
"RI"	2004	"PROVIDENCE"	2851	191	95	70	20	96	2	75	7	88
"RI"	2004	"PROVIDENCE"	2852	1599	660	459	176	644	2	525	69	622
"RI"	2004	"PROVIDENCE"	2853	1453	563	416	132	560	2	463	50	544
"RI"	2004	"PROVIDENCE"	2854	1015	354	268	80	352	2	275	38	339
"RI"	2004	"PROVIDENCE"	2855	36	10	3	4	9	2	7	3	10
"RI"	2004	"PROVIDENCE"	2856	785	261	205	52	259	2	201	24	243
"RI"	2004	"PROVIDENCE"	2857	136	35	25	9	35	2	22	6	33
"RI"	2004	"PROVIDENCE"	2858	126	42	32	10	44	2	30	3	38
"RI"	2004	"PROVIDENCE"	2859	181	52	42	10	53	2	48	3	52
"RI"	2004	"PROVIDENCE"	2860	318	86	60	23	84	2	62	18	84
"RI"	2004	"PROVIDENCE"	2861	1547	467	352	100	463	2	371	35	442
"RI"	2004	"PROVIDENCE"	2862	1922	665	480	152	654	2	512	58	622
"RI"	2004	"PROVIDENCE"	2863	1698	595	438	135	590	2	467	52	572
"RI"	2004	"PROVIDENCE"	2864	798	250	206	38	247	2	200	23	240
"RI"	2004	"PROVIDENCE"	2865	792	232	197	41	240	2	194	19	226
"RI"	2004	"PROVIDENCE"	2866	1495	524	397	114	521	2	433	49	518
"RI"	2004	"PROVIDENCE"	2867	218	51	39	10	51	2	37	7	48
"RI"	2004	"PROVIDENCE"	2868	1527	525	434	73	515	2	414	45	495
"RI"	2004	"PROVIDENCE"	2869	1025	481	400	57	479	2	369	31	453
"RI"	2004	"PROVIDENCE"	2870	406	90	68	20	92	2	65	12	86
"RI"	2004	"PROVIDENCE"	2871	765	219	166	39	214	2	174	24	212
"RI"	2004	"PROVIDENCE"	2872	880	420	320	98	424	2	355	32	411
"RI"	2004	"PROVIDENCE"	2873	94	65	52	9	63	2	52	5	66
"RI"	2004	"PROVIDENCE"	2874	2024	975	735	218	970	2	784	104	941
"RI"	2004	"PROVIDENCE"	2875	1497	514	425	82	512	2	443	36	502
"RI"	2004	"PROVIDENCE"	2876	1346	432	362	60	426	2	370	26	415
"RI"	2004	"PROVIDENCE"	2877	214	80	72	7	80	2	72	5	77
"RI"	2004	"PROVIDENCE"	2878	301	103	82	15	104	2	87	8	101
"RI"	2004	"PROVIDENCE"	2879	320	112	91	17	110	2	94	11	112
"RI"	2004	"PROVIDENCE"	2880	1533	770	646	113	767	2	651	53	738
"RI"	2004	"PROVIDENCE"	2881	1451	648	561	64	631	2	541	36	610
"RI"	2004	"PROVIDENCE"	2882	1609	727	639	74	725	2	618	47	706
"RI"	2004	"PROVIDENCE"	2883	1187	464	378	76	462	2	362	49	436
"RI"	2004	"PROVIDENCE"	2884	875	312	281	30	318	2	270	20	310
"RI"	2004	"PROVIDENCE"	2885	450	135	125	11	139	2	123	4	137
"RI"	2004	"PROVIDENCE"	2886	1287	608	507	100	612	2	520	49	593
"RI"	2004	"PROVIDENCE"	2887	1085	452	374	67	445	2	382	32	429
"RI"	2004	"PROVIDENCE"	2888	1222	443	390	55	447	2	379	25	431
"RI"	2004	"PROVIDENCE"	2889	1379	568	503	57	563	2	496	33	547
"RI"	2004	"PROVIDENCE"	2890	1640	363	317	39	360	2	300	19	347
"RI"	2004	"PROVIDENCE"	2891	569	233	202	27	236	2	202	12	228
"RI"	2004	"PROVIDENCE"	2892	1640	815	540	248	805	2	637	114	782
"RI"	2004	"PROVIDENCE"	2893	1465	469	369	103	482	2	382	51	462
"RI"	2004	"PROVIDENCE"	2894	988	454	310	135	453	2	388	37	443
"RI"	2004	"PROVIDENCE"	2895	1255	462	334	116	459	2	389	39	448
"RI"	2004	"PROVIDENCE"	2896	923	343	248	92	343	2	281	40	332
"RI"	2004	"PROVIDENCE"	2897	154	71	65	8	74	2	60	4	70
"RI"	2004	"RICHMOND"	2901	783	487	227	246	484	2	291	134	466
"RI"	2004	"RICHMOND"	2902	1423	885	450	419	883	2	588	195	832
"RI"	2004	"RICHMOND"	2903	1748	1127	630	455	1116	2	747	259	1070
"RI"	2004	"RICHMOND"	2904	1308	874	448	395	868	2	579	206	838
"RI"	2004	"RICHMOND"	2905	0	178	98	76	177	2	0	0	0
"RI"	2004	"SCITUATE"	3001	1516	1106	491	584	1100	2	676	340	1054
"RI"	2004	"SCITUATE"	3002	1233	901	409	451	884	2	579	237	860
"RI"	2004	"SCITUATE"	3003	1621	1188	462	691	1168	2	679	406	1128
"RI"	2004	"SCITUATE"	3004	1746	1301	588	659	1283	2	835	355	1232
"RI"	2004	"SCITUATE"	3005	1448	1062	492	543	1056	2	666	303	1011
"RI"	2004	"SCITUATE"	3006	0	143	68	73	143	2	2	2	4
"RI"	2004	"SMITHFIELD"	3101	1125	803	397	396	798	1	412	364	776
"RI"	2004	"SMITHFIELD"	3102	1700	1049	578	444	1042	1	596	418	1014
"RI"	2004	"SMITHFIELD"	3103	1206	801	384	393	789	1	395	379	774
"RI"	2004	"SMITHFIELD"	3104	1850	1173	634	514	1169	1	640	504	1144
"RI"	2004	"SMITHFIELD"	3105	1357	921	467	440	914	1	476	406	882
"RI"	2004	"SMITHFIELD"	3106	1823	1221	602	573	1205	1	613	534	1147
"RI"	2004	"SMITHFIELD"	3107	1735	1051	520	488	1031	1	522	455	977
"RI"	2004	"SMITHFIELD"	3108	1114	747	366	375	744	1	348	380	728
"RI"	2004	"SMITHFIELD"	3109	1660	720	376	338	717	1	393	303	696
"RI"	2004	"SMITHFIELD"	3110	1368	722	376	328	723	1	343	347	690
"RI"	2004	"SMITHFIELD"	3111	0	302	161	136	302	1	0	0	0
"RI"	2004	"SOUTH KINGSTOWN"	3201	1563	1155	655	458	1141	2	738	282	1090
"RI"	2004	"SOUTH KINGSTOWN"	3202	1742	1314	820	463	1302	2	913	280	1252
"RI"	2004	"SOUTH KINGSTOWN"	3203	1216	879	552	309	875	2	651	154	839
"RI"	2004	"SOUTH KINGSTOWN"	3204	1651	1163	786	341	1164	2	817	196	1095
"RI"	2004	"SOUTH KINGSTOWN"	3205	1858	478	327	141	476	2	305	84	421
"RI"	2004	"SOUTH KINGSTOWN"	3206	1636	1262	777	455	1263	2	877	260	1206
"RI"	2004	"SOUTH KINGSTOWN"	3207	1325	1032	650	353	1024	2	710	201	977
"RI"	2004	"SOUTH KINGSTOWN"	3208	1369	1005	600	373	1001	2	685	233	962
"RI"	2004	"SOUTH KINGSTOWN"	3209	1808	1375	801	531	1365	2	955	262	1297
"RI"	2004	"SOUTH KINGSTOWN"	3210	1435	1051	506	515	1040	2	636	292	997
"RI"	2004	"SOUTH KINGSTOWN"	3211	1106	854	471	357	844	2	542	208	796
"RI"	2004	"SOUTH KINGSTOWN"	3212	1730	1295	776	498	1285	2	838	315	1222
"RI"	2004	"SOUTH KINGSTOWN"	3213	0	534	370	155	534	2	3	0	3
"RI"	2004	"TIVERTON"	3301	1945	1254	603	607	1235	1	570	617	1187
"RI"	2004	"TIVERTON"	3302	1092	586	368	206	577	1	357	184	541
"RI"	2004	"TIVERTON"	3303	1690	1089	688	373	1082	1	668	364	1032
"RI"	2004	"TIVERTON"	3304	1856	1129	654	440	1113	1	643	417	1060
"RI"	2004	"TIVERTON"	3305	1481	908	548	327	892	1	521	334	855
"RI"	2004	"TIVERTON"	3306	689	399	251	139	393	1	244	129	373
"RI"	2004	"TIVERTON"	3307	1148	671	349	294	658	1	374	258	632
"RI"	2004	"TIVERTON"	3308	1892	1240	682	524	1223	1	609	569	1178
"RI"	2004	"TIVERTON"	3309	300	259	154	102	259	1	9	9	18
"RI"	2004	"WARREN"	3401	1394	730	453	262	726	1	449	244	693
"RI"	2004	"WARREN"	3402	1592	902	521	345	888	1	539	322	861
"RI"	2004	"WARREN"	3403	1348	873	553	297	865	1	553	269	822
"RI"	2004	"WARREN"	3404	1821	1253	705	515	1243	1	686	503	1189
"RI"	2004	"WARREN"	3405	1305	873	507	345	863	1	506	342	848
"RI"	2004	"WARREN"	3406	0	217	142	71	215	1	18	13	31
"RI"	2004	"WARWICK"	3501	1047	796	519	250	791	2	653	97	777
"RI"	2004	"WARWICK"	3502	1042	697	435	249	692	2	550	97	679
"RI"	2004	"WARWICK"	3503	1328	1035	582	426	1023	2	776	184	994
"RI"	2004	"WARWICK"	3504	928	673	363	289	661	2	493	131	653
"RI"	2004	"WARWICK"	3505	1332	985	569	379	969	2	764	139	940
"RI"	2004	"WARWICK"	3506	917	739	382	337	734	2	583	116	724
"RI"	2004	"WARWICK"	3507	1176	838	514	309	834	2	661	120	810
"RI"	2004	"WARWICK"	3508	344	226	143	73	223	2	189	24	222
"RI"	2004	"WARWICK"	3509	467	277	158	113	277	2	222	40	266
"RI"	2004	"WARWICK"	3510	1322	879	523	341	871	2	695	123	850
"RI"	2004	"WARWICK"	3511	1333	947	570	352	936	2	722	148	910
"RI"	2004	"WARWICK"	3512	1199	743	432	299	741	2	563	106	704
"RI"	2004	"WARWICK"	3513	695	553	321	221	547	2	420	94	527
"RI"	2004	"WARWICK"	3514	1026	690	390	285	686	2	543	101	661
"RI"	2004	"WARWICK"	3515	1442	1099	602	465	1085	2	820	201	1058
"RI"	2004	"WARWICK"	3516	1014	741	424	303	738	2	567	124	716
"RI"	2004	"WARWICK"	3517	788	504	284	202	494	2	378	90	483
"RI"	2004	"WARWICK"	3518	1064	723	449	263	721	2	592	92	704
"RI"	2004	"WARWICK"	3519	640	463	257	187	453	2	348	81	445
"RI"	2004	"WARWICK"	3520	1641	1140	659	455	1127	2	908	165	1108
"RI"	2004	"WARWICK"	3521	1390	976	566	386	966	2	752	152	933
"RI"	2004	"WARWICK"	3522	1445	1007	589	399	1003	2	769	177	975
"RI"	2004	"WARWICK"	3523	1462	1006	602	372	992	2	794	135	970
"RI"	2004	"WARWICK"	3524	1220	791	447	317	781	2	573	151	761
"RI"	2004	"WARWICK"	3525	376	244	132	106	243	2	195	34	237
"RI"	2004	"WARWICK"	3526	410	269	151	111	266	2	196	55	263
"RI"	2004	"WARWICK"	3527	1161	809	521	265	800	2	654	93	780
"RI"	2004	"WARWICK"	3528	1408	922	483	402	904	2	676	192	889
"RI"	2004	"WARWICK"	3529	1479	1010	606	381	1000	2	791	148	973
"RI"	2004	"WARWICK"	3530	1086	796	466	313	790	2	587	157	768
"RI"	2004	"WARWICK"	3531	919	691	258	410	683	2	410	235	670
"RI"	2004	"WARWICK"	3532	1652	972	577	362	961	2	769	125	941
"RI"	2004	"WARWICK"	3533	643	423	248	162	419	2	349	47	412
"RI"	2004	"WARWICK"	3534	1185	799	459	320	793	2	615	131	765
"RI"	2004	"WARWICK"	3535	896	603	382	208	600	2	488	69	576
"RI"	2004	"WARWICK"	3536	1102	743	446	274	737	2	611	69	713
"RI"	2004	"WARWICK"	3537	1482	1099	590	472	1083	2	815	205	1051
"RI"	2004	"WARWICK"	3538	983	713	381	323	708	2	556	111	692
"RI"	2004	"WARWICK"	3539	1341	887	499	368	880	2	689	143	862
"RI"	2004	"WARWICK"	3540	1527	1064	568	465	1050	2	756	223	1023
"RI"	2004	"WARWICK"	3541	366	218	122	88	217	2	154	39	209
"RI"	2004	"WARWICK"	3542	1135	801	428	352	791	2	537	201	773
"RI"	2004	"WARWICK"	3543	844	634	354	261	622	2	425	161	618
"RI"	2004	"WARWICK"	3544	492	263	135	118	262	2	177	63	245
"RI"	2004	"WARWICK"	3545	914	663	376	277	662	2	492	126	642
"RI"	2004	"WARWICK"	3546	1132	749	437	290	737	2	531	167	722
"RI"	2004	"WARWICK"	3547	1427	1036	572	446	1026	2	771	200	1008
"RI"	2004	"WARWICK"	3548	1496	1173	570	587	1170	2	818	271	1131
"RI"	2004	"WARWICK"	3549	1229	886	462	397	877	2	626	209	865
"RI"	2004	"WARWICK"	3550	637	452	185	258	448	2	289	135	434
"RI"	2004	"WARWICK"	3551	922	636	344	269	630	2	459	139	615
"RI"	2004	"WARWICK"	3552	1102	721	436	268	713	2	523	137	692
"RI"	2004	"WARWICK"	3553	1126	813	423	364	802	2	586	176	782
"RI"	2004	"WARWICK"	3554	0	1248	773	451	1248	2	1	1	2
"RI"	2004	"WESTERLY"	3601	1167	831	431	367	818	2	538	194	774
"RI"	2004	"WESTERLY"	3602	1189	803	416	363	794	2	502	196	741
"RI"	2004	"WESTERLY"	3603	1385	982	505	453	976	2	591	245	886
"RI"	2004	"WESTERLY"	3604	277	876	372	483	872	2	447	321	806
"RI"	2004	"WESTERLY"	3605	1175	872	466	384	868	2	552	215	807
"RI"	2004	"WESTERLY"	3606	1075	739	396	315	728	2	475	143	671
"RI"	2004	"WESTERLY"	3607	1260	770	458	288	754	2	502	148	691
"RI"	2004	"WESTERLY"	3608	1205	633	402	211	628	2	426	118	579
"RI"	2004	"WESTERLY"	3609	1183	769	451	299	758	2	506	152	696
"RI"	2004	"WESTERLY"	3610	1333	902	541	336	893	2	599	153	799
"RI"	2004	"WESTERLY"	3611	1229	631	368	229	619	2	412	102	558
"RI"	2004	"WESTERLY"	3612	1051	611	317	283	606	2	394	123	566
"RI"	2004	"WESTERLY"	3613	1233	898	434	436	887	2	564	213	819
"RI"	2004	"WESTERLY"	3614	802	472	259	204	471	2	306	94	441
"RI"	2004	"WESTERLY"	3615	0	411	249	158	410	2	5	1	7
"RI"	2004	"WEST GREENWICH"	3701	1456	1089	452	603	1081	2	656	335	1038
"RI"	2004	"WEST GREENWICH"	3702	1685	1226	610	578	1220	2	847	291	1186
"RI"	2004	"WEST GREENWICH"	3703	580	439	196	229	433	2	272	129	415
"RI"	2004	"WEST GREENWICH"	3704	0	100	42	56	100	2	0	0	0
"RI"	2004	"WEST WARWICK"	3801	1704	1025	583	423	1018	2	769	187	990
"RI"	2004	"WEST WARWICK"	3802	363	229	154	65	227	2	180	29	223
"RI"	2004	"WEST WARWICK"	3803	787	483	278	190	478	2	356	85	467
"RI"	2004	"WEST WARWICK"	3804	1636	933	543	346	911	2	708	146	893
"RI"	2004	"WEST WARWICK"	3805	1208	632	366	245	626	2	466	118	610
"RI"	2004	"WEST WARWICK"	3806	1764	1156	673	466	1145	2	862	209	1107
"RI"	2004	"WEST WARWICK"	3807	1207	681	405	258	674	2	492	109	638
"RI"	2004	"WEST WARWICK"	3808	1141	808	456	338	803	2	642	116	788
"RI"	2004	"WEST WARWICK"	3809	1154	808	481	299	797	2	621	123	783
"RI"	2004	"WEST WARWICK"	3810	891	587	355	220	578	2	463	80	558
"RI"	2004	"WEST WARWICK"	3811	306	218	137	78	216	2	164	36	209
"RI"	2004	"WEST WARWICK"	3812	1036	722	403	298	716	2	541	138	696
"RI"	2004	"WEST WARWICK"	3813	1666	1109	626	453	1104	2	802	230	1069
"RI"	2004	"WEST WARWICK"	3814	1481	963	518	433	959	2	714	190	937
"RI"	2004	"WEST WARWICK"	3815	1102	780	387	376	773	2	570	158	758
"RI"	2004	"WEST WARWICK"	3816	0	469	295	166	469	2	3	0	3
"RI"	2004	"WOONSOCKET"	3901	1652	672	391	258	663	1	475	172	647
"RI"	2004	"WOONSOCKET"	3902	1197	561	392	157	555	1	427	105	532
"RI"	2004	"WOONSOCKET"	3903	1743	741	475	245	739	1	555	169	724
"RI"	2004	"WOONSOCKET"	3904	1542	904	510	365	899	1	551	318	869
"RI"	2004	"WOONSOCKET"	3905	1118	542	357	168	533	1	410	107	517
"RI"	2004	"WOONSOCKET"	3906	599	353	209	139	353	1	236	103	339
"RI"	2004	"WOONSOCKET"	3907	974	392	255	129	389	1	302	81	383
"RI"	2004	"WOONSOCKET"	3908	1569	790	490	280	787	1	552	203	755
"RI"	2004	"WOONSOCKET"	3909	1526	897	510	367	887	1	577	295	872
"RI"	2004	"WOONSOCKET"	3910	1660	846	486	336	841	1	589	224	813
"RI"	2004	"WOONSOCKET"	3911	1367	817	468	320	804	1	534	257	791
"RI"	2004	"WOONSOCKET"	3912	1747	925	583	314	915	1	658	231	889
"RI"	2004	"WOONSOCKET"	3913	1653	949	594	346	948	1	676	242	918
"RI"	2004	"WOONSOCKET"	3914	1362	920	516	386	914	1	577	318	895
"RI"	2004	"WOONSOCKET"	3915	1203	671	419	232	669	1	472	178	650
"RI"	2004	"WOONSOCKET"	3916	1750	744	446	281	741	1	519	198	717
"RI"	2004	"WOONSOCKET"	3917	0	541	331	202	539	1	2	0	2
"RI"	2004	"PROVIDENCE"	28100	178	71	50	21	71	2	47	15	67
"RI"	2004	"PROVIDENCE"	28101	95	22	18	3	21	2	15	3	19
"RI"	2004	"PROVIDENCE"	28102	671	280	249	28	279	2	232	18	267
"RI"	2004	"PROVIDENCE"	28103	746	325	245	73	320	1	266	54	320
"RI"	2004	"PROVIDENCE"	28104	0	3298	2650	586	3292	2	0	0	0
"RI"	2004	"PROVIDENCE"	28105	0	141	111	25	140	1	92	13	109
