state	year	town	precinct	g2002_REG_tv	g2002_BALL_tv	g2002_USS_dv	g2002_USS_rv	g2002_USS_tv	cd	g2002_USH_dv	g2002_USH_rv	g2002_USH_tv	g2002_GOV_dv	g2002_GOV_rv	g2002_GOV_tv	g2002_LTG_dv	g2002_LTG_rv	g2002_LTG_tv	g2002_SOS_dv	g2002_SOS_rv	g2002_SOS_tv	g2002_AGR_dv	g2002_AGR_rv	g2002_AGR_tv	g2002_TRE_dv	g2002_TRE_rv	g2002_TRE_tv
"RI"	2002	"BARRINGTON"	101	1545	903	622	244	866	1	403	456	889	324	566	890	289	187	885	508	332	840	465	0	802	533	315	848
"RI"	2002	"BARRINGTON"	102	1650	712	497	194	691	1	350	326	698	276	429	705	234	183	699	386	285	671	344	0	640	425	253	678
"RI"	2002	"BARRINGTON"	103	1556	918	646	241	887	1	388	481	895	295	614	909	277	239	900	498	370	868	445	0	832	525	345	870
"RI"	2002	"BARRINGTON"	104	1657	1010	746	236	982	1	508	453	984	404	590	994	332	216	986	615	339	954	552	0	919	651	303	954
"RI"	2002	"BARRINGTON"	105	1735	1140	806	303	1109	1	498	583	1118	400	726	1126	329	289	1114	693	396	1089	502	0	1041	629	439	1068
"RI"	2002	"BARRINGTON"	106	1682	1128	710	381	1091	1	394	690	1105	291	830	1121	262	378	1089	562	514	1076	475	0	1013	531	533	1064
"RI"	2002	"BARRINGTON"	107	1360	787	596	157	753	1	446	304	775	317	463	780	306	155	766	481	254	735	478	0	714	534	206	740
"RI"	2002	"BARRINGTON"	108	1418	915	645	251	896	1	441	439	906	308	599	907	264	185	893	474	393	867	440	0	832	550	308	858
"RI"	2002	"BARRINGTON"	109	0	0	0	0	0	1	0	0	0	0	0	0	0	0	0	0	0	0	0	0	0	0	0	0
"RI"	2002	"BRISTOL"	201	1429	865	600	229	829	1	420	422	857	321	530	851	295	204	838	464	355	819	434	0	802	536	291	827
"RI"	2002	"BRISTOL"	202	1431	903	614	261	875	1	399	474	894	276	620	896	290	216	880	451	404	855	402	0	827	534	336	870
"RI"	2002	"BRISTOL"	203	1856	908	699	150	849	1	564	295	889	421	461	882	378	150	860	537	296	833	582	0	830	673	184	857
"RI"	2002	"BRISTOL"	204	867	430	325	81	406	1	270	145	421	210	213	423	165	74	416	241	158	399	281	0	406	320	95	415
"RI"	2002	"BRISTOL"	205	773	455	333	110	443	1	219	219	448	158	290	448	131	87	448	227	199	426	249	0	421	291	150	441
"RI"	2002	"BRISTOL"	206	1745	834	616	182	798	1	474	322	818	397	414	811	306	152	810	493	287	780	487	0	777	562	234	796
"RI"	2002	"BRISTOL"	207	385	258	176	73	249	1	121	128	255	82	174	256	75	80	252	133	109	242	114	0	236	155	96	251
"RI"	2002	"BRISTOL"	208	957	418	329	64	393	1	278	115	411	228	180	408	180	55	398	275	111	386	279	0	387	336	64	400
"RI"	2002	"BRISTOL"	209	1871	947	739	166	905	1	591	332	939	447	484	931	403	146	911	577	302	879	613	0	883	696	218	914
"RI"	2002	"BRISTOL"	210	1609	578	459	86	545	1	377	187	575	315	253	568	249	77	554	350	180	530	384	0	524	437	113	550
"RI"	2002	"BRISTOL"	211	1746	788	616	124	740	1	538	221	774	424	341	765	370	108	762	514	213	727	538	0	716	618	127	745
"RI"	2002	"BRISTOL"	212	0	2	2	0	2	1	0	2	2	1	1	2	1	0	2	2	0	2	1	0	2	2	0	2
"RI"	2002	"BURRILLVILLE"	301	1831	798	625	150	775	1	479	286	788	374	410	784	554	125	783	534	214	748	487	0	745	558	200	758
"RI"	2002	"BURRILLVILLE"	302	1694	768	553	189	742	1	441	285	761	357	399	756	506	157	757	449	267	716	417	0	704	510	229	739
"RI"	2002	"BURRILLVILLE"	303	1657	819	584	206	790	1	423	363	808	323	486	809	512	184	794	495	263	758	452	0	754	524	249	773
"RI"	2002	"BURRILLVILLE"	304	1289	595	479	91	570	1	378	185	586	331	256	587	442	73	584	410	147	557	349	0	551	419	141	560
"RI"	2002	"BURRILLVILLE"	305	1626	799	582	181	763	1	442	320	791	342	445	787	500	165	780	511	243	754	438	0	745	540	225	765
"RI"	2002	"BURRILLVILLE"	306	1791	860	587	244	831	1	456	367	844	333	511	844	493	214	838	508	303	811	465	0	780	529	290	819
"RI"	2002	"BURRILLVILLE"	307	0	3	0	3	3	1	0	3	3	0	3	3	0	3	3	1	2	3	0	0	2	2	1	3
"RI"	2002	"CENTRAL FALLS"	401	1075	412	345	38	383	1	302	90	403	276	126	402	275	57	384	305	74	379	311	0	381	326	63	389
"RI"	2002	"CENTRAL FALLS"	402	477	197	158	23	181	1	161	29	195	135	57	192	149	21	186	157	28	185	161	0	183	162	26	188
"RI"	2002	"CENTRAL FALLS"	403	1243	495	411	49	460	1	388	85	485	373	110	483	384	44	467	404	57	461	385	0	457	412	56	468
"RI"	2002	"CENTRAL FALLS"	404	951	460	367	54	421	1	353	91	452	296	152	448	351	55	440	351	73	424	344	0	428	377	60	437
"RI"	2002	"CENTRAL FALLS"	405	518	186	134	34	168	1	141	36	183	125	60	185	115	32	171	128	36	164	136	0	167	138	35	173
"RI"	2002	"CENTRAL FALLS"	406	633	328	271	33	304	1	253	64	322	210	113	323	225	41	308	247	58	305	240	0	299	267	46	313
"RI"	2002	"CENTRAL FALLS"	407	239	114	89	18	107	1	79	31	110	68	45	113	83	15	112	87	22	109	72	0	110	88	24	112
"RI"	2002	"CENTRAL FALLS"	408	622	287	225	47	272	1	193	81	283	173	108	281	183	47	276	208	60	268	206	0	274	221	53	274
"RI"	2002	"CENTRAL FALLS"	409	0	4	4	0	4	1	3	1	4	4	0	4	4	0	4	4	0	4	4	0	4	4	0	4
"RI"	2002	"CHARLESTOWN"	501	946	471	323	126	449	2	292	151	455	214	247	461	203	136	454	256	171	427	239	0	416	299	142	441
"RI"	2002	"CHARLESTOWN"	502	744	441	317	123	440	2	283	142	437	194	254	448	197	132	434	239	172	411	223	0	409	266	162	428
"RI"	2002	"CHARLESTOWN"	503	1097	596	412	172	584	2	381	203	588	230	368	598	281	195	588	331	238	569	266	0	544	358	213	571
"RI"	2002	"CHARLESTOWN"	504	1229	742	454	258	712	2	437	275	723	279	448	727	284	313	716	329	364	693	293	0	657	375	324	699
"RI"	2002	"CHARLESTOWN"	505	307	144	103	34	137	2	100	37	141	72	72	144	63	39	142	77	54	131	64	0	128	86	51	137
"RI"	2002	"CHARLESTOWN"	506	719	346	254	80	334	2	230	100	335	174	167	341	167	109	337	201	122	323	192	0	312	228	102	330
"RI"	2002	"CHARLESTOWN"	507	787	418	284	120	404	2	256	146	407	184	225	409	183	121	407	235	150	385	207	0	375	254	137	391
"RI"	2002	"CHARLESTOWN"	508	0	0	0	0	0	2	0	0	0	0	0	0	0	0	0	0	0	0	0	0	0	0	0	0
"RI"	2002	"COVENTRY"	601	1346	691	546	133	679	2	537	129	680	325	356	681	368	165	682	437	228	665	410	0	646	487	184	671
"RI"	2002	"COVENTRY"	602	1873	985	734	224	958	2	719	231	964	410	569	979	471	259	958	598	333	931	574	0	906	670	274	944
"RI"	2002	"COVENTRY"	603	1344	685	511	152	663	2	524	135	673	334	344	678	346	189	669	436	219	655	419	0	650	485	180	665
"RI"	2002	"COVENTRY"	604	1177	685	507	158	665	2	521	145	673	238	441	679	329	199	669	419	228	647	404	0	635	465	197	662
"RI"	2002	"COVENTRY"	605	1170	606	463	126	589	2	449	137	592	257	340	597	291	181	586	375	187	562	358	0	555	415	162	577
"RI"	2002	"COVENTRY"	606	1215	707	545	146	691	2	549	142	697	302	396	698	360	177	687	436	228	664	412	0	662	496	187	683
"RI"	2002	"COVENTRY"	607	424	226	166	54	220	2	172	47	220	98	124	222	109	62	219	134	80	214	135	0	210	152	68	220
"RI"	2002	"COVENTRY"	608	606	403	291	104	395	2	295	100	396	120	281	401	157	149	392	225	157	382	201	0	374	244	143	387
"RI"	2002	"COVENTRY"	609	1395	824	564	230	794	2	541	247	803	302	512	814	341	240	801	432	331	763	427	0	754	511	282	793
"RI"	2002	"COVENTRY"	610	627	382	306	71	377	2	307	61	375	219	158	377	239	94	377	273	97	370	251	0	369	280	95	375
"RI"	2002	"COVENTRY"	611	1386	741	557	162	719	2	556	152	725	326	405	731	400	198	729	468	231	699	433	0	685	506	210	716
"RI"	2002	"COVENTRY"	612	1280	746	519	207	726	2	513	206	730	310	427	737	349	232	724	417	286	703	397	0	671	456	261	717
"RI"	2002	"COVENTRY"	613	1061	567	427	116	543	2	434	109	547	297	258	555	338	141	543	384	144	528	329	0	504	382	150	532
"RI"	2002	"COVENTRY"	614	1358	773	605	154	759	2	617	131	760	357	410	767	432	171	760	496	234	730	489	0	724	550	198	748
"RI"	2002	"COVENTRY"	615	1354	753	570	171	741	2	572	161	743	344	406	750	397	205	742	478	240	718	447	0	701	539	187	726
"RI"	2002	"COVENTRY"	616	1120	678	437	220	657	2	457	194	655	166	504	670	243	285	653	362	280	642	334	0	603	383	263	646
"RI"	2002	"COVENTRY"	617	1047	556	413	128	541	2	414	115	538	264	285	549	270	160	542	344	180	524	325	0	506	375	157	532
"RI"	2002	"COVENTRY"	618	1170	679	461	201	662	2	425	224	660	241	430	671	283	208	665	377	270	647	336	0	611	415	239	654
"RI"	2002	"COVENTRY"	619	460	259	167	84	251	2	165	84	251	88	165	253	108	82	255	136	109	245	129	0	231	143	105	248
"RI"	2002	"COVENTRY"	620	0	0	0	0	0	2	0	0	0	0	0	0	0	0	0	0	0	0	0	0	0	0	0	0
"RI"	2002	"CRANSTON"	701	706	462	352	79	431	2	367	66	442	248	209	457	270	128	445	334	98	432	299	0	416	344	81	425
"RI"	2002	"CRANSTON"	702	1051	534	424	79	503	2	422	71	502	226	295	521	293	134	504	361	127	488	328	0	481	395	100	495
"RI"	2002	"CRANSTON"	703	817	330	286	34	320	2	279	35	320	202	123	325	217	66	321	256	56	312	233	0	310	267	43	310
"RI"	2002	"CRANSTON"	704	1101	319	247	49	296	2	247	47	299	162	151	313	202	73	303	215	77	292	214	0	293	231	63	294
"RI"	2002	"CRANSTON"	705	791	373	291	65	356	2	284	72	360	178	189	367	208	105	363	251	97	348	230	0	340	262	89	351
"RI"	2002	"CRANSTON"	706	1004	389	320	55	375	2	316	57	377	234	154	388	236	102	380	291	83	374	264	0	361	292	76	368
"RI"	2002	"CRANSTON"	707	1046	527	438	60	498	2	438	57	500	227	291	518	300	135	502	386	108	494	344	0	493	392	98	490
"RI"	2002	"CRANSTON"	708	542	285	234	40	274	2	233	41	278	127	155	282	170	80	277	198	68	266	199	0	268	212	60	272
"RI"	2002	"CRANSTON"	709	1074	594	459	118	577	2	442	124	571	259	323	582	311	175	577	396	166	562	354	0	538	401	155	556
"RI"	2002	"CRANSTON"	710	1478	961	699	224	923	2	669	248	934	280	673	953	423	334	924	542	355	897	502	0	873	592	310	902
"RI"	2002	"CRANSTON"	711	1438	899	663	200	863	2	667	208	879	302	592	894	440	300	877	519	309	828	495	0	821	588	264	852
"RI"	2002	"CRANSTON"	712	291	266	196	60	256	2	187	70	259	77	185	262	107	95	254	152	95	247	134	0	238	155	94	249
"RI"	2002	"CRANSTON"	713	1632	1032	735	253	988	2	711	280	998	312	706	1018	436	376	998	600	367	967	547	0	937	615	351	966
"RI"	2002	"CRANSTON"	714	1393	853	634	184	818	2	635	176	823	329	507	836	421	272	824	529	264	793	477	0	766	586	220	806
"RI"	2002	"CRANSTON"	715	1009	627	472	126	598	2	476	116	604	255	364	619	335	186	604	412	182	594	349	0	573	440	155	595
"RI"	2002	"CRANSTON"	716	1382	859	660	165	825	2	668	160	830	289	561	850	427	271	836	552	254	806	427	0	774	575	231	806
"RI"	2002	"CRANSTON"	717	796	407	314	72	386	2	305	74	386	192	208	400	224	116	390	255	123	378	232	0	362	278	106	384
"RI"	2002	"CRANSTON"	718	124	83	73	8	81	2	74	8	82	46	35	81	52	21	81	58	18	76	50	0	71	66	15	81
"RI"	2002	"CRANSTON"	719	699	417	298	99	397	2	292	105	401	146	262	408	198	147	411	235	148	383	223	0	379	261	132	393
"RI"	2002	"CRANSTON"	720	827	514	409	89	498	2	394	102	500	235	274	509	260	133	498	357	129	486	286	0	480	339	145	484
"RI"	2002	"CRANSTON"	721	1367	889	666	190	856	2	659	191	857	255	622	877	399	341	857	553	287	840	398	0	804	562	272	834
"RI"	2002	"CRANSTON"	722	791	462	374	76	450	2	366	80	449	212	246	458	232	119	450	307	120	427	257	0	425	323	116	439
"RI"	2002	"CRANSTON"	723	1665	1128	822	260	1082	2	838	245	1092	331	780	1111	547	391	1096	685	362	1047	539	0	1026	713	339	1052
"RI"	2002	"CRANSTON"	724	1313	808	607	163	770	2	618	150	774	284	513	797	422	231	772	520	226	746	440	0	744	548	213	761
"RI"	2002	"CRANSTON"	725	415	173	134	32	166	2	138	33	172	73	99	172	97	51	171	116	47	163	93	0	160	128	36	164
"RI"	2002	"CRANSTON"	726	441	197	165	26	191	2	160	27	191	108	86	194	130	37	193	151	38	189	131	0	181	149	36	185
"RI"	2002	"CRANSTON"	727	1379	820	649	146	795	2	621	164	797	349	453	802	464	209	790	556	219	775	463	0	762	580	201	781
"RI"	2002	"CRANSTON"	728	1263	618	484	95	579	2	505	79	591	279	327	606	369	145	580	424	138	562	389	0	558	447	117	564
"RI"	2002	"CRANSTON"	729	969	588	470	95	565	2	463	96	564	215	364	579	327	168	567	380	167	547	329	0	536	391	160	551
"RI"	2002	"CRANSTON"	730	1475	878	658	184	842	2	643	197	849	288	580	868	432	303	840	528	302	830	444	0	805	568	262	830
"RI"	2002	"CRANSTON"	731	1217	779	600	148	748	2	596	146	749	279	486	765	397	245	759	522	202	724	465	0	731	534	208	742
"RI"	2002	"CRANSTON"	732	667	405	309	84	393	2	297	93	395	167	231	398	193	107	394	258	127	385	183	0	379	257	130	387
"RI"	2002	"CRANSTON"	733	1187	608	462	116	578	2	453	120	583	248	346	594	319	159	585	402	159	561	332	0	552	417	154	571
"RI"	2002	"CRANSTON"	734	625	373	285	70	355	2	272	80	358	144	226	370	190	118	364	240	105	345	197	0	338	234	115	349
"RI"	2002	"CRANSTON"	735	678	331	253	63	316	2	260	58	320	146	181	327	179	91	319	215	95	310	209	0	300	216	91	307
"RI"	2002	"CRANSTON"	736	1606	806	620	155	775	2	613	156	780	354	438	792	396	220	780	530	227	757	441	0	748	557	206	763
"RI"	2002	"CRANSTON"	737	1090	471	379	75	454	2	366	79	454	228	232	460	272	100	457	327	116	443	289	0	441	341	105	446
"RI"	2002	"CRANSTON"	738	880	439	348	75	423	2	346	69	424	240	195	435	251	100	420	307	103	410	266	0	404	321	88	409
"RI"	2002	"CRANSTON"	739	1338	695	583	95	678	2	568	93	673	343	344	687	398	156	681	484	171	655	426	0	655	528	136	664
"RI"	2002	"CRANSTON"	740	1304	677	537	122	659	2	527	121	659	309	357	666	354	172	656	453	194	647	385	0	624	482	170	652
"RI"	2002	"CRANSTON"	741	1375	615	506	92	598	2	505	78	590	405	202	607	340	93	592	449	130	579	398	0	586	457	130	587
"RI"	2002	"CRANSTON"	742	1086	543	439	89	528	2	423	95	529	258	282	540	263	105	522	380	129	509	272	0	496	360	141	501
"RI"	2002	"CRANSTON"	743	1470	912	707	169	876	2	675	196	885	426	475	901	427	198	876	606	244	850	420	0	832	596	259	855
"RI"	2002	"CRANSTON"	744	1425	728	562	135	697	2	562	128	698	347	372	719	394	153	703	520	160	680	367	0	675	489	195	684
"RI"	2002	"CRANSTON"	745	1107	622	487	121	608	2	467	128	604	273	335	608	305	140	604	414	168	582	333	0	585	406	181	587
"RI"	2002	"CRANSTON"	746	707	402	269	118	387	2	274	111	390	100	299	399	145	187	392	217	161	378	193	0	370	223	164	387
"RI"	2002	"CRANSTON"	747	996	640	480	147	627	2	488	135	627	208	423	631	311	213	619	405	195	600	345	0	588	419	184	603
"RI"	2002	"CRANSTON"	748	734	439	305	122	427	2	308	114	425	152	283	435	182	162	426	248	166	414	213	0	392	277	137	414
"RI"	2002	"CRANSTON"	749	1200	685	533	110	643	2	541	101	647	284	393	677	396	174	647	464	163	627	420	0	614	499	131	630
"RI"	2002	"CRANSTON"	750	1321	830	652	143	795	2	663	127	800	296	528	824	440	262	800	576	203	779	488	0	760	585	201	786
"RI"	2002	"CRANSTON"	751	0	5	5	0	5	2	5	0	5	1	4	5	3	1	5	4	1	5	5	0	5	5	0	5
"RI"	2002	"CUMBERLAND"	801	1464	845	607	208	815	1	405	413	835	279	554	833	401	280	818	491	298	789	409	0	794	533	267	800
"RI"	2002	"CUMBERLAND"	802	1431	690	515	146	661	1	409	262	682	279	402	681	408	164	676	439	207	646	388	0	654	464	196	660
"RI"	2002	"CUMBERLAND"	803	1120	546	395	126	521	1	319	205	535	201	341	542	296	149	529	322	175	497	320	0	500	367	146	513
"RI"	2002	"CUMBERLAND"	804	814	412	291	101	392	1	234	159	406	169	232	401	220	111	396	240	143	383	228	0	385	262	122	384
"RI"	2002	"CUMBERLAND"	805	1330	724	602	98	700	1	476	226	717	343	368	711	461	139	709	533	157	690	468	0	688	586	117	703
"RI"	2002	"CUMBERLAND"	806	1485	788	573	184	757	1	433	320	775	312	462	774	432	195	762	491	252	743	424	0	731	557	193	750
"RI"	2002	"CUMBERLAND"	807	1666	880	630	212	842	1	470	365	860	370	492	862	476	231	848	525	297	822	487	0	819	576	256	832
"RI"	2002	"CUMBERLAND"	808	1345	771	538	210	748	1	386	360	760	275	491	766	411	218	746	464	262	726	418	0	731	486	253	739
"RI"	2002	"CUMBERLAND"	809	1531	900	587	275	862	1	390	476	887	268	619	887	393	297	857	486	349	835	422	0	811	508	343	851
"RI"	2002	"CUMBERLAND"	810	1373	777	501	247	748	1	326	416	757	223	546	769	331	290	747	418	309	727	364	0	710	465	281	746
"RI"	2002	"CUMBERLAND"	811	1367	749	519	196	715	1	379	334	733	277	456	733	360	226	721	440	261	701	369	0	697	458	248	706
"RI"	2002	"CUMBERLAND"	812	1137	618	431	158	589	1	304	294	610	193	416	609	278	203	592	356	216	572	295	0	571	362	216	578
"RI"	2002	"CUMBERLAND"	813	857	339	283	35	318	1	258	68	335	203	133	336	235	38	326	268	52	320	240	0	324	288	43	331
"RI"	2002	"CUMBERLAND"	814	853	418	331	59	390	1	278	125	412	233	182	415	271	61	398	307	76	383	269	0	391	320	79	399
"RI"	2002	"CUMBERLAND"	815	985	467	375	75	450	1	283	163	458	231	227	458	266	89	450	324	114	438	288	0	435	360	90	450
"RI"	2002	"CUMBERLAND"	816	993	400	337	51	388	1	281	101	391	227	166	393	273	56	392	305	79	384	282	0	377	305	78	383
"RI"	2002	"CUMBERLAND"	817	1477	797	618	136	754	1	494	268	784	358	430	788	470	151	766	556	195	751	479	0	755	593	171	764
"RI"	2002	"CUMBERLAND"	818	1225	633	479	122	601	1	380	234	626	276	349	625	356	142	616	429	159	588	379	0	600	445	157	602
"RI"	2002	"CUMBERLAND"	819	0	1	1	0	1	1	1	0	1	0	1	1	1	0	1	1	0	1	0	0	1	0	1	1
"RI"	2002	"EAST GREENWICH"	901	719	440	261	165	426	2	269	159	428	70	367	437	141	207	425	190	217	407	156	0	400	197	222	419
"RI"	2002	"EAST GREENWICH"	902	1337	812	519	274	793	2	508	279	794	160	649	809	264	328	781	358	394	752	327	0	742	418	350	768
"RI"	2002	"EAST GREENWICH"	903	1750	852	597	226	823	2	592	217	816	217	627	844	318	284	819	458	317	775	368	0	777	492	296	788
"RI"	2002	"EAST GREENWICH"	904	1675	1103	711	352	1063	2	722	333	1064	211	882	1093	394	414	1057	515	500	1015	448	0	979	561	467	1028
"RI"	2002	"EAST GREENWICH"	905	1213	684	495	167	662	2	502	157	668	186	488	674	299	200	661	387	248	635	311	0	623	432	217	649
"RI"	2002	"EAST GREENWICH"	906	751	468	278	178	456	2	297	154	455	67	394	461	127	202	445	234	200	434	160	0	427	238	195	433
"RI"	2002	"EAST GREENWICH"	907	1465	852	547	282	829	2	547	272	825	164	681	845	292	340	816	422	368	790	362	0	765	413	387	800
"RI"	2002	"EAST GREENWICH"	908	1076	642	397	221	618	2	419	191	618	140	492	632	197	252	610	289	305	594	252	0	567	327	281	608
"RI"	2002	"EAST GREENWICH"	909	0	2	0	2	2	2	1	1	2	0	2	2	1	1	2	1	1	2	0	0	2	1	1	2
"RI"	2002	"EAST PROVIDENCE"	1001	620	286	242	32	274	1	225	49	284	205	78	283	198	26	277	230	39	269	210	0	269	262	18	280
"RI"	2002	"EAST PROVIDENCE"	1002	990	493	403	53	456	1	357	104	476	317	159	476	306	64	452	363	75	438	350	0	445	431	46	477
"RI"	2002	"EAST PROVIDENCE"	1003	434	264	205	47	252	1	152	101	259	133	122	255	141	37	255	191	56	247	166	0	249	202	54	256
"RI"	2002	"EAST PROVIDENCE"	1004	1245	746	608	112	720	1	463	254	737	399	337	736	408	123	728	536	175	711	490	0	718	567	156	723
"RI"	2002	"EAST PROVIDENCE"	1005	957	642	514	101	615	1	374	241	630	311	325	636	377	110	627	452	158	610	414	0	611	493	133	626
"RI"	2002	"EAST PROVIDENCE"	1006	1353	962	724	201	925	1	502	425	948	389	560	949	509	227	937	648	268	916	592	0	928	710	223	933
"RI"	2002	"EAST PROVIDENCE"	1007	801	568	409	147	556	1	259	282	560	192	368	560	248	145	557	359	181	540	290	0	544	369	179	548
"RI"	2002	"EAST PROVIDENCE"	1008	273	146	123	14	137	1	104	33	144	95	49	144	94	17	139	116	19	135	105	0	135	131	13	144
"RI"	2002	"EAST PROVIDENCE"	1009	1629	1045	818	190	1008	1	634	371	1032	500	529	1029	605	190	1014	729	251	980	635	0	978	828	192	1020
"RI"	2002	"EAST PROVIDENCE"	1010	1117	698	565	93	658	1	497	174	689	441	248	689	423	98	668	521	126	647	472	0	643	579	95	674
"RI"	2002	"EAST PROVIDENCE"	1011	1305	702	570	115	685	1	434	249	695	360	337	697	401	136	685	495	176	671	439	0	658	542	143	685
"RI"	2002	"EAST PROVIDENCE"	1012	656	416	334	52	386	1	277	121	407	238	172	410	269	55	404	319	75	394	284	0	398	346	59	405
"RI"	2002	"EAST PROVIDENCE"	1013	1163	678	549	89	638	1	493	161	669	427	241	668	475	94	656	516	117	633	495	0	635	581	79	660
"RI"	2002	"EAST PROVIDENCE"	1014	1533	822	659	105	764	1	624	175	811	533	278	811	555	110	778	623	139	762	585	0	754	700	103	803
"RI"	2002	"EAST PROVIDENCE"	1015	1111	612	522	57	579	1	475	125	604	387	208	595	426	60	575	484	88	572	449	0	566	537	63	600
"RI"	2002	"EAST PROVIDENCE"	1016	1229	699	583	75	658	1	541	139	691	436	247	683	465	78	659	531	107	638	496	0	645	605	73	678
"RI"	2002	"EAST PROVIDENCE"	1017	300	184	151	28	179	1	129	45	181	102	78	180	112	36	177	140	32	172	119	0	163	159	20	179
"RI"	2002	"EAST PROVIDENCE"	1018	853	438	384	37	421	1	332	90	432	316	114	430	307	56	423	354	62	416	325	0	411	376	52	428
"RI"	2002	"EAST PROVIDENCE"	1019	343	234	176	46	222	1	131	91	230	101	130	231	120	40	229	160	63	223	129	0	222	184	48	232
"RI"	2002	"EAST PROVIDENCE"	1020	1063	547	443	88	531	1	362	158	542	274	259	533	290	75	537	394	130	524	356	0	530	433	101	534
"RI"	2002	"EAST PROVIDENCE"	1021	1198	780	625	129	754	1	486	259	766	396	371	767	412	124	753	539	182	721	486	0	745	615	140	755
"RI"	2002	"EAST PROVIDENCE"	1022	1347	859	665	169	834	1	527	302	845	401	446	847	466	163	839	580	231	811	502	0	807	640	196	836
"RI"	2002	"EAST PROVIDENCE"	1023	1485	1020	793	194	987	1	590	406	1009	430	574	1004	539	214	1004	685	276	961	608	0	943	781	206	987
"RI"	2002	"EAST PROVIDENCE"	1024	1320	754	605	125	730	1	447	277	741	355	380	735	390	135	736	513	195	708	463	0	711	576	155	731
"RI"	2002	"EAST PROVIDENCE"	1025	1517	898	712	154	866	1	550	320	888	446	436	882	452	180	872	609	243	852	539	0	851	655	207	862
"RI"	2002	"EAST PROVIDENCE"	1026	643	369	287	69	356	1	226	124	359	177	184	361	165	70	361	254	90	344	206	0	346	274	76	350
"RI"	2002	"EAST PROVIDENCE"	1027	0	0	0	0	0	1	0	0	0	0	0	0	0	0	0	0	0	0	0	0	0	0	0	0
"RI"	2002	"EXETER"	1101	1375	810	562	227	789	2	533	252	798	312	492	804	329	262	790	447	309	756	378	0	734	478	297	775
"RI"	2002	"EXETER"	1102	1264	691	450	220	670	2	416	247	672	249	431	680	258	248	672	336	311	647	329	0	614	400	249	649
"RI"	2002	"EXETER"	1103	1324	807	485	295	780	2	462	311	790	278	515	793	290	281	783	409	338	747	327	0	717	436	318	754
"RI"	2002	"EXETER"	1104	0	0	0	0	0	2	0	0	0	0	0	0	0	0	0	0	0	0	0	0	0	0	0	0
"RI"	2002	"FOSTER"	1201	1669	961	668	272	940	2	660	271	947	371	568	939	472	258	944	501	423	924	501	0	877	579	357	936
"RI"	2002	"FOSTER"	1202	1385	856	580	256	836	2	538	279	835	321	519	840	387	264	839	434	385	819	412	0	773	485	331	816
"RI"	2002	"FOSTER"	1203	0	0	0	0	0	2	0	0	0	0	0	0	0	0	0	0	0	0	0	0	0	0	0	0
"RI"	2002	"GLOCESTER"	1301	1585	850	588	225	813	2	573	234	820	329	511	840	550	146	836	451	338	789	448	0	773	499	297	796
"RI"	2002	"GLOCESTER"	1302	1693	865	617	224	841	2	591	222	835	363	489	852	548	169	849	480	329	809	442	0	795	544	283	827
"RI"	2002	"GLOCESTER"	1303	1586	801	555	220	775	2	529	236	778	303	486	789	525	150	778	416	340	756	394	0	725	484	280	764
"RI"	2002	"GLOCESTER"	1304	373	225	155	68	223	2	152	66	223	71	151	222	134	51	224	107	102	209	106	0	204	136	81	217
"RI"	2002	"GLOCESTER"	1305	1454	810	601	189	790	2	581	196	789	303	489	792	560	131	800	455	320	775	406	0	752	525	260	785
"RI"	2002	"GLOCESTER"	1306	0	3	3	0	3	2	3	0	3	1	2	3	3	0	3	3	0	3	2	0	3	3	0	3
"RI"	2002	"HOPKINTON"	1401	1701	747	494	221	715	2	449	265	728	331	404	735	327	201	717	415	275	690	409	0	684	463	243	706
"RI"	2002	"HOPKINTON"	1402	1592	783	527	219	746	2	472	277	764	325	446	771	321	205	752	417	303	720	393	0	709	466	270	736
"RI"	2002	"HOPKINTON"	1403	1979	876	599	247	846	2	545	298	857	378	475	853	370	254	841	475	330	805	441	0	785	542	281	823
"RI"	2002	"HOPKINTON"	1404	0	0	0	0	0	2	0	0	0	0	0	0	0	0	0	0	0	0	0	0	0	0	0	0
"RI"	2002	"JAMESTOWN"	1501	1523	979	739	213	952	1	491	413	959	444	527	971	412	235	961	601	327	928	372	0	918	617	320	937
"RI"	2002	"JAMESTOWN"	1502	1408	888	671	201	872	1	422	420	872	361	513	874	367	227	869	556	293	849	317	0	830	553	306	859
"RI"	2002	"JAMESTOWN"	1503	1535	988	712	261	973	1	468	483	976	348	633	981	407	269	967	562	370	932	368	0	928	581	374	955
"RI"	2002	"JAMESTOWN"	1504	0	3	3	0	3	1	1	2	3	1	2	3	1	2	3	2	1	3	1	0	3	1	2	3
"RI"	2002	"JOHNSTON"	1601	833	425	335	65	400	2	326	62	396	198	220	418	249	87	407	307	86	393	275	0	398	316	78	394
"RI"	2002	"JOHNSTON"	1602	1159	586	453	104	557	2	465	84	566	217	361	578	312	180	564	411	127	538	359	0	554	442	113	555
"RI"	2002	"JOHNSTON"	1603	993	473	379	66	445	2	395	52	457	250	215	465	290	94	457	366	74	440	315	0	448	374	74	448
"RI"	2002	"JOHNSTON"	1604	197	111	94	15	109	2	94	15	109	41	70	111	62	30	109	79	27	106	66	0	104	84	24	108
"RI"	2002	"JOHNSTON"	1605	1501	741	574	142	716	2	584	128	719	301	435	736	431	196	719	490	204	694	470	0	696	521	186	707
"RI"	2002	"JOHNSTON"	1606	1725	853	646	177	823	2	650	158	827	342	503	845	446	225	819	573	222	795	486	0	799	586	216	802
"RI"	2002	"JOHNSTON"	1607	1281	575	462	82	544	2	459	78	549	283	285	568	352	121	548	410	119	529	377	0	541	441	110	551
"RI"	2002	"JOHNSTON"	1608	1640	802	624	133	757	2	628	113	758	378	414	792	488	171	754	562	166	728	493	0	731	575	156	731
"RI"	2002	"JOHNSTON"	1609	538	265	201	43	244	2	219	33	252	111	151	262	142	76	250	183	55	238	168	0	241	189	51	240
"RI"	2002	"JOHNSTON"	1610	1371	695	536	134	670	2	537	122	668	305	382	687	400	164	675	490	167	657	411	0	652	490	170	660
"RI"	2002	"JOHNSTON"	1611	1178	661	497	127	624	2	501	127	637	242	413	655	382	180	639	425	176	601	417	0	612	467	153	620
"RI"	2002	"JOHNSTON"	1612	1099	571	466	87	553	2	469	71	548	282	284	566	361	119	552	424	109	533	392	0	539	449	91	540
"RI"	2002	"JOHNSTON"	1613	1608	858	683	129	812	2	715	103	824	399	448	847	543	185	831	635	161	796	567	0	798	656	154	810
"RI"	2002	"JOHNSTON"	1614	1523	810	626	157	783	2	625	147	787	322	476	798	458	191	781	584	169	753	476	0	756	572	199	771
"RI"	2002	"JOHNSTON"	1615	1403	600	469	105	574	2	482	82	578	268	324	592	344	145	583	434	118	552	388	0	560	434	128	562
"RI"	2002	"JOHNSTON"	1616	156	87	71	11	82	2	70	11	84	42	45	87	47	22	84	57	21	78	55	0	81	62	18	80
"RI"	2002	"JOHNSTON"	1617	1281	569	453	95	548	2	453	86	547	293	267	560	345	109	544	418	114	532	390	0	536	443	95	538
"RI"	2002	"JOHNSTON"	1618	1821	1008	756	225	981	2	753	213	981	369	635	1004	518	285	979	636	307	943	582	0	941	691	271	962
"RI"	2002	"JOHNSTON"	1619	0	3	1	1	2	2	1	1	2	0	3	3	2	1	3	2	0	2	1	0	2	2	1	3
"RI"	2002	"LINCOLN"	1701	1042	686	499	162	661	1	331	329	674	216	462	678	333	229	668	423	217	640	391	0	643	445	212	657
"RI"	2002	"LINCOLN"	1702	1297	848	594	230	824	1	385	443	839	220	620	840	379	302	821	480	323	803	437	0	789	512	305	817
"RI"	2002	"LINCOLN"	1703	713	432	300	119	419	1	208	211	425	135	293	428	230	149	422	245	160	405	224	0	403	279	140	419
"RI"	2002	"LINCOLN"	1704	393	193	145	43	188	1	105	84	191	83	110	193	109	62	190	120	63	183	99	0	177	132	54	186
"RI"	2002	"LINCOLN"	1705	2053	1035	823	177	1000	1	664	341	1026	443	580	1023	607	231	1014	643	324	967	637	0	972	721	271	992
"RI"	2002	"LINCOLN"	1706	1484	851	608	221	829	1	422	409	845	282	563	845	418	262	826	482	324	806	442	0	795	546	277	823
"RI"	2002	"LINCOLN"	1707	172	106	74	27	101	1	42	60	104	24	77	101	51	28	104	56	41	97	48	0	102	63	40	103
"RI"	2002	"LINCOLN"	1708	954	639	436	190	626	1	278	330	634	185	448	633	283	216	620	339	266	605	308	0	600	398	227	625
"RI"	2002	"LINCOLN"	1709	973	556	412	115	527	1	309	220	547	219	325	544	298	142	535	348	169	517	321	0	524	372	153	525
"RI"	2002	"LINCOLN"	1710	1158	765	549	190	739	1	381	357	753	229	515	744	351	236	742	451	277	728	411	0	724	476	265	741
"RI"	2002	"LINCOLN"	1711	823	491	356	114	470	1	254	212	481	160	324	484	253	132	472	282	181	463	255	0	467	323	148	471
"RI"	2002	"LINCOLN"	1712	761	446	326	107	433	1	263	166	439	187	256	443	262	113	438	286	140	426	266	0	420	303	130	433
"RI"	2002	"LINCOLN"	1713	666	394	297	77	374	1	201	178	384	154	234	388	186	109	385	242	129	371	214	0	372	267	112	379
"RI"	2002	"LINCOLN"	1714	388	249	198	37	235	1	147	85	243	115	129	244	145	39	241	164	66	230	151	0	239	186	56	242
"RI"	2002	"LINCOLN"	1715	1539	984	716	231	947	1	498	449	975	347	628	975	494	280	957	590	337	927	497	0	924	646	305	951
"RI"	2002	"LINCOLN"	1716	674	329	250	70	320	1	193	125	327	142	182	324	166	82	316	204	107	311	174	0	306	217	102	319
"RI"	2002	"LINCOLN"	1717	0	0	0	0	0	1	0	0	0	0	0	0	0	0	0	0	0	0	0	0	0	0	0	0
"RI"	2002	"LITTLE COMPTON"	1801	1479	950	616	303	919	1	398	493	933	350	583	933	303	302	915	494	387	881	430	0	860	494	388	882
"RI"	2002	"LITTLE COMPTON"	1802	1409	849	546	268	814	1	348	452	833	320	516	836	248	277	814	423	352	775	381	0	769	464	330	794
"RI"	2002	"LITTLE COMPTON"	1803	0	0	0	0	0	1	0	0	0	0	0	0	0	0	0	0	0	0	0	0	0	0	0	0
"RI"	2002	"MIDDLETOWN"	1901	1099	735	528	175	703	1	364	341	727	260	469	729	282	192	711	380	303	683	334	0	654	421	271	692
"RI"	2002	"MIDDLETOWN"	1902	1322	852	627	199	826	1	409	417	843	318	522	840	361	216	833	484	313	797	445	0	788	522	289	811
"RI"	2002	"MIDDLETOWN"	1903	947	591	420	147	567	1	275	295	581	227	354	581	254	149	561	301	236	537	297	0	519	348	204	552
"RI"	2002	"MIDDLETOWN"	1904	1303	750	544	182	726	1	396	317	743	306	432	738	320	177	725	416	278	694	367	0	697	446	261	707
"RI"	2002	"MIDDLETOWN"	1905	488	196	145	41	186	1	105	84	192	95	98	193	97	37	192	121	61	182	118	0	177	135	54	189
"RI"	2002	"MIDDLETOWN"	1906	1448	849	617	199	816	1	451	367	829	360	469	829	412	203	823	491	296	787	442	0	770	555	260	815
"RI"	2002	"MIDDLETOWN"	1907	1220	558	413	121	534	1	308	225	551	256	296	552	293	152	543	330	187	517	324	0	507	379	152	531
"RI"	2002	"MIDDLETOWN"	1908	1828	939	704	213	917	1	486	412	927	397	529	926	436	243	915	550	344	894	529	0	864	613	294	907
"RI"	2002	"MIDDLETOWN"	1909	0	2	2	0	2	1	1	1	2	1	1	2	1	1	2	1	1	2	1	0	2	2	0	2
"RI"	2002	"NARRAGANSETT"	2001	974	639	474	145	619	2	467	149	619	176	462	638	317	194	618	390	207	597	345	0	605	409	201	610
"RI"	2002	"NARRAGANSETT"	2002	1191	606	473	111	584	2	454	123	587	273	319	592	279	126	581	402	162	564	324	0	567	432	142	574
"RI"	2002	"NARRAGANSETT"	2003	1115	613	488	101	589	2	467	112	590	268	333	601	297	129	589	386	173	559	335	0	560	428	143	571
"RI"	2002	"NARRAGANSETT"	2004	1192	556	405	134	539	2	407	124	538	180	367	547	274	156	542	332	182	514	285	0	525	355	170	525
"RI"	2002	"NARRAGANSETT"	2005	1131	643	492	122	614	2	464	149	617	232	407	639	271	173	619	373	212	585	311	0	605	409	196	605
"RI"	2002	"NARRAGANSETT"	2006	1219	655	469	158	627	2	461	169	638	231	413	644	299	205	639	373	237	610	315	0	612	399	224	623
"RI"	2002	"NARRAGANSETT"	2007	1290	566	403	137	540	2	415	127	548	207	356	563	277	153	549	366	157	523	275	0	521	352	181	533
"RI"	2002	"NARRAGANSETT"	2008	1098	646	465	154	619	2	459	165	629	224	414	638	294	175	620	381	211	592	289	0	590	414	189	603
"RI"	2002	"NARRAGANSETT"	2009	1488	755	553	182	735	2	539	185	730	279	461	740	351	218	736	468	254	722	355	0	699	468	240	708
"RI"	2002	"NARRAGANSETT"	2010	1082	503	375	107	482	2	365	108	485	239	258	497	259	108	481	351	120	471	262	0	466	336	128	464
"RI"	2002	"NARRAGANSETT"	2011	1147	611	443	139	582	2	436	143	585	205	394	599	288	176	582	369	198	567	307	0	567	389	179	568
"RI"	2002	"NARRAGANSETT"	2012	0	0	0	0	0	2	0	0	0	0	0	0	0	0	0	0	0	0	0	0	0	0	0	0
"RI"	2002	"NEWPORT"	2101	483	305	209	86	295	1	157	139	303	122	180	302	134	71	294	180	107	287	151	0	276	192	96	288
"RI"	2002	"NEWPORT"	2102	1112	622	491	110	601	1	344	261	613	291	324	615	288	138	597	394	184	578	361	0	570	417	169	586
"RI"	2002	"NEWPORT"	2103	570	273	215	40	255	1	150	111	267	129	138	267	135	47	261	179	71	250	166	0	255	190	63	253
"RI"	2002	"NEWPORT"	2104	901	354	281	63	344	1	227	118	352	181	164	345	190	70	349	232	104	336	224	0	332	259	87	346
"RI"	2002	"NEWPORT"	2105	877	386	320	52	372	1	268	101	377	244	139	383	208	46	374	285	79	364	249	0	364	298	72	370
"RI"	2002	"NEWPORT"	2106	1527	821	654	142	796	1	489	298	812	431	380	811	414	138	799	543	219	762	508	0	763	594	185	779
"RI"	2002	"NEWPORT"	2107	643	161	122	29	151	1	110	44	159	102	53	155	92	36	153	104	45	149	107	0	151	111	41	152
"RI"	2002	"NEWPORT"	2108	811	449	333	97	430	1	258	170	442	211	234	445	191	98	431	265	149	414	216	0	416	277	137	414
"RI"	2002	"NEWPORT"	2109	1020	474	336	114	450	1	240	217	468	216	247	463	194	126	457	267	166	433	248	0	419	286	151	437
"RI"	2002	"NEWPORT"	2110	1291	659	483	161	644	1	322	312	652	278	376	654	244	194	644	371	250	621	321	0	593	371	258	629
"RI"	2002	"NEWPORT"	2111	1196	597	427	143	570	1	308	269	590	275	313	588	277	143	574	361	195	556	310	0	547	377	188	565
"RI"	2002	"NEWPORT"	2112	1078	534	401	111	512	1	307	205	524	255	268	523	254	100	526	349	146	495	323	0	492	368	140	508
"RI"	2002	"NEWPORT"	2113	1134	700	494	190	684	1	280	398	698	210	482	692	276	207	685	389	273	662	345	0	645	390	271	661
"RI"	2002	"NEWPORT"	2114	1343	723	512	191	703	1	349	357	720	258	458	716	324	194	710	425	258	683	355	0	658	446	237	683
"RI"	2002	"NEWPORT"	2115	0	1	1	0	1	1	1	0	1	0	1	1	1	0	1	1	0	1	0	0	1	1	0	1
"RI"	2002	"NEW SHOREHAM"	2201	1496	970	726	222	948	2	668	251	936	470	479	949	405	288	927	565	335	900	566	0	894	591	310	901
"RI"	2002	"NEW SHOREHAM"	2202	0	0	0	0	0	2	0	0	0	0	0	0	0	0	0	0	0	0	0	0	0	0	0	0
"RI"	2002	"NORTH KINGSTOWN"	2301	1179	686	503	161	664	2	478	178	666	233	448	681	289	232	673	401	243	644	300	0	632	426	226	652
"RI"	2002	"NORTH KINGSTOWN"	2302	1373	848	597	228	825	2	600	219	828	244	599	843	377	292	819	483	312	795	425	0	795	516	288	804
"RI"	2002	"NORTH KINGSTOWN"	2303	1731	1069	739	296	1035	2	703	320	1037	323	734	1057	446	368	1041	591	400	991	475	0	971	625	394	1019
"RI"	2002	"NORTH KINGSTOWN"	2304	1776	818	609	182	791	2	591	191	793	338	470	808	391	234	793	472	277	749	420	0	735	500	267	767
"RI"	2002	"NORTH KINGSTOWN"	2305	1642	892	642	220	862	2	628	220	860	314	566	880	417	260	867	523	314	837	448	0	820	548	294	842
"RI"	2002	"NORTH KINGSTOWN"	2306	626	382	236	134	370	2	250	118	372	91	288	379	125	174	366	192	164	356	144	0	347	176	183	359
"RI"	2002	"NORTH KINGSTOWN"	2307	1266	685	488	184	672	2	478	186	671	226	455	681	296	218	671	385	263	648	319	0	628	413	240	653
"RI"	2002	"NORTH KINGSTOWN"	2308	1414	794	577	188	765	2	568	193	769	272	515	787	347	241	767	450	274	724	370	0	726	477	272	749
"RI"	2002	"NORTH KINGSTOWN"	2309	1324	812	559	233	792	2	560	222	787	201	606	807	301	286	789	450	316	766	342	0	747	441	327	768
"RI"	2002	"NORTH KINGSTOWN"	2310	2174	1242	879	318	1197	2	829	349	1196	431	799	1230	470	401	1203	710	442	1152	459	0	1122	695	473	1168
"RI"	2002	"NORTH KINGSTOWN"	2311	1777	1055	735	287	1022	2	738	277	1028	308	733	1041	368	351	1012	563	412	975	409	0	963	556	425	981
"RI"	2002	"NORTH KINGSTOWN"	2312	1866	1021	713	277	990	2	713	263	991	313	702	1015	423	352	986	558	394	952	397	0	942	561	404	965
"RI"	2002	"NORTH KINGSTOWN"	2313	1050	692	458	212	670	2	443	225	676	169	515	684	252	268	678	388	278	666	302	0	630	347	311	658
"RI"	2002	"NORTH KINGSTOWN"	2314	278	171	111	52	163	2	110	53	164	57	113	170	58	57	168	99	65	164	66	0	160	99	64	163
"RI"	2002	"NORTH KINGSTOWN"	2315	0	3	3	0	3	2	3	0	3	0	3	3	0	2	3	0	2	2	2	0	2	1	2	3
"RI"	2002	"NORTH PROVIDENCE"	2401	1735	737	587	119	706	1	463	242	720	354	377	731	460	140	719	573	122	695	497	0	694	557	143	700
"RI"	2002	"NORTH PROVIDENCE"	2402	1739	968	742	191	933	1	529	404	953	366	593	959	552	228	948	700	226	926	576	0	919	688	248	936
"RI"	2002	"NORTH PROVIDENCE"	2403	1485	635	523	91	614	1	423	186	626	337	287	624	437	90	621	497	112	609	435	0	601	494	112	606
"RI"	2002	"NORTH PROVIDENCE"	2404	1774	853	693	122	815	1	519	292	837	406	433	839	561	132	839	626	189	815	558	0	820	645	179	824
"RI"	2002	"NORTH PROVIDENCE"	2405	674	565	461	70	531	1	388	147	551	322	238	560	394	102	547	449	84	533	404	0	524	437	95	532
"RI"	2002	"NORTH PROVIDENCE"	2406	1749	1023	834	159	993	1	623	361	1002	449	565	1014	640	181	989	782	192	974	671	0	971	771	207	978
"RI"	2002	"NORTH PROVIDENCE"	2407	1579	773	631	112	743	1	478	255	759	376	387	763	508	139	758	614	122	736	500	0	751	595	151	746
"RI"	2002	"NORTH PROVIDENCE"	2408	1392	746	579	137	716	1	436	280	732	331	407	738	440	167	725	552	154	706	468	0	702	534	177	711
"RI"	2002	"NORTH PROVIDENCE"	2409	1449	331	250	60	310	1	176	143	326	124	206	330	177	97	317	219	90	309	192	0	307	227	83	310
"RI"	2002	"NORTH PROVIDENCE"	2410	1543	758	625	105	730	1	504	239	750	352	397	749	477	187	742	576	145	721	493	0	725	605	133	738
"RI"	2002	"NORTH PROVIDENCE"	2411	996	537	386	126	512	1	273	248	529	185	348	533	280	186	521	364	152	516	289	0	507	374	143	517
"RI"	2002	"NORTH PROVICENCE 2412"	2412	1455	870	637	191	828	1	454	383	848	315	547	862	465	281	847	589	236	825	502	0	810	591	255	846
"RI"	2002	"NORTH PROVIDENCE"	2413	1217	566	455	83	538	1	351	193	554	267	293	560	345	118	547	441	97	538	361	0	531	430	108	538
"RI"	2002	"NORTH PROVIDENCE"	2414	1746	880	706	132	838	1	594	259	868	450	419	869	580	163	849	673	159	832	617	0	826	683	153	836
"RI"	2002	"NORTH PROVICENCE 2415"	2415	1362	675	551	93	644	1	414	233	664	308	356	664	406	137	660	499	142	641	447	0	639	502	141	643
"RI"	2002	"NORTH PROVIDENCE"	2416	1122	511	410	77	487	1	317	167	496	264	242	506	316	99	496	367	102	469	335	0	477	390	96	486
"RI"	2002	"NORTH PROVIDENCE"	2417	1614	735	604	98	702	1	489	215	720	397	331	728	480	142	717	555	131	686	514	0	701	570	130	700
"RI"	2002	"NORTH PROVIDENCE"	2418	489	206	161	28	189	1	137	65	204	108	94	202	122	50	197	151	37	188	132	0	193	152	39	191
"RI"	2002	"NORTH PROVIDENCE"	2419	0	0	0	0	0	1	0	0	0	0	0	0	0	0	0	0	0	0	0	0	0	0	0	0
"RI"	2002	"NORTH SMITHFIELD"	2501	1157	660	479	144	623	1	409	226	648	304	340	644	379	159	624	405	193	598	386	0	584	442	164	606
"RI"	2002	"NORTH SMITHFIELD"	2502	1523	840	587	221	808	1	443	366	830	302	525	827	396	236	812	456	313	769	432	0	778	492	292	784
"RI"	2002	"NORTH SMITHFIELD"	2503	1812	974	676	235	911	1	525	394	955	351	604	955	510	240	934	542	347	889	527	0	894	638	279	917
"RI"	2002	"NORTH SMITHFIELD"	2504	1496	859	622	194	816	1	492	336	849	361	489	850	461	220	830	483	308	791	467	0	805	569	248	817
"RI"	2002	"NORTH SMITHFIELD"	2505	904	480	351	89	440	1	300	159	470	205	261	466	265	109	459	290	149	439	264	0	441	321	129	450
"RI"	2002	"NORTH SMITHFIELD"	2506	1376	769	550	169	719	1	435	303	756	289	456	745	443	179	733	455	244	699	424	0	700	498	214	712
"RI"	2002	"NORTH SMITHFIELD"	2507	0	4	2	2	4	1	3	1	4	1	3	4	2	0	4	3	1	4	4	0	4	4	0	4
"RI"	2002	"PAWTUCKET"	2601	385	85	70	8	78	1	71	7	82	59	23	82	63	5	78	66	8	74	64	0	77	73	8	81
"RI"	2002	"PAWTUCKET"	2602	919	406	318	61	379	1	280	113	401	232	167	399	261	64	392	298	78	376	263	0	375	328	60	388
"RI"	2002	"PAWTUCKET"	2603	504	189	159	21	180	1	154	31	186	136	50	186	146	21	181	140	31	171	152	0	178	164	19	183
"RI"	2002	"PAWTUCKET"	2604	553	164	139	16	155	1	138	19	163	124	36	160	115	19	153	132	21	153	122	0	155	136	18	154
"RI"	2002	"PAWTUCKET"	2605	1454	388	326	39	365	1	289	70	375	268	108	376	275	49	370	303	69	372	292	0	364	322	49	371
"RI"	2002	"PAWTUCKET"	2606	1498	629	486	112	598	1	414	184	622	319	296	615	364	117	609	462	137	599	396	0	592	465	143	608
"RI"	2002	"PAWTUCKET"	2607	1449	795	616	142	758	1	462	295	776	374	410	784	486	154	769	575	177	752	453	0	745	593	168	761
"RI"	2002	"PAWTUCKET"	2608	1483	854	707	115	822	1	563	241	835	497	345	842	495	138	824	640	160	800	465	0	803	646	167	813
"RI"	2002	"PAWTUCKET"	2609	1060	359	298	44	342	1	271	74	355	249	102	351	259	45	348	274	65	339	255	0	342	297	51	348
"RI"	2002	"PAWTUCKET"	2610	117	40	33	6	39	1	30	10	40	24	17	41	25	5	38	29	9	38	31	0	36	31	8	39
"RI"	2002	"PAWTUCKET"	2611	1564	793	657	99	756	1	552	175	774	496	274	770	501	109	756	610	123	733	488	0	732	614	135	749
"RI"	2002	"PAWTUCKET"	2612	1159	442	342	62	404	1	308	105	429	262	162	424	292	59	408	315	89	404	310	0	414	349	65	414
"RI"	2002	"PAWTUCKET"	2613	1102	400	325	34	359	1	325	52	382	307	80	387	320	29	381	339	30	369	310	0	370	351	31	382
"RI"	2002	"PAWTUCKET"	2614	90	28	21	6	27	1	22	4	27	18	8	26	18	5	27	20	7	27	19	0	26	24	4	28
"RI"	2002	"PAWTUCKET"	2615	191	84	69	10	79	1	65	18	84	53	29	82	59	15	82	67	12	79	66	0	79	67	13	80
"RI"	2002	"PAWTUCKET"	2616	1696	747	591	123	714	1	507	217	741	382	357	739	450	140	724	515	190	705	451	0	716	555	167	722
"RI"	2002	"PAWTUCKET"	2617	730	280	218	53	271	1	186	82	276	144	131	275	172	40	271	211	58	269	170	0	266	216	55	271
"RI"	2002	"PAWTUCKET"	2618	1643	562	460	80	540	1	407	133	552	328	220	548	359	79	543	428	109	537	369	0	519	434	101	535
"RI"	2002	"PAWTUCKET"	2619	1183	374	319	45	364	1	298	64	371	262	106	368	280	38	367	305	56	361	275	0	363	311	52	363
"RI"	2002	"PAWTUCKET"	2620	1342	460	361	82	443	1	297	136	451	263	190	453	276	78	449	346	90	436	315	0	442	345	93	438
"RI"	2002	"PAWTUCKET"	2621	1374	830	652	146	798	1	501	278	808	381	423	804	484	163	799	585	195	780	479	0	788	596	187	783
"RI"	2002	"PAWTUCKET"	2622	1486	667	553	96	649	1	471	179	662	350	300	650	447	93	653	479	153	632	437	0	638	524	127	651
"RI"	2002	"PAWTUCKET"	2623	1488	799	635	133	768	1	507	248	785	396	389	785	474	149	779	564	187	751	462	0	760	613	150	763
"RI"	2002	"PAWTUCKET"	2624	1488	621	486	107	593	1	419	177	611	339	270	609	377	101	600	457	132	589	389	0	587	472	115	587
"RI"	2002	"PAWTUCKET"	2625	1618	800	639	126	765	1	483	269	784	374	406	780	453	139	772	584	169	753	484	0	760	588	170	758
"RI"	2002	"PAWTUCKET"	2626	1968	1099	843	216	1059	1	632	420	1082	478	597	1075	624	213	1066	738	306	1044	626	0	1051	774	279	1053
"RI"	2002	"PAWTUCKET"	2627	1513	832	668	126	794	1	550	243	818	425	391	816	512	129	806	625	166	791	504	0	801	631	177	808
"RI"	2002	"PAWTUCKET"	2628	1377	736	594	106	700	1	503	207	722	388	335	723	465	110	711	557	137	694	467	0	700	568	141	709
"RI"	2002	"PAWTUCKET"	2629	1512	596	486	79	565	1	427	140	582	351	234	585	384	74	567	446	110	556	393	0	570	477	99	576
"RI"	2002	"PAWTUCKET"	2630	1269	490	396	68	464	1	318	134	472	284	200	484	283	82	467	357	98	455	313	0	465	386	85	471
"RI"	2002	"PAWTUCKET"	2631	1205	572	469	74	543	1	415	128	563	354	203	557	385	75	553	439	104	543	384	0	541	445	102	547
"RI"	2002	"PAWTUCKET"	2632	922	383	305	58	363	1	258	114	379	210	166	376	250	61	374	285	80	365	227	0	364	295	77	372
"RI"	2002	"PAWTUCKET"	2633	0	0	0	0	0	1	0	0	0	0	0	0	0	0	0	0	0	0	0	0	0	0	0	0
"RI"	2002	"PORTSMOUTH"	2701	158	105	69	34	103	1	54	47	102	44	58	102	29	23	101	56	41	97	39	0	90	57	41	98
"RI"	2002	"PORTSMOUTH"	2702	874	527	331	177	508	1	209	301	522	160	360	520	155	143	514	237	264	501	236	0	488	271	233	504
"RI"	2002	"PORTSMOUTH"	2703	1148	652	448	185	633	1	334	298	643	269	366	635	241	180	624	337	262	599	337	0	584	384	233	617
"RI"	2002	"PORTSMOUTH"	2704	989	592	432	140	572	1	304	265	585	258	320	578	216	117	578	332	221	553	314	0	536	374	187	561
"RI"	2002	"PORTSMOUTH"	2705	1088	580	419	134	553	1	300	255	572	276	291	567	220	113	564	338	200	538	338	0	527	377	176	553
"RI"	2002	"PORTSMOUTH"	2706	1325	791	546	216	762	1	384	374	778	320	449	769	299	215	775	411	314	725	409	0	707	480	270	750
"RI"	2002	"PORTSMOUTH"	2707	1266	826	535	251	786	1	340	445	810	259	552	811	276	287	795	382	377	759	357	0	737	428	349	777
"RI"	2002	"PORTSMOUTH"	2708	1093	589	428	143	571	1	282	288	582	220	360	580	246	153	573	303	239	542	318	0	537	363	186	549
"RI"	2002	"PORTSMOUTH"	2709	944	650	460	167	627	1	305	323	641	227	418	645	253	172	633	349	256	605	344	0	591	402	211	613
"RI"	2002	"PORTSMOUTH"	2710	1227	784	540	216	756	1	327	443	775	223	550	773	248	255	758	356	365	721	349	0	691	405	334	739
"RI"	2002	"PORTSMOUTH"	2711	977	598	424	157	581	1	287	293	587	222	366	588	227	177	581	314	247	561	276	0	528	355	215	570
"RI"	2002	"PORTSMOUTH"	2712	1199	753	509	218	727	1	332	409	747	247	500	747	247	231	735	376	330	706	335	0	673	411	296	707
"RI"	2002	"PORTSMOUTH"	2713	0	2	1	1	2	1	0	2	2	0	2	2	0	1	2	0	2	2	1	0	1	0	2	2
"RI"	2002	"PROVIDENCE"	2801	937	274	222	33	255	1	209	51	264	195	73	268	188	32	260	207	41	248	207	0	243	219	33	252
"RI"	2002	"PROVIDENCE"	2802	1219	356	286	48	334	1	260	78	348	238	112	350	234	29	334	271	54	325	240	0	333	288	46	334
"RI"	2002	"PROVIDENCE"	2803	1625	412	354	41	395	1	339	62	408	286	119	405	311	53	398	348	41	389	332	0	387	344	48	392
"RI"	2002	"PROVIDENCE"	2804	821	342	288	28	316	1	265	59	333	201	135	336	239	54	328	265	49	314	241	0	302	270	45	315
"RI"	2002	"PROVIDENCE"	2805	899	249	195	38	233	1	163	66	242	142	101	243	145	34	235	186	42	228	158	0	234	179	51	230
"RI"	2002	"PROVIDENCE"	2806	799	202	168	20	188	1	153	36	195	139	60	199	141	21	193	159	25	184	153	0	188	168	24	192
"RI"	2002	"PROVIDENCE"	2807	420	125	91	20	111	1	77	36	120	64	61	125	67	33	118	91	22	113	82	0	114	94	23	117
"RI"	2002	"PROVIDENCE"	2808	1733	604	510	72	582	1	413	137	581	389	202	591	319	89	584	470	93	563	332	0	556	451	115	566
"RI"	2002	"PROVIDENCE"	2809	206	14	11	3	14	2	9	3	14	9	4	13	8	2	14	10	4	14	8	0	14	10	4	14
"RI"	2002	"PROVIDENCE"	2810	66	18	15	2	17	2	16	2	18	13	5	18	14	0	18	16	2	18	14	0	18	14	3	17
"RI"	2002	"PROVIDENCE"	2811	736	228	176	36	212	2	183	25	211	147	77	224	131	47	212	167	37	204	136	0	204	168	40	208
"RI"	2002	"PROVIDENCE"	2812	402	120	94	16	110	2	97	12	111	78	38	116	71	17	116	95	14	109	78	0	110	94	18	112
"RI"	2002	"PROVIDENCE"	2813	1743	662	572	60	632	1	496	105	637	489	161	650	388	43	636	551	69	620	453	0	614	542	76	618
"RI"	2002	"PROVIDENCE"	2814	1178	430	389	31	420	1	331	55	416	316	106	422	246	40	409	364	43	407	283	0	397	357	41	398
"RI"	2002	"PROVIDENCE"	2815	1251	360	302	44	346	1	245	83	350	235	119	354	161	46	345	295	49	344	204	0	334	272	66	338
"RI"	2002	"PROVIDENCE"	2816	289	121	106	13	119	1	75	33	116	74	45	119	61	18	118	101	14	115	65	0	113	92	21	113
"RI"	2002	"PROVIDENCE"	2817	2161	391	319	41	360	1	284	54	364	301	79	380	166	37	353	317	38	355	236	0	339	294	52	346
"RI"	2002	"PROVIDENCE"	2818	2453	354	297	27	324	1	266	22	314	311	31	342	136	21	319	284	25	309	251	0	295	267	24	291
"RI"	2002	"PROVIDENCE"	2819	1330	474	402	62	464	1	282	162	471	258	216	474	246	90	457	380	76	456	229	0	459	317	129	446
"RI"	2002	"PROVIDENCE"	2820	2093	478	416	52	468	1	320	103	454	321	149	470	226	66	453	395	52	447	266	0	437	357	76	433
"RI"	2002	"PROVIDENCE"	2821	1423	508	427	68	495	1	322	142	491	304	199	503	240	81	482	411	75	486	244	0	477	358	121	479
"RI"	2002	"PROVIDENCE"	2822	1588	759	650	87	737	1	485	223	742	441	306	747	404	105	727	624	109	733	361	0	707	553	153	706
"RI"	2002	"PROVIDENCE"	2823	1477	702	587	93	680	1	430	207	679	375	320	695	354	109	683	580	96	676	370	0	658	514	133	647
"RI"	2002	"PROVIDENCE"	2824	207	92	84	7	91	1	64	20	89	64	26	90	50	8	89	81	10	91	49	0	85	72	14	86
"RI"	2002	"PROVIDENCE"	2825	646	165	134	24	158	1	103	52	160	93	70	163	81	32	158	131	26	157	83	0	151	112	43	155
"RI"	2002	"PROVIDENCE"	2826	1562	773	655	99	754	1	489	227	745	434	327	761	410	125	741	625	120	745	401	0	721	556	176	732
"RI"	2002	"PROVIDENCE"	2827	1156	662	496	139	635	1	330	275	634	283	366	649	327	183	637	492	150	642	264	0	600	421	212	633
"RI"	2002	"PROVIDENCE"	2828	1638	487	433	27	460	1	416	42	475	404	74	478	364	21	464	431	25	456	383	0	461	432	31	463
"RI"	2002	"PROVIDENCE"	2829	1651	585	528	34	562	1	461	68	564	470	104	574	343	37	567	508	47	555	371	0	547	487	60	547
"RI"	2002	"PROVIDENCE"	2830	1668	722	640	56	696	1	546	121	695	534	182	716	407	67	701	618	72	690	447	0	671	588	96	684
"RI"	2002	"PROVIDENCE"	2831	1471	643	579	44	623	1	486	106	617	477	157	634	376	57	628	544	63	607	417	0	615	535	70	605
"RI"	2002	"PROVIDENCE"	2832	1763	868	752	82	834	1	614	193	839	578	273	851	494	92	839	739	96	835	541	0	810	677	131	808
"RI"	2002	"PROVIDENCE"	2833	457	173	155	11	166	1	144	20	169	137	34	171	141	16	165	147	19	166	135	0	164	151	17	168
"RI"	2002	"PROVIDENCE"	2834	1978	847	698	98	796	1	595	210	822	500	336	836	588	154	822	672	122	794	618	0	796	671	132	803
"RI"	2002	"PROVIDENCE"	2835	2001	804	658	99	757	1	566	195	782	437	354	791	545	138	769	633	117	750	567	0	748	647	114	761
"RI"	2002	"PROVIDENCE"	2836	476	270	206	50	256	1	142	104	260	107	158	265	155	52	258	185	60	245	145	0	251	180	68	248
"RI"	2002	"PROVIDENCE"	2837	819	278	216	46	262	1	196	68	272	153	118	271	189	47	272	213	48	261	201	0	261	225	43	268
"RI"	2002	"PROVIDENCE"	2838	2078	565	429	112	541	1	325	204	551	248	310	558	327	129	549	394	140	534	363	0	528	413	124	537
"RI"	2002	"PROVIDENCE"	2839	1848	755	601	120	721	1	504	212	733	396	352	748	480	161	725	574	128	702	516	0	705	580	132	712
"RI"	2002	"PROVIDENCE"	2840	350	193	158	29	187	2	168	18	189	86	106	192	103	34	191	137	46	183	105	0	180	138	48	186
"RI"	2002	"PROVIDENCE"	2841	1655	639	523	86	609	2	525	76	610	377	250	627	433	102	621	497	101	598	431	0	604	499	113	612
"RI"	2002	"PROVIDENCE"	2842	1490	347	288	35	323	2	274	36	317	241	93	334	237	41	322	281	39	320	251	0	308	277	45	322
"RI"	2002	"PROVIDENCE"	2843	118	75	55	17	72	1	30	43	74	15	58	73	33	18	72	52	19	71	45	0	68	46	23	69
"RI"	2002	"PROVIDENCE"	2844	1190	582	459	100	559	1	356	202	568	268	305	573	360	121	565	448	101	549	373	0	553	447	106	553
"RI"	2002	"PROVIDENCE"	2845	767	458	349	87	436	2	369	66	443	168	279	447	276	102	446	345	88	433	264	0	440	345	101	446
"RI"	2002	"PROVIDENCE"	2846	175	107	79	19	98	2	84	17	101	41	65	106	67	24	102	66	29	95	65	0	97	75	23	98
"RI"	2002	"PROVIDENCE"	2847	1780	821	678	110	788	1	537	242	806	409	403	812	520	144	791	655	122	777	542	0	767	653	140	793
"RI"	2002	"PROVIDENCE"	2848	1459	810	618	156	774	1	462	305	792	367	431	798	447	173	784	602	175	777	484	0	773	596	178	774
"RI"	2002	"PROVIDENCE"	2849	1593	696	559	119	678	1	442	226	683	340	346	686	444	121	678	535	125	660	459	0	655	528	138	666
"RI"	2002	"PROVIDENCE"	2850	45	16	14	2	16	1	12	4	16	8	8	16	11	2	16	12	4	16	10	0	16	13	3	16
"RI"	2002	"PROVIDENCE"	2851	181	83	72	6	78	2	64	14	80	54	29	83	54	15	82	63	10	73	52	0	78	65	15	80
"RI"	2002	"PROVIDENCE"	2852	1567	553	464	62	526	2	461	58	526	318	230	548	370	89	529	420	89	509	395	0	514	423	92	515
"RI"	2002	"PROVIDENCE"	2853	1483	486	402	61	463	2	414	46	462	292	189	481	331	68	465	383	70	453	336	0	451	400	66	466
"RI"	2002	"PROVIDENCE"	2854	1032	260	215	34	249	2	215	30	252	156	98	254	180	35	255	208	37	245	184	0	246	217	34	251
"RI"	2002	"PROVIDENCE"	2855	33	6	5	1	6	2	5	1	6	6	0	6	5	0	6	4	2	6	4	0	6	6	0	6
"RI"	2002	"PROVIDENCE"	2856	812	195	164	22	186	2	161	16	183	132	58	190	139	23	188	161	21	182	143	0	184	167	22	189
"RI"	2002	"PROVIDENCE"	2857	307	77	61	15	76	2	57	18	76	33	44	77	40	22	77	55	21	76	38	0	72	51	24	75
"RI"	2002	"PROVIDENCE"	2858	114	33	25	3	28	2	21	6	27	20	11	31	16	6	29	20	3	23	22	0	24	19	4	23
"RI"	2002	"PROVIDENCE"	2859	184	38	34	3	37	2	33	4	38	29	9	38	31	2	38	32	4	36	34	0	38	28	8	36
"RI"	2002	"PROVIDENCE"	2860	344	99	76	20	96	2	75	22	97	48	50	98	65	24	99	78	20	98	54	0	92	75	22	97
"RI"	2002	"PROVIDENCE"	2861	1594	393	315	40	355	2	305	34	349	241	144	385	212	65	362	279	63	342	255	0	337	298	55	353
"RI"	2002	"PROVIDENCE"	2862	1878	456	363	47	410	2	369	36	413	290	152	442	270	63	425	347	58	405	301	0	404	351	59	410
"RI"	2002	"PROVIDENCE"	2863	1752	517	431	56	487	2	422	49	484	312	195	507	313	82	503	404	75	479	346	0	484	409	72	481
"RI"	2002	"PROVIDENCE"	2864	806	241	205	22	227	2	210	13	228	184	52	236	174	26	228	208	19	227	193	0	226	211	21	232
"RI"	2002	"PROVIDENCE"	2865	762	167	140	4	144	2	135	4	143	137	22	159	134	8	144	136	8	144	135	0	142	141	9	150
"RI"	2002	"PROVIDENCE"	2866	1541	477	401	55	456	2	402	57	464	338	129	467	348	58	462	402	55	457	362	0	450	401	56	457
"RI"	2002	"PROVIDENCE"	2867	234	52	45	6	51	2	47	4	51	33	18	51	38	4	51	39	9	48	38	0	49	41	9	50
"RI"	2002	"PROVIDENCE"	2868	1566	429	387	22	409	2	374	25	408	365	58	423	344	21	400	369	31	400	358	0	394	375	28	403
"RI"	2002	"PROVIDENCE"	2869	1615	596	528	33	561	2	514	33	556	469	113	582	378	40	560	507	47	554	417	0	534	486	52	538
"RI"	2002	"PROVIDENCE"	2870	409	74	65	5	70	2	56	6	65	56	16	72	47	8	70	55	8	63	50	0	66	58	8	66
"RI"	2002	"PROVIDENCE"	2871	767	231	198	20	218	2	199	16	219	173	56	229	144	24	215	192	21	213	166	0	206	195	20	215
"RI"	2002	"PROVIDENCE"	2872	910	369	319	36	355	2	317	35	355	261	101	362	267	43	356	309	43	352	293	0	352	312	45	357
"RI"	2002	"PROVIDENCE"	2873	196	97	75	16	91	2	78	11	91	63	27	90	60	12	93	72	15	87	66	0	89	72	18	90
"RI"	2002	"PROVIDENCE"	2874	2010	878	728	109	837	2	727	90	833	599	268	867	606	108	842	711	123	834	611	0	822	711	126	837
"RI"	2002	"PROVIDENCE"	2875	1459	388	330	25	355	2	331	22	355	317	64	381	309	39	361	326	35	361	322	0	356	332	30	362
"RI"	2002	"PROVIDENCE"	2876	1368	401	361	23	384	2	353	21	376	349	45	394	332	33	381	355	25	380	355	0	373	353	26	379
"RI"	2002	"PROVIDENCE"	2877	228	61	50	4	54	2	54	4	58	49	9	58	49	4	58	52	4	56	49	0	55	53	3	56
"RI"	2002	"PROVIDENCE"	2878	290	102	83	4	87	2	85	2	89	87	11	98	78	3	88	83	4	87	79	0	88	90	4	94
"RI"	2002	"PROVIDENCE"	2879	311	69	56	8	64	2	61	4	65	51	17	68	49	8	61	52	11	63	49	0	59	60	5	65
"RI"	2002	"PROVIDENCE"	2880	1358	621	547	36	583	2	530	42	580	500	110	610	488	41	586	535	41	576	497	0	574	543	43	586
"RI"	2002	"PROVIDENCE"	2881	1470	589	502	20	522	2	490	19	522	525	50	575	463	23	524	497	31	528	472	0	523	499	32	531
"RI"	2002	"PROVIDENCE"	2882	1598	606	514	23	537	2	505	27	542	510	75	585	456	40	543	510	30	540	489	0	537	512	29	541
"RI"	2002	"PROVIDENCE"	2883	1221	394	326	24	350	2	316	22	346	323	55	378	277	31	349	326	24	350	313	0	351	333	24	357
"RI"	2002	"PROVIDENCE"	2884	507	141	124	4	128	2	122	7	129	121	15	136	100	8	130	118	7	125	112	0	128	119	7	126
"RI"	2002	"PROVIDENCE"	2885	810	208	187	13	200	2	186	14	202	172	33	205	164	16	204	182	17	199	175	0	198	186	18	204
"RI"	2002	"PROVIDENCE"	2886	1242	533	441	33	474	2	431	32	474	429	78	507	404	38	470	427	36	463	425	0	465	440	40	480
"RI"	2002	"PROVIDENCE"	2887	1044	365	315	31	346	2	310	31	346	279	85	364	286	28	350	311	33	344	294	0	349	318	32	350
"RI"	2002	"PROVIDENCE"	2888	1301	416	368	20	388	2	353	24	387	357	53	410	347	26	392	368	26	394	345	0	379	366	28	394
"RI"	2002	"PROVIDENCE"	2889	1386	456	397	18	415	2	396	14	416	411	35	446	363	18	409	392	13	405	380	0	405	394	17	411
"RI"	2002	"PROVIDENCE"	2890	995	318	284	14	298	2	271	15	292	275	38	313	270	16	299	274	18	292	268	0	288	285	14	299
"RI"	2002	"PROVIDENCE"	2891	589	176	158	9	167	2	154	8	165	155	19	174	146	10	167	153	11	164	153	0	166	156	9	165
"RI"	2002	"PROVIDENCE"	2892	1618	706	580	85	665	2	578	79	667	396	294	690	486	102	671	567	91	658	519	0	665	569	100	669
"RI"	2002	"PROVIDENCE"	2893	1494	394	343	33	376	2	338	27	375	274	111	385	298	39	373	319	50	369	311	0	369	335	38	373
"RI"	2002	"PROVIDENCE"	2894	1007	406	334	48	382	2	337	38	383	220	180	400	251	89	378	299	64	363	283	0	369	320	58	378
"RI"	2002	"PROVIDEMCE 2895"	2895	1296	431	370	36	406	2	359	37	405	269	156	425	313	51	410	352	48	400	323	0	398	347	54	401
"RI"	2002	"PROVIDENCE"	2896	937	315	267	34	301	2	264	34	304	205	104	309	225	47	301	257	41	298	247	0	291	255	41	296
"RI"	2002	"PROVIDENCE"	2897	164	57	52	5	57	2	49	5	55	48	9	57	46	8	56	50	6	56	52	0	54	52	4	56
"RI"	2002	"PROVIDENCE"	2898	0	1	1	0	1	1	1	0	1	1	0	1	1	0	1	1	0	1	0	0	1	1	0	1
"RI"	2002	"PROVIDENCE"	2899	0	3	2	0	2	2	2	0	2	1	1	2	2	0	3	2	0	2	2	0	2	2	0	2
"RI"	2002	"RICHMOND"	2901	746	364	228	124	352	2	202	145	353	131	227	358	131	104	355	185	148	333	143	0	328	199	141	340
"RI"	2002	"RICHMOND"	2902	1307	605	423	160	583	2	357	225	587	253	343	596	263	171	589	325	237	562	296	0	549	379	189	568
"RI"	2002	"RICHMOND"	2903	1577	828	618	188	806	2	538	252	809	385	434	819	360	188	805	497	274	771	436	0	767	542	239	781
"RI"	2002	"RICHMOND"	2904	1223	662	474	167	641	2	412	224	648	307	350	657	277	192	646	372	247	619	311	0	601	417	216	633
"RI"	2002	"RICHMOND"	2905	0	1	1	0	1	2	1	0	1	0	1	1	1	0	1	0	1	1	0	0	1	0	1	1
"RI"	2002	"SCITUATE"	3001	1452	941	610	301	911	2	599	306	913	291	639	930	414	336	909	437	450	887	438	0	821	511	382	893
"RI"	2002	"SCITUATE"	3002	1192	734	484	233	717	2	494	220	719	261	463	724	291	294	716	388	311	699	361	0	641	429	276	705
"RI"	2002	"SCITUATE"	3003	1503	977	580	378	958	2	568	375	957	264	700	964	378	400	966	441	500	941	412	0	841	480	463	943
"RI"	2002	"SCITUATE"	3004	1641	1044	674	354	1028	2	681	337	1030	320	715	1035	442	365	1026	508	492	1000	468	0	924	589	412	1001
"RI"	2002	"SCITUATE"	3005	1355	848	553	271	824	2	543	269	828	269	570	839	343	307	827	428	373	801	424	0	753	495	317	812
"RI"	2002	"SCITUATE"	3006	0	0	0	0	0	2	0	0	0	0	0	0	0	0	0	0	0	0	0	0	0	0	0	0
"RI"	2002	"SMITHFIELD"	3101	1150	682	516	148	664	1	325	336	670	223	455	678	415	163	668	432	216	648	378	0	634	459	199	658
"RI"	2002	"SMITHFIELD"	3102	1624	858	623	204	827	1	461	359	840	361	480	841	513	191	844	548	265	813	523	0	801	586	231	817
"RI"	2002	"SMITHFIELD"	3103	1117	642	441	174	615	1	310	315	639	227	407	634	385	154	634	389	221	610	337	0	593	434	185	619
"RI"	2002	"SMITHFIELD"	3104	1621	858	654	172	826	1	450	366	842	382	465	847	525	172	841	546	256	802	473	0	795	582	230	812
"RI"	2002	"SMITHFIELD"	3105	1267	683	484	185	669	1	342	322	679	241	432	673	381	180	672	401	253	654	378	0	623	433	220	653
"RI"	2002	"SMITHFIELD"	3106	1746	971	723	215	938	1	469	460	953	373	590	963	622	200	956	595	327	922	533	0	911	652	284	936
"RI"	2002	"SMITHFIELD"	3107	1644	874	629	220	849	1	425	412	860	315	544	859	514	219	861	516	304	820	444	0	808	560	274	834
"RI"	2002	"SMITHFIELD"	3108	1083	637	425	193	618	1	259	355	627	219	409	628	311	197	629	349	261	610	309	0	593	354	264	618
"RI"	2002	"SMITHFIELD"	3109	1670	959	715	213	928	1	493	428	946	373	575	948	587	216	945	617	289	906	554	0	905	646	273	919
"RI"	2002	"SMITHFIELD"	3110	1234	508	361	125	486	1	217	268	502	193	308	501	271	123	493	301	175	476	256	0	472	316	167	483
"RI"	2002	"SMITHFIELD"	3111	0	1	1	0	1	1	0	0	1	0	1	1	1	0	1	0	1	1	1	0	1	1	0	1
"RI"	2002	"SOUTH KINGSTOWN"	3201	1533	868	643	196	839	2	599	223	836	359	501	860	352	246	836	533	272	805	378	0	803	543	277	820
"RI"	2002	"SOUTH KINGSTOWN"	3202	1706	949	740	189	929	2	716	206	927	458	483	941	447	249	915	620	269	889	455	0	877	618	274	892
"RI"	2002	"SOUTH KINGSTOWN"	3203	1317	746	582	135	717	2	555	155	715	322	412	734	359	172	718	490	200	690	369	0	687	486	206	692
"RI"	2002	"SOUTH KINGSTOWN"	3204	1796	889	687	164	851	2	671	166	849	467	409	876	430	170	857	596	217	813	458	0	823	611	212	823
"RI"	2002	"SOUTH KINGSTOWN"	3205	2084	196	145	38	183	2	140	38	181	93	94	187	69	45	180	125	47	172	88	0	175	121	53	174
"RI"	2002	"SOUTH KINGSTOWN"	3206	1613	986	747	206	953	2	701	244	957	404	565	969	445	253	953	613	311	924	496	0	922	658	274	932
"RI"	2002	"SOUTH KINGSTOWN"	3207	1347	858	641	197	838	2	630	195	835	336	514	850	371	230	827	533	264	797	392	0	804	553	254	807
"RI"	2002	"SOUTH KINGSTOWN"	3208	1293	767	562	183	745	2	530	200	740	341	413	754	314	194	747	439	284	723	330	0	701	474	241	715
"RI"	2002	"SOUTH KINGSTOWN"	3209	1847	1074	800	245	1045	2	756	269	1035	469	589	1058	452	283	1033	660	334	994	534	0	982	672	326	998
"RI"	2002	"SOUTH KINGSTOWN"	3210	1409	887	640	218	858	2	604	244	862	310	570	880	394	252	861	550	283	833	397	0	836	552	296	848
"RI"	2002	"SOUTH KINGSTOWN"	3211	1016	630	465	151	616	2	431	173	614	254	366	620	302	177	610	390	206	596	291	0	583	397	199	596
"RI"	2002	"SOUTH KINGSTOWN"	3212	1766	1014	700	275	975	2	654	305	980	406	595	1001	427	276	976	603	338	941	425	0	933	602	348	950
"RI"	2002	"SOUTH KINGSTOWN"	3213	0	0	0	0	0	2	0	0	0	0	0	0	0	0	0	0	0	0	0	0	0	0	0	0
"RI"	2002	"TIVERTON"	3301	1810	935	576	310	886	1	360	527	913	324	597	921	287	285	908	467	402	869	413	0	836	508	359	867
"RI"	2002	"TIVERTON"	3302	1056	448	335	86	421	1	293	136	441	232	204	436	237	92	437	301	116	417	287	0	407	319	96	415
"RI"	2002	"TIVERTON"	3303	1531	754	560	152	712	1	459	266	741	417	322	739	401	128	722	476	214	690	468	0	679	513	181	694
"RI"	2002	"TIVERTON"	3304	1790	840	597	210	807	1	457	353	829	404	422	826	402	191	811	495	266	761	471	0	751	522	247	769
"RI"	2002	"TIVERTON"	3305	1441	663	478	153	631	1	386	253	654	337	309	646	325	145	632	428	183	611	385	0	580	455	152	607
"RI"	2002	"TIVERTON"	3306	637	244	178	49	227	1	149	83	241	140	99	239	126	45	232	159	66	225	154	0	224	167	62	229
"RI"	2002	"TIVERTON"	3307	1102	450	303	123	426	1	234	191	441	208	233	441	198	121	433	263	160	423	246	0	400	250	158	408
"RI"	2002	"TIVERTON"	3308	1784	915	608	260	868	1	423	444	901	374	526	900	358	240	876	504	341	845	461	0	824	533	302	835
"RI"	2002	"TIVERTON"	3309	0	3	2	1	3	1	1	2	3	0	3	3	1	1	3	1	2	3	2	0	3	1	2	3
"RI"	2002	"WARREN"	3401	1386	568	440	103	543	1	339	189	555	272	287	559	164	64	552	238	308	546	345	0	516	394	138	532
"RI"	2002	"WARREN"	3402	1542	727	544	143	687	1	420	273	712	353	355	708	203	83	711	283	416	699	430	0	660	509	174	683
"RI"	2002	"WARREN"	3403	1210	740	566	135	701	1	465	250	729	376	349	725	274	92	722	325	390	715	464	0	674	551	149	700
"RI"	2002	"WARREN"	3404	1682	935	678	222	900	1	467	438	921	371	550	921	278	128	913	332	580	912	542	0	873	604	280	884
"RI"	2002	"WARREN"	3405	1103	690	485	172	657	1	363	300	677	288	388	676	198	111	676	271	385	656	370	0	624	447	206	653
"RI"	2002	"WARREN"	3406	0	0	0	0	0	1	0	0	0	0	0	0	0	0	0	0	0	0	0	0	0	0	0	0
"RI"	2002	"WARWICK"	3501	1043	644	515	111	626	2	538	91	632	331	305	636	351	124	628	434	173	607	328	0	608	466	154	620
"RI"	2002	"WARWICK"	3502	1038	560	439	101	540	2	445	90	544	268	285	553	313	123	536	371	159	530	327	0	518	393	136	529
"RI"	2002	"WARWICK"	3503	1323	903	668	209	877	2	689	190	883	305	582	887	463	233	878	576	284	860	439	0	837	605	265	870
"RI"	2002	"WARWICK"	3504	963	580	429	140	569	2	443	119	565	216	359	575	284	156	569	358	195	553	284	0	545	380	174	554
"RI"	2002	"WARWICK"	3505	1347	851	652	172	824	2	681	145	835	327	513	840	465	187	831	554	248	802	465	0	813	578	240	818
"RI"	2002	"WARWICK"	3506	975	659	484	157	641	2	521	128	652	194	460	654	305	213	643	402	226	628	307	0	619	443	195	638
"RI"	2002	"WARWICK"	3507	1258	658	529	115	644	2	533	106	649	306	337	643	375	143	646	449	180	629	376	0	623	471	169	640
"RI"	2002	"WARWICK"	3508	324	214	172	29	201	2	176	27	208	115	95	210	138	32	207	157	43	200	134	0	202	157	50	207
"RI"	2002	"WARWICK"	3509	559	252	199	48	247	2	207	39	248	104	143	247	152	46	245	175	66	241	146	0	239	186	57	243
"RI"	2002	"WARWICK"	3510	1372	720	574	132	706	2	581	123	712	322	391	713	433	156	704	487	198	685	414	0	667	520	176	696
"RI"	2002	"WARWICK"	3511	1352	786	611	149	760	2	617	136	765	376	396	772	454	162	765	552	198	750	460	0	745	586	173	759
"RI"	2002	"WARWICK"	3512	1295	566	455	100	555	2	456	90	551	266	298	564	351	121	554	400	144	544	357	0	532	428	123	551
"RI"	2002	"WARWICK"	3513	736	503	373	110	483	2	395	92	491	183	316	499	276	145	488	305	172	477	244	0	466	312	170	482
"RI"	2002	"WARWICK"	3514	1049	559	444	104	548	2	439	102	548	227	328	555	329	132	551	390	144	534	337	0	534	424	122	546
"RI"	2002	"WARWICK"	3515	1454	921	670	226	896	2	698	193	900	341	574	915	449	247	892	532	328	860	449	0	858	592	289	881
"RI"	2002	"WARWICK"	3516	1046	643	483	138	621	2	486	136	628	261	368	629	324	193	626	407	194	601	364	0	589	427	188	615
"RI"	2002	"WARWICK"	3517	827	386	277	87	364	2	295	71	373	184	198	382	236	78	373	245	112	357	228	0	342	259	99	358
"RI"	2002	"WARWICK"	3518	1126	633	514	110	624	2	516	101	628	278	347	625	372	131	620	438	165	603	385	0	600	463	148	611
"RI"	2002	"WARWICK"	3519	628	353	283	64	347	2	274	70	345	146	202	348	196	86	339	229	105	334	205	0	318	251	89	340
"RI"	2002	"WARWICK"	3520	1700	960	742	186	928	2	766	162	938	432	515	947	573	171	929	667	238	905	600	0	900	699	216	915
"RI"	2002	"WARWICK"	3521	1501	809	655	138	793	2	660	131	798	346	447	793	476	175	785	551	216	767	497	0	756	587	188	775
"RI"	2002	"WARWICK"	3522	1513	858	670	170	840	2	670	158	836	369	478	847	476	220	840	559	256	815	523	0	804	602	217	819
"RI"	2002	"WARWICK"	3523	1455	823	664	142	806	2	667	128	810	364	448	812	489	167	803	573	213	786	502	0	782	590	211	801
"RI"	2002	"WARWICK"	3524	1380	658	490	144	634	2	503	129	643	301	347	648	329	131	639	431	183	614	386	0	618	450	180	630
"RI"	2002	"WARWICK"	3525	387	200	137	55	192	2	154	41	198	90	110	200	111	51	196	121	70	191	111	0	190	134	59	193
"RI"	2002	"WARWICK"	3526	416	224	177	42	219	2	165	49	217	100	121	221	101	58	222	154	59	213	135	0	212	155	61	216
"RI"	2002	"WARWICK"	3527	1197	637	517	101	618	2	536	85	625	323	302	625	370	109	619	458	141	599	404	0	601	467	144	611
"RI"	2002	"WARWICK"	3528	1477	734	545	164	709	2	575	130	714	312	408	720	419	173	712	473	214	687	438	0	683	507	187	694
"RI"	2002	"WARWICK"	3529	1561	833	647	159	806	2	660	151	815	393	430	823	452	189	811	559	228	787	524	0	783	595	201	796
"RI"	2002	"WARWICK"	3530	1127	641	480	138	618	2	490	126	623	244	387	631	306	154	620	407	196	603	347	0	599	416	203	619
"RI"	2002	"WARWICK"	3531	897	569	359	192	551	2	385	168	559	141	424	565	206	215	551	311	227	538	241	0	523	311	234	545
"RI"	2002	"WARWICK"	3532	1663	753	607	119	726	2	597	115	733	395	351	746	426	129	727	524	178	702	477	0	710	555	161	716
"RI"	2002	"WARWICK"	3533	668	326	252	65	317	2	267	47	319	158	162	320	186	61	318	223	78	301	206	0	303	236	72	308
"RI"	2002	"WARWICK"	3534	1100	611	463	133	596	2	493	100	595	278	326	604	366	123	594	414	163	577	371	0	578	446	140	586
"RI"	2002	"WARWICK"	3535	918	575	481	82	563	2	469	80	560	328	238	566	372	89	561	426	121	547	386	0	551	460	99	559
"RI"	2002	"WARWICK"	3536	1145	465	380	75	455	2	386	68	458	250	210	460	292	94	462	329	115	444	323	0	444	359	90	449
"RI"	2002	"WARWICK"	3537	1514	926	657	239	896	2	690	199	897	323	588	911	447	256	900	565	298	863	488	0	884	615	271	886
"RI"	2002	"WARWICK"	3538	1095	624	451	154	605	2	491	116	611	224	392	616	364	150	606	416	173	589	340	0	580	442	155	597
"RI"	2002	"WARWICK"	3539	1372	727	551	158	709	2	584	125	714	299	420	719	417	159	706	482	202	684	416	0	679	522	169	691
"RI"	2002	"WARWICK"	3540	1593	806	572	208	780	2	582	199	796	273	528	801	398	219	795	474	293	767	417	0	752	504	272	776
"RI"	2002	"WARWICK"	3541	456	197	138	53	191	2	136	52	194	76	118	194	94	50	191	113	70	183	104	0	178	116	69	185
"RI"	2002	"WARWICK"	3542	1208	647	442	180	622	2	441	181	628	200	443	643	243	214	619	371	230	601	242	0	588	373	242	615
"RI"	2002	"WARWICK"	3543	817	565	404	146	550	2	396	149	553	181	373	554	218	180	551	320	216	536	259	0	524	348	199	547
"RI"	2002	"WARWICK"	3544	694	197	145	46	191	2	148	45	195	82	114	196	110	55	191	123	63	186	114	0	186	129	59	188
"RI"	2002	"WARWICK"	3545	971	563	422	126	548	2	431	114	554	222	335	557	277	168	542	353	178	531	269	0	512	364	175	539
"RI"	2002	"WARWICK"	3546	1248	700	506	179	685	2	517	168	690	280	411	691	390	227	687	445	221	666	367	0	617	463	213	676
"RI"	2002	"WARWICK"	3547	1399	816	624	177	801	2	624	171	799	280	533	813	417	236	801	485	287	772	407	0	771	543	242	785
"RI"	2002	"WARWICK"	3548	1533	982	707	246	953	2	716	242	963	257	721	978	455	323	956	565	352	917	417	0	907	598	340	938
"RI"	2002	"WARWICK"	3549	1236	678	480	174	654	2	492	161	658	199	471	670	316	243	649	379	252	631	297	0	611	402	235	637
"RI"	2002	"WARWICK"	3550	597	348	228	109	337	2	232	106	338	94	252	346	135	154	341	176	155	331	142	0	314	206	129	335
"RI"	2002	"WARWICK"	3551	983	555	406	132	538	2	416	121	544	172	381	553	253	190	540	319	199	518	291	0	526	370	169	539
"RI"	2002	"WARWICK"	3552	1221	582	456	110	566	2	457	107	569	254	323	577	345	158	573	399	159	558	342	0	532	426	135	561
"RI"	2002	"WARWICK"	3553	1091	669	467	180	647	2	474	165	645	246	416	662	304	244	641	377	248	625	331	0	607	424	217	641
"RI"	2002	"WARWICK"	3554	0	7	3	1	4	2	3	1	4	2	3	5	4	0	5	1	3	4	2	0	5	3	1	4
"RI"	2002	"WESTERLY"	3601	1109	590	413	164	577	2	389	177	573	227	355	582	282	200	572	321	229	550	324	0	537	371	181	552
"RI"	2002	"WESTERLY"	3602	1168	630	415	188	603	2	434	169	608	254	371	625	274	243	598	307	270	577	337	0	559	367	213	580
"RI"	2002	"WESTERLY"	3603	1288	731	486	216	702	2	465	221	700	271	452	723	330	287	699	362	305	667	401	0	642	393	280	673
"RI"	2002	"WESTERLY"	3604	1285	674	393	254	647	2	361	265	635	224	440	664	239	334	642	266	356	622	309	0	578	323	296	619
"RI"	2002	"WESTERLY"	3605	1133	670	460	185	645	2	450	187	646	250	409	659	308	264	639	355	257	612	368	0	601	389	221	610
"RI"	2002	"WESTERLY"	3606	1097	568	380	164	544	2	428	117	552	243	318	561	291	195	550	342	185	527	346	0	507	374	146	520
"RI"	2002	"WESTERLY"	3607	1243	553	404	132	536	2	396	124	526	252	289	541	276	165	522	325	173	498	318	0	484	353	143	496
"RI"	2002	"WESTERLY"	3608	1210	451	328	105	433	2	323	101	427	234	208	442	255	116	426	280	133	413	270	0	385	302	108	410
"RI"	2002	"WESTERLY"	3609	1145	546	374	138	512	2	379	133	519	248	283	531	292	170	507	331	166	497	328	0	473	364	133	497
"RI"	2002	"WESTERLY"	3610	1270	596	426	136	562	2	427	122	555	304	277	581	301	179	556	344	185	529	340	0	530	382	152	534
"RI"	2002	"WESTERLY"	3611	1241	445	315	102	417	2	304	106	423	217	214	431	229	130	419	280	126	406	278	0	398	307	101	408
"RI"	2002	"WESTERLY"	3612	984	356	257	90	347	2	261	81	345	169	181	350	185	108	345	199	129	328	222	0	324	238	98	336
"RI"	2002	"WESTERLY"	3613	1196	635	432	169	601	2	431	166	609	258	367	625	283	232	595	335	238	573	361	0	572	379	196	575
"RI"	2002	"WESTERLY"	3614	761	304	206	76	282	2	191	85	286	139	162	301	156	85	285	180	90	270	181	0	270	193	84	277
"RI"	2002	"WESTERLY"	3615	0	0	0	0	0	2	0	0	0	0	0	0	0	0	0	0	0	0	0	0	0	0	0	0
"RI"	2002	"WEST GREENWICH"	3701	1321	790	489	283	772	2	468	283	767	258	523	781	280	267	775	393	349	742	384	0	712	466	279	745
"RI"	2002	"WEST GREENWICH"	3702	1566	899	617	251	868	2	613	256	877	336	555	891	402	285	873	498	344	842	454	0	802	554	300	854
"RI"	2002	"WEST GREENWICH"	3703	542	324	193	118	311	2	196	116	317	87	236	323	118	132	313	157	146	303	140	0	287	178	123	301
"RI"	2002	"WEST GREENWICH"	3704	0	1	1	0	1	2	1	0	1	1	0	1	1	0	1	1	0	1	0	0	1	1	0	1
"RI"	2002	"WEST WARWICK"	3801	2009	840	633	181	814	2	658	159	826	425	402	827	458	221	823	548	248	796	532	0	786	620	192	812
"RI"	2002	"WEST WARWICK"	3802	406	185	153	28	181	2	140	37	182	82	101	183	103	42	183	131	48	179	108	0	178	148	33	181
"RI"	2002	"WEST WARWICK"	3803	950	385	280	90	370	2	286	76	375	181	200	381	208	94	378	252	119	371	225	0	365	268	105	373
"RI"	2002	"WEST WARWICK"	3804	1836	707	572	114	686	2	574	106	693	385	312	697	400	163	693	485	187	672	449	0	662	522	161	683
"RI"	2002	"WEST WARWICK"	3805	1394	500	378	109	487	2	381	100	490	264	230	494	257	159	492	330	147	477	325	0	467	365	118	483
"RI"	2002	"WEST WARWICK"	3806	1934	878	659	198	857	2	664	182	854	406	465	871	464	260	858	576	258	834	518	0	797	599	248	847
"RI"	2002	"WEST WARWICK"	3807	1423	509	391	105	496	2	404	87	499	270	233	503	286	124	498	363	120	483	330	0	477	376	116	492
"RI"	2002	"WEST WARWICK"	3808	1267	646	496	135	631	2	498	124	633	294	346	640	330	199	632	411	198	609	418	0	613	461	162	623
"RI"	2002	"WEST WARWICK"	3809	1333	686	518	138	656	2	531	119	660	299	377	676	394	184	670	444	198	642	406	0	623	492	162	654
"RI"	2002	"WEST WARWICK"	3810	1030	462	362	87	449	2	362	81	451	205	253	458	257	131	452	315	128	443	290	0	435	315	134	449
"RI"	2002	"WEST WARWICK"	3811	186	157	121	32	153	2	118	35	154	60	95	155	89	44	156	98	55	153	92	0	146	110	41	151
"RI"	2002	"WEST WARWICK"	3812	1288	571	446	113	559	2	440	115	562	238	323	561	302	175	566	370	173	543	355	0	538	402	153	555
"RI"	2002	"WEST WARWICK"	3813	2175	902	691	186	877	2	672	188	871	366	519	885	460	281	881	580	269	849	487	0	833	600	269	869
"RI"	2002	"WEST WARWICK"	3814	1676	777	609	144	753	2	590	151	757	310	461	771	394	247	758	485	240	725	501	0	730	531	212	743
"RI"	2002	"WEST WARWICK"	3815	1336	648	479	161	640	2	493	142	640	219	419	638	272	243	635	393	219	612	379	0	613	443	185	628
"RI"	2002	"WEST WARWICK"	3816	0	6	3	3	6	2	3	2	5	2	4	6	2	2	5	2	4	6	2	0	5	3	3	6
"RI"	2002	"WOONSOCKET"	3901	1558	477	363	89	452	1	336	123	470	246	219	465	294	103	455	319	116	435	319	0	440	332	111	443
"RI"	2002	"WOONSOCKET"	3902	1159	449	382	37	419	1	383	60	447	277	160	437	343	48	436	368	54	422	349	0	420	373	51	424
"RI"	2002	"WOONSOCKET"	3903	1646	571	466	65	531	1	444	98	560	340	224	564	389	89	546	436	103	539	404	0	527	442	93	535
"RI"	2002	"WOONSOCKET"	3904	1494	714	530	148	678	1	411	278	707	307	396	703	390	178	687	442	227	669	416	0	656	494	186	680
"RI"	2002	"WOONSOCKET"	3905	1067	416	334	53	387	1	316	84	409	235	175	410	273	64	398	301	78	379	288	0	392	320	71	391
"RI"	2002	"WOONSOCKET"	3906	596	281	224	48	272	1	208	69	280	144	135	279	183	52	274	193	71	264	189	0	265	205	65	270
"RI"	2002	"WOONSOCKET"	3907	978	314	230	63	293	1	236	69	306	165	145	310	204	61	300	228	66	294	219	0	297	225	69	294
"RI"	2002	"WOONSOCKET"	3908	1499	508	410	71	481	1	365	122	501	272	231	503	327	85	499	348	130	478	347	0	475	382	97	479
"RI"	2002	"WOONSOCKET"	3909	1546	763	565	158	723	1	503	233	752	335	411	746	447	169	742	489	213	702	454	0	707	544	180	724
"RI"	2002	"WOONSOCKET"	3910	1653	701	553	107	660	1	508	179	695	316	369	685	458	131	683	508	146	654	477	0	658	535	133	668
"RI"	2002	"WOONSOCKET"	3911	1330	654	514	106	620	1	478	152	645	317	330	647	424	116	638	457	151	608	427	0	611	500	117	617
"RI"	2002	"WOONSOCKET"	3912	1674	680	539	104	643	1	493	171	672	304	369	673	409	137	660	480	162	642	446	0	643	501	145	646
"RI"	2002	"WOONSOCKET"	3913	1593	696	568	98	666	1	531	156	694	348	334	682	459	120	671	497	155	652	469	0	659	539	125	664
"RI"	2002	"WOONSOCKET"	3914	1341	758	557	165	722	1	493	242	749	281	471	752	404	208	732	477	220	697	443	0	700	503	209	712
"RI"	2002	"WOONSOCKET"	3915	1151	465	393	58	451	1	338	113	459	225	231	456	316	81	456	334	98	432	299	0	438	370	77	447
"RI"	2002	"WOONSOCKET"	3916	1717	560	442	101	543	1	402	137	551	277	272	549	350	116	549	393	133	526	385	0	531	427	111	538
"RI"	2002	"WOONSOCKET"	3917	0	1	0	1	1	1	0	1	1	0	1	1	0	0	1	0	1	1	0	0	1	0	1	1
