state	year	county	precinct	g2010_USS_rv	g2010_USS_tv	g2010_USH_dv	g2010_USH_rv	g2010_USH_tv	g2010_GOV_dv	g2010_GOV_rv	g2010_GOV_tv	g2010_SOS_dv	g2010_SOS_rv	g2010_SOS_tv	g2010_ATG_dv	g2010_ATG_rv	g2010_ATG_tv
"SD"	2010	"Aurora"	"1"	198	198	105	137	242	98	169	267	85	159	244	75	183	258
"SD"	2010	"Aurora"	"2"	107	107	71	76	147	54	101	155	54	88	142	50	98	148
"SD"	2010	"Aurora"	"3"	192	192	183	125	308	172	154	326	146	151	297	141	176	317
"SD"	2010	"Aurora"	"4"	56	56	37	34	71	34	42	76	27	44	71	20	52	72
"SD"	2010	"Aurora"	"5"	89	89	82	53	135	61	81	142	57	62	119	55	78	133
"SD"	2010	"Aurora"	"6"	72	72	40	49	89	30	66	96	32	52	84	29	61	90
"SD"	2010	"Aurora"	"7"	212	212	189	119	308	143	175	318	136	149	285	118	193	311
"SD"	2010	"Beadle"	"W1"	754	754	535	453	988	455	590	1045	451	475	926	357	682	1039
"SD"	2010	"Beadle"	"W1-1(06)"														
"SD"	2010	"Beadle"	"W1-2(06)"														
"SD"	2010	"Beadle"	"W2"	611	611	499	358	857	467	456	923	471	345	816	364	545	909
"SD"	2010	"Beadle"	"W3"	550	550	419	303	722	354	426	780	364	335	699	252	518	770
"SD"	2010	"Beadle"	"W4(06)"														
"SD"	2010	"Beadle"	"W5(06)"														
"SD"	2010	"Beadle"	"W6(06)"														
"SD"	2010	"Beadle"	"W7-1"	407	407	291	257	548	258	333	591	239	278	517	182	400	582
"SD"	2010	"Beadle"	"W7-2"	567	567	386	350	736	284	489	773	290	415	705	181	577	758
"SD"	2010	"Beadle"	"W8-1"	539	539	390	319	709	310	434	744	298	373	671	204	530	734
"SD"	2010	"Beadle"	"W8-2"	504	504	350	297	647	255	417	672	259	349	608	179	480	659
"SD"	2010	"Beadle"	"W9(06)"														
"SD"	2010	"Beadle"	"W10(08)"														
"SD"	2010	"Beadle"	"W11(08)"														
"SD"	2010	"Beadle"	"W12"	595	595	452	355	807	378	473	851	355	418	773	205	635	840
"SD"	2010	"Beadle"	"W13(06)"														
"SD"	2010	"Beadle"	"W14(08)"														
"SD"	2010	"Beadle"	"W15"	194	194	62	160	222	56	173	229	54	160	214	49	177	226
"SD"	2010	"Beadle"	"W16(06)"														
"SD"	2010	"Beadle"	"W17"	176	176	157	89	246	135	140	275	130	103	233	92	178	270
"SD"	2010	"Beadle"	"W18(08)"														
"SD"	2010	"Bennett"	"Allen"	121	121	155	52	207	121	82	203	119	58	177	129	73	202
"SD"	2010	"Bennett"	"Martin City"	247	247	178	154	332	142	208	350	134	181	315	124	222	346
"SD"	2010	"Bennett"	"Martin Rural 26"	90	90	60	65	125	48	81	129	41	71	112	38	89	127
"SD"	2010	"Bennett"	"Martin Rural 27"	135	135	77	113	190	76	120	196	57	108	165	51	138	189
"SD"	2010	"Bennett"	"Tuthill"	80	80	14	70	84	13	76	89	15	65	80	9	77	86
"SD"	2010	"Bennett"	"Vetal"	55	55	18	45	63	15	52	67	13	40	53	10	50	60
"SD"	2010	"Bennett"	"Ward 1(08)"														
"SD"	2010	"Bennett"	"Ward 2(08)"														
"SD"	2010	"Bennett"	"Ward 3(08)"														
"SD"	2010	"Bon Homme"	"1"	434	434	238	299	537	220	370	590	214	313	527	180	384	564
"SD"	2010	"Bon Homme"	"2"	338	338	192	231	423	185	273	458	155	269	424	132	306	438
"SD"	2010	"Bon Homme"	"3"	441	441	373	249	622	354	317	671	314	294	608	293	347	640
"SD"	2010	"Bon Homme"	"4"	285	285	293	155	448	263	221	484	275	152	427	238	206	444
"SD"	2010	"Bon Homme"	"5"	467	467	238	331	569	235	372	607	208	339	547	187	399	586
"SD"	2010	"Brookings"	"1-Tompkins Alumni Center"	379	379	290	203	493	204	325	529	213	214	427	189	262	451
"SD"	2010	"Brookings"	"2-First Lutheran Church"	492	492	479	237	716	380	392	772	388	287	675	339	376	715
"SD"	2010	"Brookings"	"3-City Hall"	483	483	468	237	705	346	405	751	356	292	648	336	371	707
"SD"	2010	"Brookings"	"4-Ascension Lutheran Church"	891	891	844	466	1310	601	772	1373	620	612	1232	510	779	1289
"SD"	2010	"Brookings"	"5-Bethel Baptist Church"	1242	1242	1152	622	1774	780	1073	1853	847	799	1646	689	1068	1757
"SD"	2010	"Brookings"	"6-United Church of Christ"	992	992	817	530	1347	552	857	1409	603	660	1263	447	896	1343
"SD"	2010	"Brookings"	"8-Medary Township"	445	445	331	261	592	226	392	618	235	325	560	188	394	582
"SD"	2010	"Brookings"	"9-White Area"	444	444	291	266	557	218	376	594	205	323	528	165	397	562
"SD"	2010	"Brookings"	"10-Bruce Area"	406	406	228	257	485	175	355	530	192	284	476	152	361	513
"SD"	2010	"Brookings"	"11-Aurora Area"	396	396	313	204	517	235	327	562	234	258	492	225	324	549
"SD"	2010	"Brookings"	"12-Sinai Area"	169	169	107	93	200	86	141	227	82	116	198	68	150	218
"SD"	2010	"Brookings"	"13-Brookings Township"	147	147	117	84	201	76	129	205	83	101	184	64	134	198
"SD"	2010	"Brookings"	"14-Volga Area"	781	781	512	404	916	368	642	1010	378	529	907	292	659	951
"SD"	2010	"Brookings"	"15-Laketon & Winsor Twps."	116	116	93	62	155	75	89	164	72	70	142	57	95	152
"SD"	2010	"Brookings"	"16-Elkton Area"	338	338	153	221	374	149	280	429	152	221	373	130	280	410
"SD"	2010	"Brown"	"Alexander Mitchell Library"	308	308	252	192	444	196	267	463	190	216	406	170	266	436
"SD"	2010	"Brown"	"Avera-Midland Campus"	573	573	377	375	752	281	510	791	284	436	720	252	517	769
"SD"	2010	"Brown"	"Claremont Fire Station"	111	111	135	49	184	96	94	190	99	74	173	89	89	178
"SD"	2010	"Brown"	"Columbia American Legion"	259	259	220	143	363	175	204	379	173	166	339	139	230	369
"SD"	2010	"Brown"	"Courthouse Community Rm 4"	346	346	301	189	490	221	294	515	232	235	467	213	285	498
"SD"	2010	"Brown"	"Courthouse Community Rm 8"	477	477	439	240	679	328	391	719	342	280	622	322	365	687
"SD"	2010	"Brown"	"Frederick Community Center"	150	150	166	72	238	136	118	254	134	89	223	123	124	247
"SD"	2010	"Brown"	"Groton Community Center"	635	635	582	321	903	405	519	924	435	393	828	350	522	872
"SD"	2010	"Brown"	"Hecla Community Center"	167	167	221	67	288	160	130	290	167	90	257	148	121	269
"SD"	2010	"Brown"	"Hub Area Vocational Ctr"	638	638	444	384	828	297	563	860	339	452	791	233	596	829
"SD"	2010	"Brown"	"Northern Electric Coop"	408	408	281	242	523	188	352	540	196	298	494	161	356	517
"SD"	2010	"Brown"	"Primrose Gym"	846	846	623	525	1148	449	740	1189	518	561	1079	449	702	1151
"SD"	2010	"Brown"	"School/Blind & Visually Imp 10"	430	430	372	241	613	276	365	641	279	282	561	235	376	611
"SD"	2010	"Brown"	"School/Blind & Visually Imp 16"	265	265	181	160	341	126	230	356	141	194	335	105	236	341
"SD"	2010	"Brown"	"Senior Citizens Ctr"	937	937	695	560	1255	466	838	1304	505	675	1180	401	838	1239
"SD"	2010	"Brown"	"Stratford Community Center"	158	158	141	86	227	100	137	237	115	101	216	97	128	225
"SD"	2010	"Brown"	"Super City Plaza 11"	604	604	520	361	881	377	528	905	410	397	807	358	502	860
"SD"	2010	"Brown"	"Super City Plaza 7"	784	784	559	479	1038	374	705	1079	425	557	982	330	695	1025
"SD"	2010	"Brown"	"Warner Community Center"	336	336	348	169	517	238	297	535	268	202	470	225	284	509
"SD"	2010	"Brown"	"Washington St. Gym 1"	811	811	676	492	1168	487	728	1215	523	558	1081	445	705	1150
"SD"	2010	"Brown"	"Washington St. Gym 2"	467	467	411	275	686	310	403	713	331	323	654	279	412	691
"SD"	2010	"Brown"	"Westport Town Hall"	152	152	156	90	246	130	128	258	135	94	229	125	124	249
"SD"	2010	"Brule"	"1"	791	791	557	484	1041	413	676	1089	521	487	1008	350	714	1064
"SD"	2010	"Brule"	"2"	308	308	244	183	427	228	245	473	239	181	420	174	279	453
"SD"	2010	"Brule"	"3"	259	259	140	171	311	126	215	341	156	152	308	107	228	335
"SD"	2010	"Brule"	"4"	64	64	19	77	96	17	86	103	21	52	73	20	79	99
"SD"	2010	"Brule"	"5"	103	103	57	56	113	43	79	122	56	58	114	23	97	120
"SD"	2010	"Buffalo"	"Elvira"	69	69	51	51	102	48	55	103	34	60	94	20	76	96
"SD"	2010	"Buffalo"	"Pershing"	40	40	44	22	66	40	26	66	45	21	66	26	40	66
"SD"	2010	"Buffalo"	"Victory"	99	99	256	18	274	235	43	278	229	27	256	224	50	274
"SD"	2010	"Butte"	"Castle Rock Precinct 06"	35	35	4	32	36	10	25	35	3	32	35	2	35	37
"SD"	2010	"Butte"	"Fruitdale Precinct 17"	394	394	132	330	462	144	341	485	109	319	428	109	364	473
"SD"	2010	"Butte"	"Minnesela Precinct 16"	298	298	75	253	328	101	246	347	63	238	301	62	274	336
"SD"	2010	"Butte"	"Newell City Precinct 20"	180	180	97	122	219	95	138	233	61	124	185	59	172	231
"SD"	2010	"Butte"	"Nisland Precinct 18"	136	136	58	107	165	66	114	180	49	93	142	52	127	179
"SD"	2010	"Butte"	"Orman Precinct 12"	66	66	20	57	77	21	56	77	19	45	64	15	60	75
"SD"	2010	"Butte"	"Romans Precinct 11"	52	52	4	52	56	8	49	57	5	48	53	2	55	57
"SD"	2010	"Butte"	"Union Precinct 08 (Including: Horsecreek Precinct 13, Newell Independent Precinct 14)"	292	292	90	239	329	125	234	359	83	218	301	63	288	351
"SD"	2010	"Butte"	"Ward 1 Precinct 21"	128	128	74	87	161	52	115	167	59	72	131	58	94	152
"SD"	2010	"Butte"	"Ward 1 Precinct 22"	150	150	77	108	185	65	138	203	56	103	159	63	129	192
"SD"	2010	"Butte"	"Ward 2 Precinct 23"	153	153	58	125	183	46	139	185	40	118	158	35	142	177
"SD"	2010	"Butte"	"Ward 2 Precinct 24"	212	212	83	166	249	74	187	261	53	156	209	49	199	248
"SD"	2010	"Butte"	"Ward 3 Precinct 25"	91	91	31	69	100	21	86	107	18	83	101	14	92	106
"SD"	2010	"Butte"	"Ward 3 Precinct 26"	355	355	135	282	417	111	318	429	88	288	376	76	340	416
"SD"	2010	"Butte"	"Ward 4 Precinct 27"	123	123	47	101	148	54	110	164	40	98	138	34	121	155
"SD"	2010	"Butte"	"Ward 4 Precinct 28"	310	310	143	227	370	102	279	381	93	250	343	83	285	368
"SD"	2010	"Campbell"	"1"	149	149	69	109	178	53	135	188	47	118	165	39	142	181
"SD"	2010	"Campbell"	"2"	126	126	59	81	140	18	129	147	24	108	132	20	126	146
"SD"	2010	"Campbell"	"3"	122	122	50	89	139	31	106	137	20	110	130	21	113	134
"SD"	2010	"Campbell"	"4"	110	110	62	73	135	30	116	146	39	85	124	20	119	139
"SD"	2010	"Campbell"	"5"	135	135	61	100	161	34	130	164	31	119	150	19	136	155
"SD"	2010	"Charles Mix"	"1"	303	303	187	217	404	173	251	424	153	221	374	158	217	375
"SD"	2010	"Charles Mix"	"2"	125	125	87	84	171	74	114	188	83	92	175	85	94	179
"SD"	2010	"Charles Mix"	"3"	324	324	282	178	460	255	249	504	249	217	466	234	244	478
"SD"	2010	"Charles Mix"	"4"	92	92	117	41	158	101	63	164	92	63	155	103	63	166
"SD"	2010	"Charles Mix"	"5"	264	264	191	169	360	160	212	372	141	209	350	144	218	362
"SD"	2010	"Charles Mix"	"6"	146	146	192	74	266	167	104	271	135	121	256	148	120	268
"SD"	2010	"Charles Mix"	"7"	84	84	43	53	96	32	72	104	24	75	99	28	74	102
"SD"	2010	"Charles Mix"	"8"	132	132	79	88	167	59	115	174	44	126	170	50	114	164
"SD"	2010	"Charles Mix"	"9"	292	292	109	233	342	81	267	348	66	268	334	81	261	342
"SD"	2010	"Charles Mix"	"10"	86	86	23	73	96	17	81	98	16	79	95	22	74	96
"SD"	2010	"Charles Mix"	"11"	542	542	215	413	628	180	481	661	132	510	642	143	499	642
"SD"	2010	"Charles Mix"	"12"	82	82	62	54	116	56	66	122	33	83	116	47	71	118
"SD"	2010	"Charles Mix"	"13"	46	46	33	33	66	36	32	68	32	33	65	28	40	68
"SD"	2010	"Clark"	"Ash, Woodland, Garfield"	53	53	38	33	71	36	39	75	32	38	70	31	43	74
"SD"	2010	"Clark"	"Blaine, Cottonwood, Sp Val, War"	94	94	78	56	134	64	77	141	60	60	120	53	79	132
"SD"	2010	"Clark"	"City of Clark Ward I"	129	129	96	106	202	85	125	210	84	98	182	64	133	197
"SD"	2010	"Clark"	"City of Clark Ward II"	111	111	63	77	140	62	90	152	48	79	127	46	99	145
"SD"	2010	"Clark"	"City of Clark Ward III, Lincoln"	162	162	115	106	221	97	136	233	92	106	198	76	144	220
"SD"	2010	"Clark"	"Elrod, Foxton, Merton, Town of"	78	78	54	51	105	45	69	114	36	62	98	36	78	114
"SD"	2010	"Clark"	"Lake, Washington, Collins"	90	90	57	56	113	68	59	127	55	56	111	38	84	122
"SD"	2010	"Clark"	"Mt Pleasant, Day, Darlington"	73	73	38	55	93	40	64	104	40	51	91	29	66	95
"SD"	2010	"Clark"	"Mt Pleasant, Day, Darlington, Elrod, Foxton, Merton, Town of(06)"														
"SD"	2010	"Clark"	"Raymond Twp, Logan, Fordham, To"	78	78	59	46	105	43	71	114	55	56	111	39	73	112
"SD"	2010	"Clark"	"Richland, Hague, Rosedale"	69	69	61	25	86	45	49	94	48	37	85	29	60	89
"SD"	2010	"Clark"	"Thorp, Maydell, Eden, Town of G"	86	86	46	61	107	39	73	112	48	58	106	35	75	110
"SD"	2010	"Clark"	"Town of Vienna, Pleasant"	51	51	23	35	58	20	45	65	16	42	58	16	48	64
"SD"	2010	"Clark"	"Town of Willow Lake"	116	116	59	66	125	58	82	140	54	69	123	34	101	135
"SD"	2010	"Clay"	"Central 1"	96	96	165	50	215	133	87	220	155	53	208	122	85	207
"SD"	2010	"Clay"	"Central 2"	129	129	151	76	227	138	94	232	150	66	216	135	84	219
"SD"	2010	"Clay"	"Irene City(06)"														
"SD"	2010	"Clay"	"Northeast 1"	166	166	143	104	247	127	127	254	144	97	241	108	130	238
"SD"	2010	"Clay"	"Northeast 2"	150	150	132	76	208	96	111	207	116	70	186	97	92	189
"SD"	2010	"Clay"	"Northwest 1"	240	240	305	138	443	245	222	467	296	134	430	227	203	430
"SD"	2010	"Clay"	"Northwest 2"	229	229	205	133	338	160	190	350	216	122	338	147	180	327
"SD"	2010	"Clay"	"Rural Ward 1"	259	259	175	184	359	172	202	374	196	161	357	138	224	362
"SD"	2010	"Clay"	"Rural Ward 2"	233	233	197	131	328	167	190	357	198	117	315	146	190	336
"SD"	2010	"Clay"	"Rural Ward 3"	516	516	497	325	822	415	455	870	519	313	832	374	449	823
"SD"	2010	"Clay"	"Southeast 1"	392	392	433	235	668	343	349	692	452	222	674	306	345	651
"SD"	2010	"Clay"	"Southeast 2"	346	346	399	190	589	343	275	618	419	170	589	292	278	570
"SD"	2010	"Clay"	"Str/Bt Wakond(04)"														
"SD"	2010	"Codington"	"Dexter"	50	50	40	29	69	44	32	76	40	28	68	33	42	75
"SD"	2010	"Codington"	"Eden, Phipps, Wallace"	72	72	51	44	95	49	52	101	45	47	92	38	64	102
"SD"	2010	"Codington"	"Elmira"	135	135	90	88	178	65	119	184	68	103	171	51	129	180
"SD"	2010	"Codington"	"Fuller - Florence"	165	165	113	102	215	113	132	245	120	99	219	107	121	228
"SD"	2010	"Codington"	"Germantown"	40	40	53	22	75	47	34	81	51	18	69	52	25	77
"SD"	2010	"Codington"	"Graceland, Henry, Henry"	134	134	71	103	174	75	115	190	68	100	168	65	120	185
"SD"	2010	"Codington"	"Kampeska Township"	107	107	70	61	131	57	85	142	64	63	127	44	83	127
"SD"	2010	"Codington"	"Kranzburg Twp. & Village"	175	175	104	120	224	96	146	242	95	121	216	81	149	230
"SD"	2010	"Codington"	"Lake Township"	220	220	114	167	281	96	194	290	84	173	257	84	202	286
"SD"	2010	"Codington"	"Leola - South Shore"	89	89	69	53	122	64	69	133	69	50	119	56	74	130
"SD"	2010	"Codington"	"Pelican"	199	199	103	133	236	85	172	257	91	139	230	80	169	249
"SD"	2010	"Codington"	"Rauville"	79	79	67	50	117	58	69	127	58	54	112	48	71	119
"SD"	2010	"Codington"	"Richland"	51	51	36	41	77	33	46	79	28	38	66	26	46	72
"SD"	2010	"Codington"	"Sheridan"	146	146	80	100	180	65	122	187	62	106	168	50	133	183
"SD"	2010	"Codington"	"Ward A Precinct 1 (Including: Ward A Precinct 4)"	846	846	417	573	990	309	723	1032	311	636	947	244	738	982
"SD"	2010	"Codington"	"Ward A Precinct 2"	389	389	221	261	482	168	334	502	176	286	462	127	354	481
"SD"	2010	"Codington"	"Ward A Precinct 3"	430	430	295	261	556	257	326	583	254	273	527	205	352	557
"SD"	2010	"Codington"	"Ward B Precinct 1"	383	383	196	277	473	162	328	490	158	287	445	124	354	478
"SD"	2010	"Codington"	"Ward B Precinct 2"	513	513	336	333	669	271	437	708	266	364	630	239	436	675
"SD"	2010	"Codington"	"Ward B Precinct 3 (Including: Ward B Precinct 4)"	393	393	212	264	476	178	327	505	154	313	467	131	363	494
"SD"	2010	"Codington"	"Ward C Precinct 1"	72	72	57	40	97	44	64	108	48	47	95	46	58	104
"SD"	2010	"Codington"	"Ward C Precinct 2"	134	134	96	81	177	79	117	196	85	90	175	85	108	193
"SD"	2010	"Codington"	"Ward C Precinct 3"	388	388	323	213	536	255	317	572	252	241	493	242	303	545
"SD"	2010	"Codington"	"Ward C Precinct 4"	149	149	91	96	187	82	125	207	87	95	182	73	118	191
"SD"	2010	"Codington"	"Ward D Precinct 1"	289	289	218	192	410	189	249	438	187	200	387	152	258	410
"SD"	2010	"Codington"	"Ward D Precinct 2"	233	233	181	149	330	154	193	347	153	155	308	147	193	340
"SD"	2010	"Codington"	"Ward D Precinct 3"	245	245	193	153	346	147	212	359	153	164	317	136	212	348
"SD"	2010	"Codington"	"Ward D Precinct 4"	109	109	90	68	158	85	87	172	89	61	150	89	74	163
"SD"	2010	"Codington"	"Ward E Precinct 1"	320	320	226	204	430	193	274	467	202	207	409	185	266	451
"SD"	2010	"Codington"	"Ward E Precinct 2"	171	171	107	112	219	77	152	229	85	124	209	76	144	220
"SD"	2010	"Codington"	"Ward E Precinct 3"	537	537	226	410	636	186	485	671	184	447	631	126	525	651
"SD"	2010	"Codington"	"Ward E Precinct 4"	192	192	94	154	248	78	183	261	77	162	239	69	186	255
"SD"	2010	"Codington"	"Waverly"	49	49	44	29	73	47	32	79	40	31	71	30	46	76
"SD"	2010	"Corson"	"Archambault Precinct"	16	16	6	11	17	8	10	18	5	9	14	9	9	18
"SD"	2010	"Corson"	"Bullhead Precinct"	26	26	44	4	48	34	15	49	39	5	44	45	5	50
"SD"	2010	"Corson"	"Butte Precinct"	37	37	41	17	58	39	18	57	40	10	50	40	18	58
"SD"	2010	"Corson"	"Cadillac Precinct"	34	34	15	22	37	17	29	46	15	21	36	16	28	44
"SD"	2010	"Corson"	"Grand Valley Precinct"	54	54	10	49	59	20	39	59	13	38	51	11	48	59
"SD"	2010	"Corson"	"Kenel Precinct"	16	16	49	3	52	43	6	49	46	2	48	48	3	51
"SD"	2010	"Corson"	"Liberty Precinct"	21	21	5	22	27	12	15	27	8	16	24	4	23	27
"SD"	2010	"Corson"	"Lincoln Precinct"	52	52	27	46	73	28	48	76	28	33	61	28	48	76
"SD"	2010	"Corson"	"Little Eagle Precinct"	41	41	50	13	63	46	22	68	44	14	58	50	18	68
"SD"	2010	"Corson"	"Little Oak Precinct"	41	41	11	35	46	8	39	47	12	32	44	8	38	46
"SD"	2010	"Corson"	"McIntosh Precinct"	60	60	45	30	75	40	43	83	29	35	64	34	47	81
"SD"	2010	"Corson"	"Mission Precinct"	6	6	22	0	22	18	3	21	17	3	20	20	2	22
"SD"	2010	"Corson"	"Morristown Precinct"	59	59	30	42	72	32	51	83	25	40	65	29	50	79
"SD"	2010	"Corson"	"NcUbtoah Precinct(06)"														
"SD"	2010	"Corson"	"Ridgeland Precinct"	41	41	16	31	47	14	36	50	20	27	47	16	34	50
"SD"	2010	"Corson"	"South McLaughlin City Precinct"	37	37	31	23	54	26	27	53	24	23	47	25	27	52
"SD"	2010	"Corson"	"Wakpala Precinct"	14	14	39	2	41	30	8	38	28	5	33	39	3	42
"SD"	2010	"Corson"	"Watauga Precinct"	22	22	9	12	21	11	16	27	9	13	22	13	13	26
"SD"	2010	"Custer"	"Bear Rock 9"	796	796	333	638	971	355	683	1038	290	605	895	284	712	996
"SD"	2010	"Custer"	"Buffalo Gap 3"	117	117	54	96	150	63	105	168	50	91	141	53	110	163
"SD"	2010	"Custer"	"Custer 6"	173	173	112	134	246	124	143	267	108	116	224	92	157	249
"SD"	2010	"Custer"	"Custer 7"	270	270	136	184	320	136	220	356	112	196	308	116	226	342
"SD"	2010	"Custer"	"Custer 8"	228	228	116	145	261	120	169	289	95	158	253	85	195	280
"SD"	2010	"Custer"	"Elk Mountain 10"	99	99	23	80	103	22	93	115	19	69	88	20	87	107
"SD"	2010	"Custer"	"Fairburn 2"	97	97	29	84	113	31	90	121	23	74	97	24	98	122
"SD"	2010	"Custer"	"Hermosa 1"	624	624	201	534	735	201	573	774	166	476	642	166	579	745
"SD"	2010	"Custer"	"Pringle 4"	199	199	96	154	250	99	167	266	86	140	226	90	164	254
"SD"	2010	"Custer"	"Sentinel Hill 5"	415	415	178	329	507	191	355	546	154	313	467	132	400	532
"SD"	2010	"Davison"	"Badg,Perry,N 1/2 Mit Twp"	394	394	189	282	471	148	341	489	158	278	436	99	375	474
"SD"	2010	"Davison"	"Bak,Blen,Mtv,Un Twp"	275	275	147	187	334	128	215	343	124	194	318	95	237	332
"SD"	2010	"Davison"	"Beul,Lis,Pros,S 1/2 Mit Twp"	526	526	273	352	625	207	443	650	199	382	581	151	482	633
"SD"	2010	"Davison"	"Prec 1 (Including: Prec 3)"	267	267	179	156	335	143	217	360	144	182	326	105	236	341
"SD"	2010	"Davison"	"Prec 2"	138	138	109	76	185	88	103	191	90	76	166	69	114	183
"SD"	2010	"Davison"	"Prec 4"	218	218	161	124	285	118	183	301	141	131	272	111	181	292
"SD"	2010	"Davison"	"Prec 5"	291	291	223	154	377	150	246	396	180	180	360	124	260	384
"SD"	2010	"Davison"	"Prec 6"	118	118	84	64	148	73	90	163	65	75	140	62	95	157
"SD"	2010	"Davison"	"Prec 7"	213	213	162	117	279	141	160	301	128	141	269	105	188	293
"SD"	2010	"Davison"	"Prec 8"	205	205	123	127	250	106	166	272	109	132	241	89	181	270
"SD"	2010	"Davison"	"Prec 10"	240	240	150	147	297	116	197	313	123	162	285	92	213	305
"SD"	2010	"Davison"	"Prec 11 (Including: Prec 13)"	284	284	193	169	362	129	245	374	153	184	337	123	241	364
"SD"	2010	"Davison"	"Prec 12"	111	111	85	72	157	77	92	169	72	77	149	66	97	163
"SD"	2010	"Davison"	"Prec 14"	189	189	104	125	229	72	171	243	83	131	214	71	168	239
"SD"	2010	"Davison"	"Prec 15"	208	208	140	129	269	120	171	291	120	142	262	107	180	287
"SD"	2010	"Davison"	"Prec 16"	261	261	169	169	338	120	229	349	129	177	306	99	231	330
"SD"	2010	"Davison"	"Prec 17"	314	314	198	220	418	172	269	441	169	240	409	118	312	430
"SD"	2010	"Davison"	"Prec 18"	230	230	146	134	280	107	186	293	118	155	273	92	193	285
"SD"	2010	"Davison"	"Prec 19"	243	243	142	154	296	105	199	304	93	188	281	65	235	300
"SD"	2010	"Davison"	"Prec 20"	581	581	323	401	724	238	498	736	225	438	663	150	568	718
"SD"	2010	"Davison"	"Rome,Tobin,Ethn"	174	174	137	108	245	110	154	264	116	121	237	104	147	251
"SD"	2010	"Day"	"1"	153	153	144	98	242	117	136	253	118	114	232	120	126	246
"SD"	2010	"Day"	"2"	149	149	154	88	242	135	121	256	128	112	240	120	128	248
"SD"	2010	"Day"	"3"	110	110	98	52	150	78	74	152	71	73	144	65	85	150
"SD"	2010	"Day"	"4"	107	107	109	53	162	86	81	167	82	66	148	73	85	158
"SD"	2010	"Day"	"5"	156	156	146	94	240	129	127	256	132	91	223	126	113	239
"SD"	2010	"Day"	"6"	154	154	164	83	247	135	117	252	136	96	232	126	116	242
"SD"	2010	"Day"	"7"	108	108	108	60	168	98	83	181	106	63	169	92	83	175
"SD"	2010	"Day"	"8"	71	71	84	43	127	74	61	135	76	45	121	63	68	131
"SD"	2010	"Day"	"9"	116	116	101	68	169	99	82	181	87	68	155	89	90	179
"SD"	2010	"Day"	"10"	75	75	55	45	100	44	59	103	42	49	91	34	65	99
"SD"	2010	"Day"	"11"	117	117	127	59	186	117	80	197	105	73	178	104	86	190
"SD"	2010	"Day"	"12"	117	117	138	64	202	104	97	201	110	77	187	102	95	197
"SD"	2010	"Day"	"13"	96	96	105	58	163	92	78	170	87	59	146	89	79	168
"SD"	2010	"Day"	"14"	144	144	135	72	207	105	125	230	109	96	205	103	116	219
"SD"	2010	"Deuel"	"Alt., Portland, Alt."	64	64	52	40	92	42	51	93	41	42	83	37	54	91
"SD"	2010	"Deuel"	"Ant. Valley, Lowe"	51	51	45	30	75	43	33	76	39	28	67	29	41	70
"SD"	2010	"Deuel"	"Blom, Grange, Toronto"	141	141	121	73	194	101	114	215	100	86	186	94	115	209
"SD"	2010	"Deuel"	"Clear Lake WD 1"	117	117	94	64	158	78	94	172	73	81	154	70	92	162
"SD"	2010	"Deuel"	"Clear Lake WD 2"	119	119	75	79	154	70	96	166	65	77	142	48	109	157
"SD"	2010	"Deuel"	"Clear Lake WD 3"	132	132	105	71	176	79	114	193	90	84	174	74	108	182
"SD"	2010	"Deuel"	"Glenwood, Herrick, Gary"	175	175	108	120	228	103	147	250	107	111	218	85	152	237
"SD"	2010	"Deuel"	"Goodwin, Rome, Goodwin"	133	133	92	90	182	76	117	193	80	94	174	63	123	186
"SD"	2010	"Deuel"	"Hav., CL, Hidewood"	185	185	103	121	224	100	155	255	101	122	223	75	168	243
"SD"	2010	"Deuel"	"Norden, Brandt, Brandt"	206	206	135	119	254	111	163	274	114	134	248	85	173	258
"SD"	2010	"Deuel"	"Scandi, Astoria"	104	104	69	70	139	50	100	150	63	73	136	50	90	140
"SD"	2010	"Dewey"	"EAGLE BUTTE EAST"	99	99	184	24	208	157	52	209	157	25	182	157	47	204
"SD"	2010	"Dewey"	"EB SOUTH"	147	147	229	41	270	185	87	272	200	51	251	186	86	272
"SD"	2010	"Dewey"	"EB WEST GREEN GRASS"	90	90	99	37	136	80	54	134	84	41	125	81	53	134
"SD"	2010	"Dewey"	"FIRESTEEL"	48	48	35	29	64	30	44	74	32	24	56	25	43	68
"SD"	2010	"Dewey"	"GLENCROSS"	38	38	17	20	37	7	34	41	6	28	34	1	36	37
"SD"	2010	"Dewey"	"ISABEL"	111	111	49	71	120	66	53	119	41	74	115	27	101	128
"SD"	2010	"Dewey"	"LAPLANT"	16	16	30	5	35	27	8	35	24	5	29	22	11	33
"SD"	2010	"Dewey"	"NO HEART (Including: EB NORTH)"	130	130	166	62	228	140	88	228	144	62	206	134	94	228
"SD"	2010	"Dewey"	"PROMISE"	22	22	35	12	47	29	16	45	30	10	40	31	17	48
"SD"	2010	"Dewey"	"SWIFTBIRD"	19	19	39	10	49	33	13	46	35	6	41	34	15	49
"SD"	2010	"Dewey"	"TIMBER LAKE"	183	183	130	105	235	82	167	249	98	104	202	75	156	231
"SD"	2010	"Dewey"	"TRAIL CITY"	22	22	5	17	22	1	23	24	1	21	22	0	24	24
"SD"	2010	"Dewey"	"WHITE HORSE"	18	18	52	9	61	45	16	61	51	7	58	45	16	61
"SD"	2010	"Douglas"	"1"	309	309	65	269	334	42	302	344	42	285	327	40	288	328
"SD"	2010	"Douglas"	"2"	279	279	104	212	316	90	242	332	71	234	305	58	260	318
"SD"	2010	"Douglas"	"3"	240	240	91	193	284	79	224	303	62	208	270	56	233	289
"SD"	2010	"Douglas"	"4"	271	271	147	179	326	116	233	349	87	234	321	95	238	333
"SD"	2010	"Douglas"	"5"	261	261	82	230	312	69	254	323	60	234	294	53	260	313
"SD"	2010	"Edmunds"	"1"	292	292	183	194	377	132	273	405	139	228	367	126	266	392
"SD"	2010	"Edmunds"	"2"	274	274	202	177	379	158	243	401	179	191	370	141	249	390
"SD"	2010	"Edmunds"	"3"	128	128	77	90	167	62	114	176	55	102	157	45	122	167
"SD"	2010	"Edmunds"	"4"	53	53	35	37	72	31	43	74	34	31	65	31	38	69
"SD"	2010	"Edmunds"	"5"	142	142	115	89	204	92	128	220	98	99	197	88	121	209
"SD"	2010	"Edmunds"	"6"	129	129	80	71	151	63	99	162	65	79	144	52	101	153
"SD"	2010	"Edmunds"	"7"	257	257	142	180	322	112	231	343	99	211	310	92	231	323
"SD"	2010	"Fall River"	"Ardmor(04)"														
"SD"	2010	"Fall River"	"Argentine"	81	81	19	75	94	26	70	96	12	70	82	16	77	93
"SD"	2010	"Fall River"	"Beaver"	71	71	17	72	89	29	63	92	16	63	79	14	76	90
"SD"	2010	"Fall River"	"Cascade"	105	105	38	90	128	42	93	135	34	85	119	32	102	134
"SD"	2010	"Fall River"	"Cottonwood"	47	47	12	42	54	16	38	54	9	33	42	4	46	50
"SD"	2010	"Fall River"	"Edgemont 1"	89	89	35	65	100	34	77	111	26	67	93	30	78	108
"SD"	2010	"Fall River"	"Edgemont 2"	86	86	47	62	109	52	66	118	36	52	88	41	70	111
"SD"	2010	"Fall River"	"Edgemont 3"	86	86	39	62	101	43	73	116	26	62	88	31	76	107
"SD"	2010	"Fall River"	"Hot Springs 1"	176	176	91	130	221	79	156	235	75	121	196	79	143	222
"SD"	2010	"Fall River"	"Hot Springs 2A"	231	231	116	179	295	123	191	314	99	176	275	103	199	302
"SD"	2010	"Fall River"	"Hot Springs 2B"	130	130	83	96	179	84	108	192	70	95	165	76	115	191
"SD"	2010	"Fall River"	"Hot Springs 3"	305	305	185	202	387	150	265	415	147	231	378	150	257	407
"SD"	2010	"Fall River"	"Hot Springs 4"	202	202	125	136	261	105	177	282	104	137	241	105	165	270
"SD"	2010	"Fall River"	"Jackson"	555	555	203	457	660	203	493	696	157	419	576	161	511	672
"SD"	2010	"Fall River"	"Limestone"	79	79	16	78	94	19	71	90	7	73	80	4	84	88
"SD"	2010	"Fall River"	"Oelrichs"	42	42	22	25	47	19	37	56	18	32	50	21	33	54
"SD"	2010	"Fall River"	"Smithwick"	51	51	8	53	61	18	47	65	12	43	55	9	53	62
"SD"	2010	"Faulk"	"1"	123	123	75	96	171	59	120	179	61	97	158	56	114	170
"SD"	2010	"Faulk"	"2"	66	66	28	48	76	20	57	77	17	51	68	12	58	70
"SD"	2010	"Faulk"	"3"	100	100	50	83	133	42	94	136	43	83	126	38	94	132
"SD"	2010	"Faulk"	"4"	71	71	40	49	89	38	56	94	37	47	84	24	64	88
"SD"	2010	"Faulk"	"5"	73	73	37	47	84	35	61	96	31	50	81	25	66	91
"SD"	2010	"Faulk"	"6"	181	181	101	119	220	82	156	238	77	122	199	55	175	230
"SD"	2010	"Faulk"	"7"	184	184	135	111	246	118	149	267	94	134	228	70	177	247
"SD"	2010	"Faulk"	"8(04)"														
"SD"	2010	"Faulk"	"9(04)"														
"SD"	2010	"Faulk"	"10(04)"														
"SD"	2010	"Faulk"	"11(04)"														
"SD"	2010	"Grant"	"Adams-Albee-Revillo-Vernon"	166	166	137	94	231	125	125	250	125	101	226	113	116	229
"SD"	2010	"Grant"	"Alban"	182	182	118	121	239	104	148	252	104	124	228	90	152	242
"SD"	2010	"Grant"	"Big Stone City & Twp"	287	287	170	186	356	131	251	382	146	197	343	131	226	357
"SD"	2010	"Grant"	"Blooming Val-Farm-Lura"	77	77	47	54	101	42	64	106	42	53	95	38	64	102
"SD"	2010	"Grant"	"Georgia-Madison-LaBolt"	115	115	68	70	138	57	91	148	65	75	140	57	87	144
"SD"	2010	"Grant"	"Grant Center"	138	138	82	83	165	70	109	179	73	85	158	54	116	170
"SD"	2010	"Grant"	"Mazeppa-Osceola-Marvin"	78	78	67	46	113	59	65	124	56	51	107	53	66	119
"SD"	2010	"Grant"	"Melrose"	168	168	80	110	190	60	145	205	63	119	182	58	135	193
"SD"	2010	"Grant"	"Milbank 11"	71	71	52	34	86	42	51	93	45	35	80	42	46	88
"SD"	2010	"Grant"	"Milbank 12"	228	228	166	137	303	137	192	329	156	143	299	144	166	310
"SD"	2010	"Grant"	"Milbank 21"	132	132	68	92	160	54	121	175	68	91	159	65	105	170
"SD"	2010	"Grant"	"Milbank 22"	326	326	239	190	429	181	264	445	175	220	395	174	244	418
"SD"	2010	"Grant"	"Milbank 31"	56	56	41	39	80	31	52	83	33	42	75	33	46	79
"SD"	2010	"Grant"	"Milbank 32"	73	73	56	43	99	51	55	106	49	47	96	50	51	101
"SD"	2010	"Grant"	"Milbank 33"	220	220	102	162	264	95	184	279	84	170	254	71	196	267
"SD"	2010	"Grant"	"Stockholm Town & Twp"	63	63	39	41	80	32	53	85	35	32	67	32	46	78
"SD"	2010	"Grant"	"Troy-Strandburg"	48	48	24	24	48	26	29	55	20	27	47	24	26	50
"SD"	2010	"Grant"	"Twin Brooks-Kilborn"	110	110	82	71	153	73	88	161	73	69	142	64	86	150
"SD"	2010	"Grant"	"Vemon(06)"														
"SD"	2010	"Gregory"	"1"	710	710	367	506	873	324	614	938	343	489	832	304	590	894
"SD"	2010	"Gregory"	"2"	575	575	308	408	716	285	471	756	276	399	675	208	530	738
"SD"	2010	"Gregory"	"3"	264	264	110	215	325	128	222	350	99	208	307	92	237	329
"SD"	2010	"Haakon"	"Community Room(06)"														
"SD"	2010	"Haakon"	"Deadman"	176	176	47	145	192	61	139	200	33	142	175	30	166	196
"SD"	2010	"Haakon"	"Deep Creek Church(06)"														
"SD"	2010	"Haakon"	"Kirley"	47	47	13	41	54	11	45	56	5	46	51	10	44	54
"SD"	2010	"Haakon"	"Lake Waggoner"	221	221	68	170	238	62	193	255	44	184	228	33	214	247
"SD"	2010	"Haakon"	"Midland"	183	183	47	148	195	46	165	211	37	142	179	35	172	207
"SD"	2010	"Haakon"	"Milesville"	97	97	20	83	103	18	88	106	13	73	86	14	89	103
"SD"	2010	"Haakon"	"South Fork"	166	166	59	131	190	48	153	201	38	144	182	34	160	194
"SD"	2010	"Hamlin"	"Bryant"	191	191	109	148	257	109	164	273	97	139	236	92	163	255
"SD"	2010	"Hamlin"	"Castlewood"	428	428	233	307	540	243	346	589	225	302	527	179	381	560
"SD"	2010	"Hamlin"	"Estelline"	341	341	281	190	471	243	269	512	230	209	439	201	278	479
"SD"	2010	"Hamlin"	"Hayti"	334	334	101	273	374	103	308	411	87	276	363	64	330	394
"SD"	2010	"Hamlin"	"Hazel"	122	122	23	108	131	28	108	136	27	97	124	23	109	132
"SD"	2010	"Hamlin"	"Norden"	445	445	170	351	521	163	409	572	143	376	519	126	425	551
"SD"	2010	"Hamlin"	"Oxford"	108	108	46	86	132	53	88	141	42	87	129	39	99	138
"SD"	2010	"Hand"	"1 (Including: 3)"	179	179	71	129	200	82	134	216	70	123	193	54	158	212
"SD"	2010	"Hand"	"1(08)"														
"SD"	2010	"Hand"	"2"	62	62	35	51	86	33	53	86	38	37	75	24	60	84
"SD"	2010	"Hand"	"3(08)"														
"SD"	2010	"Hand"	"4"	50	50	19	28	47	17	35	52	10	36	46	5	45	50
"SD"	2010	"Hand"	"5 (Including: 8)"	153	153	59	115	174	65	122	187	50	120	170	29	157	186
"SD"	2010	"Hand"	"5(06)"														
"SD"	2010	"Hand"	"6"	129	129	91	70	161	99	79	178	71	86	157	56	114	170
"SD"	2010	"Hand"	"7"	86	86	63	57	120	72	57	129	56	62	118	23	103	126
"SD"	2010	"Hand"	"8(06)"														
"SD"	2010	"Hand"	"9 (Including: 10)"	118	118	20	103	123	28	106	134	23	103	126	17	115	132
"SD"	2010	"Hand"	"9(06)"														
"SD"	2010	"Hand"	"10(06)"														
"SD"	2010	"Hand"	"11"	284	284	213	166	379	219	189	408	164	213	377	98	297	395
"SD"	2010	"Hand"	"12"	332	332	233	187	420	257	192	449	179	226	405	120	319	439
"SD"	2010	"Hanson"	"1 - Emery Fire Hall"	512	512	172	451	623	169	470	639	167	392	559	150	461	611
"SD"	2010	"Hanson"	"2 - Alex City Hall"	270	270	175	169	344	168	200	368	156	176	332	116	225	341
"SD"	2010	"Hanson"	"3 - Fulton Community Hall"	197	197	127	143	270	106	175	281	99	160	259	88	178	266
"SD"	2010	"Hanson"	"4 - Fulton Community Hall"	229	229	69	189	258	56	220	276	61	187	248	47	227	274
"SD"	2010	"Hanson"	"5 - Hanson County Courthouse"	115	115	51	96	147	57	105	162	43	100	143	33	123	156
"SD"	2010	"Hanson"	"5 - Extension Bldg(08)"														
"SD"	2010	"Hanson"	"BANSON-PLANO-ROSEDALE-WORTHEN(06)"														
"SD"	2010	"Hanson"	"BEULAH-WAYNE(06)"														
"SD"	2010	"Hanson"	"EDGERTON-SPRINGLAKE-FARMER(06)"														
"SD"	2010	"Hanson"	"JASPER-FULTON-FAIRVIEW(06)"														
"SD"	2010	"Hanson"	"TAYLOR-PLEASANT(06)"														
"SD"	2010	"Harding"	"Buffalo"	99	99	27	79	106	37	83	120	24	78	102	19	95	114
"SD"	2010	"Harding"	"Camp Crook"	86	86	29	72	101	43	73	116	24	69	93	24	81	105
"SD"	2010	"Harding"	"Fillmore"	39	39	9	34	43	15	29	44	5	34	39	4	39	43
"SD"	2010	"Harding"	"Govert(08)"														
"SD"	2010	"Harding"	"Hilton"	99	99	24	78	102	39	72	111	25	73	98	22	84	106
"SD"	2010	"Harding"	"Ladner"	38	38	1	36	37	3	35	38	1	31	32	1	35	36
"SD"	2010	"Harding"	"Ludlow (Including: Vessey)"	56	56	18	49	67	28	45	73	15	47	62	12	55	67
"SD"	2010	"Harding"	"Poplar Grove"	57	57	10	45	55	16	41	57	6	49	55	0	58	58
"SD"	2010	"Harding"	"Reva (Including: Govert)"	109	109	9	97	106	25	87	112	2	91	93	3	104	107
"SD"	2010	"Harding"	"Vessey(08)"														
"SD"	2010	"Hughes"	"5-Blunt City Hall"	203	203	66	160	226	55	186	241	58	159	217	32	203	235
"SD"	2010	"Hughes"	"7-Harrold Fire Hall"	103	103	33	86	119	24	102	126	28	81	109	20	100	120
"SD"	2010	"Hughes"	"9-Hyde"	37	37	31	26	57	31	34	65	28	30	58	24	42	66
"SD"	2010	"Hughes"	"11-Rural New Life Assembly Chu"	872	872	410	622	1032	243	840	1083	274	681	955	148	910	1058
"SD"	2010	"Hughes"	"21-Pierre City Auditorium"	341	341	224	223	447	170	318	488	183	239	422	134	329	463
"SD"	2010	"Hughes"	"22-Pierre(04)"														
"SD"	2010	"Hughes"	"23-Pierre PILC Rec Center"	367	367	268	243	511	197	337	534	202	283	485	115	402	517
"SD"	2010	"Hughes"	"24-Pierre Buchanan School"	474	474	268	289	557	197	428	625	198	361	559	124	490	614
"SD"	2010	"Hughes"	"25-Pierre(04)"														
"SD"	2010	"Hughes"	"26-Pierre Riggs Theater"	413	413	274	247	521	153	404	557	182	322	504	91	463	554
"SD"	2010	"Hughes"	"27-Pierre(04)"														
"SD"	2010	"Hughes"	"28-Pierre Courthouse"	442	442	282	269	551	161	435	596	196	349	545	102	478	580
"SD"	2010	"Hughes"	"29-Pierre Senior Citizen's Cen"	250	250	172	143	315	96	232	328	115	177	292	75	249	324
"SD"	2010	"Hughes"	"30-Pierre Faith Lutheran Churc"	443	443	318	258	576	169	432	601	191	355	546	105	487	592
"SD"	2010	"Hughes"	"31-Pierre Poplar Ave Fire Stat"	628	628	351	405	756	194	593	787	234	489	723	105	666	771
"SD"	2010	"Hughes"	"32-Pierre 7th Day Adv Church"	416	416	229	257	486	122	386	508	156	310	466	63	437	500
"SD"	2010	"Hughes"	"33-Pierre Resurrection Church"	376	376	214	262	476	125	373	498	158	298	456	76	415	491
"SD"	2010	"Hughes"	"34-Pierre No. 4 Fire Station"	528	528	292	359	651	150	526	676	192	437	629	85	582	667
"SD"	2010	"Hutchinson"	"1"	530	530	248	405	653	249	441	690	185	430	615	165	490	655
"SD"	2010	"Hutchinson"	"2"	547	547	272	382	654	242	454	696	201	419	620	162	489	651
"SD"	2010	"Hutchinson"	"3"	101	101	29	98	127	34	99	133	23	87	110	25	100	125
"SD"	2010	"Hutchinson"	"4"	298	298	153	240	393	141	268	409	132	220	352	109	286	395
"SD"	2010	"Hutchinson"	"5"	500	500	270	336	606	236	407	643	228	357	585	163	455	618
"SD"	2010	"Hutchinson"	"6"	370	370	144	266	410	140	294	434	111	284	395	95	334	429
"SD"	2010	"Hutchinson"	"7"	140	140	60	95	155	38	128	166	42	109	151	28	131	159
"SD"	2010	"Hutchinson"	"8(04)"														
"SD"	2010	"Hutchinson"	"9(04)"														
"SD"	2010	"Hutchinson"	"10(04)"														
"SD"	2010	"Hyde"	"1"	142	142	72	99	171	50	125	175	57	102	159	35	138	173
"SD"	2010	"Hyde"	"2"	135	135	68	99	167	61	114	175	55	98	153	42	126	168
"SD"	2010	"Hyde"	"3"	76	76	29	65	94	22	79	101	26	64	90	18	83	101
"SD"	2010	"Hyde"	"4"	176	176	74	130	204	70	142	212	62	128	190	34	171	205
"SD"	2010	"Hyde"	"5"	29	29	34	19	53	31	23	54	28	20	48	25	27	52
"SD"	2010	"Jackson"	"1 Cottonwood"	31	31	5	26	31	4	29	33	3	29	32	4	29	33
"SD"	2010	"Jackson"	"2 Interior"	74	74	30	57	87	31	60	91	22	55	77	23	68	91
"SD"	2010	"Jackson"	"3 Kadoka"	213	213	75	171	246	74	191	265	53	180	233	52	204	256
"SD"	2010	"Jackson"	"4 Kadoka"	131	131	51	91	142	42	107	149	34	97	131	29	115	144
"SD"	2010	"Jackson"	"5 Belvidere"	63	63	15	47	62	15	59	74	11	49	60	9	62	71
"SD"	2010	"Jackson"	"6 Long Valley"	84	84	38	67	105	34	71	105	25	69	94	26	76	102
"SD"	2010	"Jackson"	"7 Wanblee"	99	99	137	39	176	114	63	177	118	40	158	123	54	177
"SD"	2010	"Jackson"	"8 Green Valley"	39	39	18	36	54	21	34	55	19	31	50	16	38	54
"SD"	2010	"Jerauld"	"1"	381	381	327	217	544	284	303	587	243	254	497	178	384	562
"SD"	2010	"Jerauld"	"2"	110	110	76	75	151	68	89	157	67	74	141	36	116	152
"SD"	2010	"Jerauld"	"3"	102	102	68	60	128	59	87	146	63	61	124	33	110	143
"SD"	2010	"Jerauld"	"4"	78	78	50	56	106	48	68	116	39	56	95	30	82	112
"SD"	2010	"Jerauld"	"5"	88	88	60	53	113	57	64	121	59	50	109	47	71	118
"SD"	2010	"Jones"	"1 Okaton area"	173	173	44	145	189	37	158	195	27	145	172	25	171	196
"SD"	2010	"Jones"	"3 Wards II, III & Buffalo"	186	186	75	118	193	62	137	199	63	123	186	47	151	198
"SD"	2010	"Jones"	"5 Draper area"	148	148	61	114	175	53	132	185	48	119	167	42	141	183
"SD"	2010	"Jones"	"2 S.Creek, Capa & Bovine(04)"														
"SD"	2010	"Jones"	"4 Union, Highland & Van Metre(04)"														
"SD"	2010	"Kingsbury"	"Arlington Precinct"	362	362	295	211	506	241	298	539	253	237	490	196	317	513
"SD"	2010	"Kingsbury"	"Badger Precinct"	190	190	125	111	236	125	151	276	120	132	252	104	167	271
"SD"	2010	"Kingsbury"	"DeSmet Precinct"	586	586	416	366	782	339	493	832	317	447	764	247	564	811
"SD"	2010	"Kingsbury"	"Iroquois Precinct"	136	136	104	80	184	91	110	201	86	97	183	64	133	197
"SD"	2010	"Kingsbury"	"Lake Preston Precinct"	273	273	186	164	350	144	239	383	159	181	340	109	250	359
"SD"	2010	"Kingsbury"	"Oldham Precinct"	160	160	103	112	215	96	135	231	96	107	203	74	147	221
"SD"	2010	"Lake"	"Chester (Including: Franklin)"	295	295	233	196	429	161	278	439	181	200	381	147	265	412
"SD"	2010	"Lake"	"Concord (Including: Badus, Ramona Village, Wayne)"	169	169	109	103	212	108	132	240	108	97	205	101	127	228
"SD"	2010	"Lake"	"Farmington (Including: Clarno, Leroy, Orland)"	269	269	152	173	325	99	243	342	118	179	297	85	236	321
"SD"	2010	"Lake"	"Farmington (Including: Leroy)(04)"														
"SD"	2010	"Lake"	"Clarno Orland(04)"														
"SD"	2010	"Lake"	"Herman (Including: Winfred)"	269	269	193	172	365	160	232	392	165	186	351	125	237	362
"SD"	2010	"Lake"	"Lakeview"	308	308	188	212	400	142	278	420	149	228	377	116	280	396
"SD"	2010	"Lake"	"Nunda (Including: Nunda Village, Summit)"	112	112	68	79	147	57	96	153	62	69	131	41	102	143
"SD"	2010	"Lake"	"Ward 1 Precinct 1 (Including: Ward 1 Precinct 2, Ward 1 Precinct 3, Ward 1 Precinct 4)"	1050	1050	606	761	1367	480	929	1409	467	790	1257	390	901	1291
"SD"	2010	"Lake"	"Ward 2 Precinct 1 (Including: Ward 2 Precinct 2, Ward 2 Precinct 3)"	505	505	409	284	693	299	437	736	335	321	656	288	410	698
"SD"	2010	"Lake"	"Ward 3 Precinct 1 (Including: Ward 3 Precinct 2, Ward 3 Precinct 3)"	426	426	308	254	562	259	358	617	282	247	529	245	320	565
"SD"	2010	"Lake"	"Ward 1 Precinct 1(06)"														
"SD"	2010	"Lake"	"Ward 1 Precinct 2(06)"														
"SD"	2010	"Lake"	"Ward 1 Precinct 3(06)"														
"SD"	2010	"Lake"	"Ward 1 Precinct 4(06)"														
"SD"	2010	"Lake"	"Ward 2 Precinct 1(06)"														
"SD"	2010	"Lake"	"Ward 2 Precinct 2(06)"														
"SD"	2010	"Lake"	"Ward 2 Precinct 3(06)"														
"SD"	2010	"Lake"	"Ward 3 Precinct 1(06)"														
"SD"	2010	"Lake"	"Ward 3 Precinct 2(06)"														
"SD"	2010	"Lake"	"Ward 3 Precinct 3(06)"														
"SD"	2010	"Lake"	"Wentworth (Including: Rutland, Wentworth Village)"	297	297	192	180	372	160	242	402	156	202	358	127	255	382
"SD"	2010	"Lawrence"	"Absentee Precinct"	2335	2335	1250	1751	3001	1134	2034	3168	922	1824	2746	943	2140	3083
"SD"	2010	"Lawrence"	"Boxelder(06)"														
"SD"	2010	"Lawrence"	"Deadwood"	244	244	213	153	366	196	209	405	179	170	349	186	208	394
"SD"	2010	"Lawrence"	"Lead"	624	624	422	373	795	379	530	909	325	438	763	348	523	871
"SD"	2010	"Lawrence"	"Nemo"	154	154	86	107	193	78	135	213	75	111	186	69	137	206
"SD"	2010	"Lawrence"	"Rural 1"	423	423	215	317	532	198	380	578	177	300	477	163	398	561
"SD"	2010	"Lawrence"	"Spearfish Ward 1"	493	493	302	330	632	280	391	671	241	336	577	230	399	629
"SD"	2010	"Lawrence"	"Spearfish Ward 2"	694	694	383	514	897	345	594	939	280	514	794	273	621	894
"SD"	2010	"Lawrence"	"Spearfish Ward 3"	820	820	439	586	1025	415	674	1089	325	611	936	317	710	1027
"SD"	2010	"Lawrence"	"St Onge"	249	249	89	198	287	92	217	309	73	195	268	67	236	303
"SD"	2010	"Lawrence"	"Valley 1"	476	476	194	356	550	184	398	582	138	350	488	142	412	554
"SD"	2010	"Lawrence"	"Valley 2"	533	533	237	408	645	216	469	685	187	413	600	171	485	656
"SD"	2010	"Lawrence"	"Whitewood"	446	446	189	338	527	209	366	575	152	337	489	134	424	558
"SD"	2010	"Lincoln"	"Beresford/Pleasant/Brooklyn"	283	283	172	188	360	163	218	381	160	190	350	126	236	362
"SD"	2010	"Lincoln"	"Canton 1,2,3"	554	554	375	341	716	303	456	759	289	404	693	259	471	730
"SD"	2010	"Lincoln"	"Canton 4 & 5"	340	340	266	186	452	192	278	470	187	235	422	149	299	448
"SD"	2010	"Lincoln"	"Dayton Township"	249	249	122	192	314	107	222	329	99	198	297	78	241	319
"SD"	2010	"Lincoln"	"Delapre Township"	607	607	313	444	757	257	542	799	243	472	715	197	562	759
"SD"	2010	"Lincoln"	"Delaware Township"	73	73	33	44	77	26	67	93	26	58	84	24	64	88
"SD"	2010	"Lincoln"	"Fairview Inc/Fairview Township"	90	90	41	71	112	40	82	122	36	79	115	32	80	112
"SD"	2010	"Lincoln"	"Grant Township"	143	143	91	96	187	74	122	196	79	110	189	51	133	184
"SD"	2010	"Lincoln"	"Harrisburg"	964	964	568	592	1160	417	802	1219	406	696	1102	340	798	1138
"SD"	2010	"Lincoln"	"Highland/Canton Township"	278	278	168	188	356	129	245	374	135	214	349	111	248	359
"SD"	2010	"Lincoln"	"Hudson/Eden Township"	108	108	88	68	156	78	91	169	80	78	158	68	94	162
"SD"	2010	"Lincoln"	"LaValley Township"	169	169	81	136	217	73	158	231	76	140	216	64	160	224
"SD"	2010	"Lincoln"	"Lennox City"	601	601	420	346	766	307	513	820	347	395	742	265	512	777
"SD"	2010	"Lincoln"	"Lincoln Township"	80	80	49	55	104	43	66	109	37	67	104	35	70	105
"SD"	2010	"Lincoln"	"Norway Township"	76	76	58	48	106	48	64	112	60	50	110	42	67	109
"SD"	2010	"Lincoln"	"Perry Township"	245	245	132	178	310	113	221	334	128	178	306	102	218	320
"SD"	2010	"Lincoln"	"Sioux Falls 1-11"	1205	1205	569	905	1474	441	1074	1515	403	997	1400	299	1133	1432
"SD"	2010	"Lincoln"	"Sioux Falls 1-12"	922	922	533	603	1136	409	784	1193	390	696	1086	302	814	1116
"SD"	2010	"Lincoln"	"Sioux Falls 1-13"	395	395	252	255	507	201	332	533	189	284	473	156	335	491
"SD"	2010	"Lincoln"	"Sioux Falls 1-14"	417	417	244	266	510	163	370	533	186	278	464	122	361	483
"SD"	2010	"Lincoln"	"Sioux Falls 1-16"	376	376	276	230	506	217	306	523	191	275	466	164	323	487
"SD"	2010	"Lincoln"	"Sioux Falls 2-10"	1069	1069	485	820	1305	369	972	1341	339	886	1225	256	1009	1265
"SD"	2010	"Lincoln"	"Sioux Falls 2-11"	831	831	397	641	1038	320	745	1065	304	709	1013	213	817	1030
"SD"	2010	"Lincoln"	"Sioux Falls 2-12"	449	449	253	339	592	211	397	608	196	362	558	161	414	575
"SD"	2010	"Lincoln"	"Sioux Falls 2-13"	629	629	417	436	853	311	565	876	300	502	802	215	608	823
"SD"	2010	"Lincoln"	"Sioux Falls 2-15"	498	498	248	375	623	207	429	636	169	408	577	115	478	593
"SD"	2010	"Lincoln"	"Sioux Falls 1(04)"														
"SD"	2010	"Lincoln"	"Sioux Falls 1A(04)"														
"SD"	2010	"Lincoln"	"Sioux Falls 2(04)"														
"SD"	2010	"Lincoln"	"Sioux Falls 3(04)"														
"SD"	2010	"Lincoln"	"Sioux Falls 4(04)"														
"SD"	2010	"Lincoln"	"Springdale Township"	764	764	352	581	933	309	671	980	278	622	900	215	723	938
"SD"	2010	"Lincoln"	"Tea City"	874	874	504	567	1071	393	737	1130	399	622	1021	310	756	1066
"SD"	2010	"Lincoln"	"Worthing/Lynn Township"	353	353	192	249	441	166	302	468	167	248	415	152	294	446
"SD"	2010	"Lyman"	"1 IONA"	41	41	19	24	43	26	32	58	23	30	53	13	47	60
"SD"	2010	"Lyman"	"4 OACOMA"	226	226	142	151	293	125	194	319	151	143	294	87	227	314
"SD"	2010	"Lyman"	"6 RELIANCE"	105	105	61	70	131	56	87	143	57	67	124	42	97	139
"SD"	2010	"Lyman"	"7 LOWER BRULE"	66	66	135	16	151	125	30	155	126	22	148	123	32	155
"SD"	2010	"Lyman"	"9 KENNEBEC"	198	198	73	156	229	61	179	240	74	146	220	47	188	235
"SD"	2010	"Lyman"	"12 PRESHO"	274	274	139	187	326	114	232	346	105	210	315	72	263	335
"SD"	2010	"Lyman"	"13 VIVIAN"	102	102	35	73	108	35	86	121	27	74	101	21	97	118
"SD"	2010	"Marshall"	"Britton Twps"	116	116	145	55	200	114	92	206	109	74	183	88	102	190
"SD"	2010	"Marshall"	"Community Bldg"	96	96	113	43	156	89	76	165	90	65	155	74	78	152
"SD"	2010	"Marshall"	"Community Bldg 3 & Miller"	166	166	165	87	252	124	131	255	132	107	239	109	136	245
"SD"	2010	"Marshall"	"Eden Area"	114	114	76	75	151	60	104	164	76	67	143	71	84	155
"SD"	2010	"Marshall"	"Fun After Fifty"	164	164	128	94	222	105	126	231	107	112	219	94	131	225
"SD"	2010	"Marshall"	"Lake City Area"	162	162	121	106	227	104	135	239	116	97	213	96	134	230
"SD"	2010	"Marshall"	"Langford Area"	155	155	175	80	255	138	127	265	139	98	237	117	131	248
"SD"	2010	"Marshall"	"Pl Valley, White, Victor"	88	88	92	42	134	61	75	136	67	56	123	59	66	125
"SD"	2010	"Marshall"	"Veblen Area"	125	125	92	78	170	79	99	178	88	75	163	85	85	170
"SD"	2010	"McCook"	"Bridgewater Area-Rural"	341	341	133	268	401	126	296	422	106	257	363	98	307	405
"SD"	2010	"McCook"	"Canistota Area-Rural"	372	372	197	273	470	191	314	505	180	272	452	124	362	486
"SD"	2010	"McCook"	"Montrose Area-Rural"	332	332	266	217	483	241	283	524	243	224	467	219	276	495
"SD"	2010	"McCook"	"Salem Area-Rural"	203	203	137	134	271	120	177	297	129	145	274	93	192	285
"SD"	2010	"McCook"	"Salem City"	417	417	307	266	573	244	366	610	241	297	538	188	388	576
"SD"	2010	"McCook"	"Spencer Area-Rural"	94	94	86	58	144	65	81	146	73	65	138	53	88	141
"SD"	2010	"McPherson"	"101"	45	45	16	34	50	13	41	54	11	38	49	9	43	52
"SD"	2010	"McPherson"	"central"	177	177	69	131	200	46	168	214	50	148	198	38	169	207
"SD"	2010	"McPherson"	"northeast leola"	201	201	87	147	234	56	184	240	63	163	226	52	185	237
"SD"	2010	"McPherson"	"northwest"	210	210	90	150	240	66	183	249	65	164	229	45	197	242
"SD"	2010	"McPherson"	"southeast leola"	170	170	95	104	199	60	151	211	71	127	198	62	149	211
"SD"	2010	"McPherson"	"southwest"	187	187	90	126	216	53	174	227	60	144	204	40	176	216
"SD"	2010	"Meade"	"Alkali 6A"	94	94	40	68	108	47	71	118	28	73	101	25	87	112
"SD"	2010	"Meade"	"Base 23"	91	91	25	73	98	13	83	96	13	68	81	10	80	90
"SD"	2010	"Meade"	"Bear Butte 9"	102	102	41	80	121	44	83	127	29	78	107	21	105	126
"SD"	2010	"Meade"	"Black Hawk 14"	376	376	181	279	460	144	340	484	124	298	422	131	332	463
"SD"	2010	"Meade"	"Central Black Hawk 19"	358	358	133	282	415	121	314	435	100	283	383	90	323	413
"SD"	2010	"Meade"	"Central Sturgis 3"	165	165	90	122	212	85	140	225	64	126	190	42	182	224
"SD"	2010	"Meade"	"Chalk Butte 27"	98	98	31	89	120	41	96	137	26	87	113	21	115	136
"SD"	2010	"Meade"	"East Piedmont 12"	423	423	137	364	501	133	382	515	113	329	442	95	399	494
"SD"	2010	"Meade"	"East Sturgis 1"	200	200	93	157	250	76	184	260	72	149	221	48	207	255
"SD"	2010	"Meade"	"Elk Vale 21"	167	167	76	123	199	58	149	207	47	130	177	42	165	207
"SD"	2010	"Meade"	"Ellsworth 22"	24	24	3	21	24	1	21	22	1	20	21	1	21	22
"SD"	2010	"Meade"	"Elm Springs 18"	58	58	17	49	66	30	41	71	10	52	62	9	61	70
"SD"	2010	"Meade"	"Fairpoint 29"	24	24	8	23	31	14	22	36	8	23	31	7	31	38
"SD"	2010	"Meade"	"Faith 31"	191	191	64	161	225	90	144	234	53	144	197	44	184	228
"SD"	2010	"Meade"	"Harmony 8"	215	215	81	181	262	87	188	275	60	178	238	54	221	275
"SD"	2010	"Meade"	"Hereford 20"	31	31	17	27	44	25	26	51	13	27	40	11	38	49
"SD"	2010	"Meade"	"Marcus 41"	28	28	6	31	37	11	30	41	5	24	29	8	33	41
"SD"	2010	"Meade"	"Northeast Sturgis 1A"	110	110	61	79	140	49	103	152	45	84	129	41	109	150
"SD"	2010	"Meade"	"Northwest Sturgis 5"	294	294	143	206	349	125	257	382	112	210	322	101	271	372
"SD"	2010	"Meade"	"Piedmont 11"	521	521	228	414	642	204	473	677	175	417	592	164	499	663
"SD"	2010	"Meade"	"Pine 33"	70	70	11	71	82	27	48	75	10	51	61	6	77	83
"SD"	2010	"Meade"	"Red Owl 30"	54	54	11	52	63	12	49	61	8	40	48	9	52	61
"SD"	2010	"Meade"	"Rural Black Hawk 15"	752	752	309	561	870	258	660	918	213	580	793	186	696	882
"SD"	2010	"Meade"	"Rural Sturgis 7"	184	184	66	139	205	62	163	225	47	156	203	32	188	220
"SD"	2010	"Meade"	"South Sturgis 2A"	232	232	124	155	279	109	192	301	86	173	259	60	236	296
"SD"	2010	"Meade"	"Southeast Piedmont 13"	759	759	263	596	859	241	676	917	196	591	787	180	702	882
"SD"	2010	"Meade"	"Southeast Sturgis 2"	350	350	174	265	439	157	301	458	110	279	389	103	352	455
"SD"	2010	"Meade"	"Southwest Sturgis 4A"	196	196	108	126	234	92	158	250	73	139	212	50	200	250
"SD"	2010	"Meade"	"Sturgis 5A"	139	139	81	93	174	75	111	186	59	108	167	39	147	186
"SD"	2010	"Meade"	"Sulphur 35"	48	48	4	41	45	6	42	48	1	40	41	3	46	49
"SD"	2010	"Meade"	"Tilford 6"	444	444	168	366	534	177	399	576	140	357	497	113	450	563
"SD"	2010	"Meade"	"Union 40"	27	27	12	16	28	13	19	32	7	15	22	4	26	30
"SD"	2010	"Meade"	"Viewfield 17"	54	54	20	44	64	18	46	64	11	41	52	8	55	63
"SD"	2010	"Meade"	"West Black Hawk 16"	233	233	113	187	300	100	208	308	86	193	279	90	215	305
"SD"	2010	"Meade"	"West Elk Vale 24"	118	118	40	98	138	40	108	148	30	96	126	27	116	143
"SD"	2010	"Meade"	"West Sturgis 4"	102	102	61	77	138	48	93	141	42	81	123	32	109	141
"SD"	2010	"Meade"	"White Owl 25"	28	28	9	25	34	10	27	37	5	23	28	4	32	36
"SD"	2010	"Mellette"	"Central"	171	171	137	88	225	115	124	239	109	94	203	108	120	228
"SD"	2010	"Mellette"	"East"	115	115	45	76	121	37	101	138	32	88	120	36	101	137
"SD"	2010	"Mellette"	"West"	85	85	62	60	122	58	65	123	44	56	100	44	73	117
"SD"	2010	"Mellette"	"White River"	172	172	129	96	225	132	112	244	123	84	207	113	126	239
"SD"	2010	"Miner"	"Beaver, Clinton, Miner"	55	55	42	34	76	42	38	80	34	41	75	28	54	82
"SD"	2010	"Miner"	"Clearwater Howard Roswell Twps"	125	125	78	88	166	64	111	175	74	91	165	59	111	170
"SD"	2010	"Miner"	"Gr Valley Carthage Redstone Twp"	77	77	64	53	117	60	62	122	53	55	108	47	74	121
"SD"	2010	"Miner"	"Henden Adams Belleview Grafton"	115	115	95	76	171	82	103	185	82	75	157	68	98	166
"SD"	2010	"Miner"	"Howard City Ward 1"	81	81	75	50	125	70	68	138	79	44	123	62	71	133
"SD"	2010	"Miner"	"Howard City Ward 2"	102	102	78	56	134	66	76	142	67	60	127	53	85	138
"SD"	2010	"Miner"	"Howard City Ward 3"	73	73	62	51	113	72	56	128	64	52	116	64	60	124
"SD"	2010	"Miner"	"Vermillion, Canova, Rock Creek-"	97	97	87	50	137	66	81	147	72	51	123	49	92	141
"SD"	2010	"Minnehaha"	"1-1"	422	422	342	273	615	286	357	643	259	321	580	232	363	595
"SD"	2010	"Minnehaha"	"1-2"	366	366	277	255	532	260	297	557	215	284	499	186	333	519
"SD"	2010	"Minnehaha"	"1-3"	697	697	411	544	955	360	631	991	329	586	915	302	651	953
"SD"	2010	"Minnehaha"	"1-4 (Including: 1-5)"	838	838	647	584	1231	547	761	1308	508	613	1121	493	713	1206
"SD"	2010	"Minnehaha"	"1-6"	722	722	612	444	1056	503	623	1126	477	519	996	434	629	1063
"SD"	2010	"Minnehaha"	"1-7(08)"														
"SD"	2010	"Minnehaha"	"1-8"	561	561	408	369	777	321	475	796	292	443	735	265	494	759
"SD"	2010	"Minnehaha"	"1-9"	785	785	598	486	1084	472	680	1152	428	621	1049	402	682	1084
"SD"	2010	"Minnehaha"	"1-10"	834	834	572	511	1083	439	707	1146	399	620	1019	361	701	1062
"SD"	2010	"Minnehaha"	"1-15(08)"														
"SD"	2010	"Minnehaha"	"1-17"	671	671	415	426	841	314	564	878	303	466	769	247	541	788
"SD"	2010	"Minnehaha"	"2-1"	852	852	541	624	1165	460	757	1217	425	691	1116	331	826	1157
"SD"	2010	"Minnehaha"	"2-2"	1063	1063	617	791	1408	514	941	1455	464	888	1352	311	1065	1376
"SD"	2010	"Minnehaha"	"2-3"	814	814	597	576	1173	527	686	1213	491	616	1107	408	743	1151
"SD"	2010	"Minnehaha"	"2-4"	457	457	479	282	761	373	427	800	390	324	714	334	413	747
"SD"	2010	"Minnehaha"	"2-5(08)"														
"SD"	2010	"Minnehaha"	"2-6"	822	822	574	529	1103	460	683	1143	425	605	1030	324	744	1068
"SD"	2010	"Minnehaha"	"2-7"	923	923	551	652	1203	430	828	1258	433	716	1149	319	873	1192
"SD"	2010	"Minnehaha"	"2-8"	786	786	474	531	1005	356	682	1038	354	587	941	265	707	972
"SD"	2010	"Minnehaha"	"2-9"	766	766	532	538	1070	431	679	1110	404	610	1014	301	753	1054
"SD"	2010	"Minnehaha"	"2-14"	1030	1030	668	703	1371	502	919	1421	507	772	1279	353	977	1330
"SD"	2010	"Minnehaha"	"3-1(08)"														
"SD"	2010	"Minnehaha"	"3-3(04)"														
"SD"	2010	"Minnehaha"	"3-4(08)"														
"SD"	2010	"Minnehaha"	"3-5"	318	318	329	199	528	292	271	563	275	222	497	247	292	539
"SD"	2010	"Minnehaha"	"3-6"	528	528	504	282	786	439	418	857	439	296	735	416	384	800
"SD"	2010	"Minnehaha"	"3-7"	491	491	472	293	765	412	398	810	430	298	728	356	404	760
"SD"	2010	"Minnehaha"	"3-8"	249	249	197	180	377	174	218	392	169	205	374	131	245	376
"SD"	2010	"Minnehaha"	"3-9"	1012	1012	697	697	1394	575	879	1454	550	735	1285	505	869	1374
"SD"	2010	"Minnehaha"	"3-10"	1123	1123	662	737	1399	514	944	1458	492	860	1352	395	980	1375
"SD"	2010	"Minnehaha"	"3-11"	694	694	411	469	880	297	607	904	268	560	828	224	620	844
"SD"	2010	"Minnehaha"	"3-12"	638	638	516	380	896	418	529	947	424	415	839	360	528	888
"SD"	2010	"Minnehaha"	"3-13(08)"														
"SD"	2010	"Minnehaha"	"3-14"	600	600	373	380	753	318	490	808	307	400	707	236	501	737
"SD"	2010	"Minnehaha"	"3-15"	804	804	529	525	1054	432	686	1118	390	634	1024	319	714	1033
"SD"	2010	"Minnehaha"	"3-16"	508	508	273	341	614	209	431	640	198	373	571	168	415	583
"SD"	2010	"Minnehaha"	"3-17"	659	659	414	444	858	311	564	875	276	506	782	223	590	813
"SD"	2010	"Minnehaha"	"4-1 (Including: 5-15)"	443	443	487	223	710	432	336	768	416	241	657	411	319	730
"SD"	2010	"Minnehaha"	"4-1 (Including: 4-2)(08)"														
"SD"	2010	"Minnehaha"	"4-1(06)"														
"SD"	2010	"Minnehaha"	"4-2(06)"														
"SD"	2010	"Minnehaha"	"4-3(08)"														
"SD"	2010	"Minnehaha"	"4-4"	364	364	443	216	659	391	305	696	387	221	608	361	297	658
"SD"	2010	"Minnehaha"	"4-5"	399	399	388	233	621	350	312	662	348	232	580	317	318	635
"SD"	2010	"Minnehaha"	"4-6"	194	194	228	106	334	234	130	364	209	109	318	186	160	346
"SD"	2010	"Minnehaha"	"4-7 (Including: 4-8)"	850	850	736	512	1248	605	710	1315	619	570	1189	514	726	1240
"SD"	2010	"Minnehaha"	"4-9"	488	488	469	307	776	414	423	837	409	330	739	356	425	781
"SD"	2010	"Minnehaha"	"4-10"	579	579	448	391	839	384	508	892	378	409	787	329	494	823
"SD"	2010	"Minnehaha"	"4-11"	944	944	635	630	1265	478	840	1318	497	679	1176	377	855	1232
"SD"	2010	"Minnehaha"	"4-12"	633	633	494	407	901	419	537	956	429	435	864	360	535	895
"SD"	2010	"Minnehaha"	"4-13"	556	556	570	364	934	483	517	1000	486	385	871	452	487	939
"SD"	2010	"Minnehaha"	"5-1 (Including: 5-2)"	504	504	555	315	870	528	409	937	492	312	804	465	399	864
"SD"	2010	"Minnehaha"	"5-1(04)"														
"SD"	2010	"Minnehaha"	"5-2(04)"														
"SD"	2010	"Minnehaha"	"5-3"	230	230	224	145	369	185	209	394	192	152	344	156	204	360
"SD"	2010	"Minnehaha"	"5-4"	421	421	501	280	781	460	341	801	437	293	730	382	367	749
"SD"	2010	"Minnehaha"	"5-5"	402	402	420	232	652	389	302	691	363	262	625	308	351	659
"SD"	2010	"Minnehaha"	"5-6"	620	620	557	375	932	454	525	979	448	442	890	380	549	929
"SD"	2010	"Minnehaha"	"5-7"	393	393	317	273	590	288	331	619	261	301	562	205	384	589
"SD"	2010	"Minnehaha"	"5-8"	563	563	504	369	873	433	477	910	398	437	835	316	529	845
"SD"	2010	"Minnehaha"	"5-9"	278	278	252	172	424	231	223	454	218	177	395	190	227	417
"SD"	2010	"Minnehaha"	"5-10"	426	426	395	244	639	327	345	672	325	285	610	256	374	630
"SD"	2010	"Minnehaha"	"5-11"	350	350	318	214	532	279	288	567	242	250	492	219	296	515
"SD"	2010	"Minnehaha"	"5-12"	431	431	381	284	665	359	348	707	299	344	643	263	392	655
"SD"	2010	"Minnehaha"	"5-13"	419	419	356	282	638	297	373	670	276	338	614	219	415	634
"SD"	2010	"Minnehaha"	"5-14"	540	540	509	327	836	431	447	878	421	368	789	352	465	817
"SD"	2010	"Minnehaha"	"5-16"	259	259	259	143	402	236	209	445	230	147	377	203	205	408
"SD"	2010	"Minnehaha"	"VP-1"	460	460	291	295	586	222	403	625	242	309	551	206	371	577
"SD"	2010	"Minnehaha"	"VP-2"	1285	1285	635	947	1582	484	1185	1669	487	1004	1491	365	1207	1572
"SD"	2010	"Minnehaha"	"VP-3"	1317	1317	657	955	1612	523	1173	1696	499	1013	1512	401	1203	1604
"SD"	2010	"Minnehaha"	"VP-4"	706	706	524	456	980	401	641	1042	434	484	918	370	609	979
"SD"	2010	"Minnehaha"	"VP-5"	898	898	525	619	1144	417	780	1197	423	638	1061	327	781	1108
"SD"	2010	"Minnehaha"	"VP-6"	339	339	231	245	476	190	308	498	172	272	444	150	314	464
"SD"	2010	"Minnehaha"	"VP-7"	963	963	655	559	1214	528	785	1313	546	632	1178	433	800	1233
"SD"	2010	"Minnehaha"	"VP-8"	450	450	281	290	571	236	395	631	243	296	539	196	390	586
"SD"	2010	"Minnehaha"	"VP-9"	755	755	483	505	988	357	722	1079	416	523	939	335	661	996
"SD"	2010	"Minnehaha"	"VP-10"	642	642	492	433	925	404	592	996	424	448	872	358	568	926
"SD"	2010	"Minnehaha"	"VP-11"	658	658	403	438	841	218	693	911	342	442	784	277	551	828
"SD"	2010	"Minnehaha"	"VP-12"	101	101	60	68	128	35	109	144	58	72	130	46	88	134
"SD"	2010	"Minnehaha"	"VP-13"	563	563	374	376	750	283	529	812	303	401	704	269	475	744
"SD"	2010	"Minnehaha"	"VP-15"	850	850	567	528	1095	453	708	1161	431	604	1035	333	778	1111
"SD"	2010	"Minnehaha"	"VP-16"	646	646	422	409	831	321	576	897	355	441	796	272	558	830
"SD"	2010	"Minnehaha"	"VP-17"	404	404	240	282	522	208	357	565	201	300	501	137	393	530
"SD"	2010	"Minnehaha"	"VP-21"	729	729	452	474	926	215	781	996	324	538	862	242	657	899
"SD"	2010	"Moody"	"1 - Extension"	297	297	300	165	465	277	224	501	298	166	464	250	238	488
"SD"	2010	"Moody"	"2 - Ct House"	340	340	366	176	542	316	260	576	303	223	526	265	293	558
"SD"	2010	"Moody"	"3 - Trent"	455	455	286	294	580	184	435	619	258	283	541	226	360	586
"SD"	2010	"Moody"	"4A - Egan"	177	177	111	117	228	91	155	246	96	123	219	82	155	237
"SD"	2010	"Moody"	"4B - Extension"	149	149	110	98	208	101	123	224	105	98	203	77	137	214
"SD"	2010	"Moody"	"5 - Colman"	404	404	260	261	521	227	337	564	236	240	476	188	333	521
"SD"	2010	"Pennington"	"1-1"	1395	1395	585	1107	1692	545	1223	1768	447	1133	1580	411	1284	1695
"SD"	2010	"Pennington"	"1-2"	1069	1069	543	769	1312	457	931	1388	393	792	1185	389	931	1320
"SD"	2010	"Pennington"	"1-3"	1548	1548	715	1198	1913	669	1325	1994	585	1185	1770	521	1387	1908
"SD"	2010	"Pennington"	"1-4"	276	276	117	217	334	108	248	356	91	209	300	80	258	338
"SD"	2010	"Pennington"	"2-1"	483	483	385	329	714	387	386	773	340	337	677	347	400	747
"SD"	2010	"Pennington"	"2-2"	294	294	126	227	353	102	264	366	98	232	330	102	253	355
"SD"	2010	"Pennington"	"2-2(Including:2-5)(08)"														
"SD"	2010	"Pennington"	"2-3"	486	486	322	361	683	306	414	720	266	337	603	282	392	674
"SD"	2010	"Pennington"	"2-4"	786	786	481	553	1034	434	659	1093	375	554	929	375	671	1046
"SD"	2010	"Pennington"	"2-5"	257	257	149	177	326	129	218	347	119	188	307	116	221	337
"SD"	2010	"Pennington"	"3-1"	649	649	387	480	867	352	561	913	308	500	808	268	599	867
"SD"	2010	"Pennington"	"3-2"	379	379	140	320	460	128	340	468	120	316	436	88	360	448
"SD"	2010	"Pennington"	"3-3"	1017	1017	466	815	1281	410	902	1312	330	826	1156	304	955	1259
"SD"	2010	"Pennington"	"3-4"	1028	1028	454	837	1291	422	897	1319	349	845	1194	300	968	1268
"SD"	2010	"Pennington"	"3-4(Including:3-6)(08)"														
"SD"	2010	"Pennington"	"3-5"	1247	1247	608	980	1588	541	1082	1623	461	1007	1468	425	1141	1566
"SD"	2010	"Pennington"	"3-6"	310	310	104	265	369	99	286	385	90	259	349	73	296	369
"SD"	2010	"Pennington"	"3-7"	496	496	336	346	682	301	424	725	278	341	619	251	435	686
"SD"	2010	"Pennington"	"4-1"	260	260	190	182	372	174	222	396	148	174	322	161	218	379
"SD"	2010	"Pennington"	"4-2"	1217	1217	760	899	1659	710	1049	1759	619	868	1487	661	1034	1695
"SD"	2010	"Pennington"	"4-3"	668	668	352	515	867	296	614	910	281	510	791	278	600	878
"SD"	2010	"Pennington"	"4-3(Including:4-4)(08)"														
"SD"	2010	"Pennington"	"4-4"	168	168	79	133	212	67	156	223	56	132	188	52	161	213
"SD"	2010	"Pennington"	"5-1"	1026	1026	552	764	1316	518	868	1386	429	782	1211	403	931	1334
"SD"	2010	"Pennington"	"5-2"	332	332	197	243	440	167	293	460	144	245	389	144	295	439
"SD"	2010	"Pennington"	"5-3"	1253	1253	592	981	1573	512	1104	1616	449	1008	1457	392	1170	1562
"SD"	2010	"Pennington"	"5-4"	691	691	526	484	1010	490	575	1065	442	488	930	394	618	1012
"SD"	2010	"Pennington"	"5-5"	401	401	264	291	555	238	356	594	201	287	488	203	349	552
"SD"	2010	"Pennington"	"BB5(06)"														
"SD"	2010	"Pennington"	"BE8(04)"														
"SD"	2010	"Pennington"	"BE30"	22	22	9	15	24	4	20	24	6	13	19	9	15	24
"SD"	2010	"Pennington"	"BE33"	684	684	299	478	777	230	594	824	217	467	684	212	583	795
"SD"	2010	"Pennington"	"BE35"	94	94	60	64	124	43	84	127	40	64	104	39	81	120
"SD"	2010	"Pennington"	"CA19"	231	231	51	215	266	70	213	283	44	192	236	45	226	271
"SD"	2010	"Pennington"	"CL6"	301	301	146	243	389	133	268	401	118	245	363	112	280	392
"SD"	2010	"Pennington"	"CR14"	52	52	12	41	53	14	43	57	5	44	49	9	45	54
"SD"	2010	"Pennington"	"DG7"	272	272	116	203	319	86	248	334	74	213	287	86	237	323
"SD"	2010	"Pennington"	"DT24"	500	500	189	409	598	160	463	623	147	410	557	119	478	597
"SD"	2010	"Pennington"	"HC1"	739	739	321	568	889	323	645	968	265	556	821	255	673	928
"SD"	2010	"Pennington"	"HR9"	247	247	64	209	273	60	222	282	41	212	253	32	240	272
"SD"	2010	"Pennington"	"JS5"	914	914	355	758	1113	346	794	1140	289	740	1029	280	833	1113
"SD"	2010	"Pennington"	"K3"	330	330	140	261	401	142	286	428	110	260	370	102	306	408
"SD"	2010	"Pennington"	"NH18"	333	333	163	233	396	151	277	428	117	244	361	126	291	417
"SD"	2010	"Pennington"	"NU10"	326	326	132	260	392	149	276	425	86	282	368	100	313	413
"SD"	2010	"Pennington"	"Q17"	59	59	11	56	67	17	55	72	7	53	60	10	61	71
"SD"	2010	"Pennington"	"R13"	34	34	14	29	43	15	28	43	9	27	36	13	29	42
"SD"	2010	"Pennington"	"RK4"	940	940	332	819	1151	307	875	1182	254	783	1037	242	891	1133
"SD"	2010	"Pennington"	"RVE1"	560	560	240	423	663	223	491	714	193	412	605	205	482	687
"SD"	2010	"Pennington"	"RVFD"	483	483	219	386	605	207	430	637	186	377	563	184	437	621
"SD"	2010	"Pennington"	"RVF2(08)"														
"SD"	2010	"Pennington"	"RVS1"	746	746	347	536	883	261	671	932	239	571	810	235	662	897
"SD"	2010	"Pennington"	"RVV1"	662	662	287	487	774	230	589	819	204	489	693	226	557	783
"SD"	2010	"Pennington"	"SC9(06)"														
"SD"	2010	"Pennington"	"SC11"	48	48	18	37	55	21	38	59	16	33	49	19	37	56
"SD"	2010	"Pennington"	"SIL2(04)"														
"SD"	2010	"Pennington"	"SL23(06)"														
"SD"	2010	"Pennington"	"VC37(06)"														
"SD"	2010	"Pennington"	"VD33(06)"														
"SD"	2010	"Pennington"	"VN34(06)"														
"SD"	2010	"Pennington"	"VS36(06)"														
"SD"	2010	"Pennington"	"VW35(06)"														
"SD"	2010	"Pennington"	"WA12"	52	52	8	49	57	18	48	66	12	40	52	9	52	61
"SD"	2010	"Pennington"	"WL15"	430	430	169	319	488	145	370	515	96	342	438	83	409	492
"SD"	2010	"Pennington"	"WP23"	1133	1133	465	918	1383	402	1018	1420	343	926	1269	306	1067	1373
"SD"	2010	"Perkins"	"1"	173	173	103	119	222	109	133	242	87	130	217	97	130	227
"SD"	2010	"Perkins"	"2"	85	85	37	63	100	31	74	105	24	62	86	24	76	100
"SD"	2010	"Perkins"	"3"	200	200	82	151	233	79	173	252	52	158	210	66	175	241
"SD"	2010	"Perkins"	"4"	50	50	15	45	60	23	37	60	11	33	44	11	48	59
"SD"	2010	"Perkins"	"5"	91	91	26	74	100	44	65	109	24	71	95	28	77	105
"SD"	2010	"Perkins"	"6"	84	84	37	71	108	57	54	111	32	52	84	40	65	105
"SD"	2010	"Perkins"	"7"	93	93	18	83	101	30	71	101	9	71	80	12	84	96
"SD"	2010	"Perkins"	"8"	39	39	10	35	45	13	34	47	6	37	43	8	39	47
"SD"	2010	"Perkins"	"9"	45	45	9	41	50	20	29	49	6	32	38	6	43	49
"SD"	2010	"Perkins"	"12"	228	228	81	177	258	103	173	276	50	184	234	46	217	263
"SD"	2010	"Potter"	"23"	223	223	118	151	269	80	201	281	88	173	261	58	215	273
"SD"	2010	"Potter"	"25"	86	86	44	67	111	34	80	114	35	69	104	25	83	108
"SD"	2010	"Potter"	"26"	179	179	108	118	226	77	160	237	81	139	220	52	174	226
"SD"	2010	"Potter"	"27"	253	253	118	194	312	88	229	317	79	217	296	56	253	309
"SD"	2010	"Potter"	"31(04)"														
"SD"	2010	"Potter"	"35"	235	235	115	167	282	82	212	294	93	166	259	65	218	283
"SD"	2010	"Potter"	"36"	59	59	15	48	63	13	54	67	8	47	55	10	54	64
"SD"	2010	"Potter"	"38(04)"														
"SD"	2010	"Roberts"	"1"	92	92	76	60	136	75	65	140	69	58	127	56	82	138
"SD"	2010	"Roberts"	"2"	292	292	146	214	360	139	254	393	135	222	357	123	253	376
"SD"	2010	"Roberts"	"3"	138	138	111	99	210	115	109	224	113	72	185	88	120	208
"SD"	2010	"Roberts"	"4"	41	41	41	27	68	48	31	79	42	27	69	44	31	75
"SD"	2010	"Roberts"	"5"	209	209	251	97	348	239	120	359	247	89	336	226	129	355
"SD"	2010	"Roberts"	"6"	218	218	111	147	258	107	168	275	100	141	241	94	170	264
"SD"	2010	"Roberts"	"7"	179	179	98	117	215	83	141	224	84	120	204	76	136	212
"SD"	2010	"Roberts"	"8"	74	74	73	21	94	65	41	106	63	33	96	60	42	102
"SD"	2010	"Roberts"	"9"	307	307	209	191	400	200	236	436	183	209	392	163	249	412
"SD"	2010	"Roberts"	"10"	114	114	160	51	211	133	79	212	139	56	195	135	73	208
"SD"	2010	"Roberts"	"11"	431	431	404	258	662	381	313	694	375	243	618	321	344	665
"SD"	2010	"Roberts"	"12"	133	133	136	67	203	129	86	215	126	73	199	109	103	212
"SD"	2010	"Roberts"	"13"	192	192	188	107	295	172	148	320	187	112	299	158	148	306
"SD"	2010	"Roberts"	"14"	78	78	73	51	124	70	61	131	71	50	121	61	63	124
"SD"	2010	"Sanborn"	"1"	202	202	138	117	255	110	157	267	82	147	229	68	192	260
"SD"	2010	"Sanborn"	"2"	203	203	118	117	235	97	148	245	94	128	222	67	169	236
"SD"	2010	"Sanborn"	"3"	87	87	64	50	114	47	75	122	46	66	112	40	78	118
"SD"	2010	"Sanborn"	"4"	161	161	131	93	224	111	132	243	100	102	202	76	159	235
"SD"	2010	"Sanborn"	"5"	201	201	127	137	264	119	161	280	105	143	248	80	187	267
"SD"	2010	"Sanborn"	"6(08)"														
"SD"	2010	"Sanborn"	"7(08)"														
"SD"	2010	"Shannon"	"Batesland"	52	52	71	36	107	70	42	112	69	31	100	71	38	109
"SD"	2010	"Shannon"	"Cuny Table"	25	25	37	11	48	31	16	47	31	12	43	30	15	45
"SD"	2010	"Shannon"	"Kyle"	125	125	369	24	393	311	76	387	308	37	345	340	45	385
"SD"	2010	"Shannon"	"Manderson"	72	72	181	17	198	153	33	186	142	25	167	158	30	188
"SD"	2010	"Shannon"	"Oglala"	100	100	226	24	250	190	53	243	187	32	219	202	44	246
"SD"	2010	"Shannon"	"Pine Ridge 1"	110	110	363	13	376	295	60	355	304	19	323	331	37	368
"SD"	2010	"Shannon"	"Pine Ridge 2"	101	101	318	15	333	275	46	321	267	29	296	286	37	323
"SD"	2010	"Shannon"	"Pine Ridge 3"	122	122	319	27	346	294	47	341	295	30	325	299	47	346
"SD"	2010	"Shannon"	"Porcupine"	79	79	225	9	234	209	20	229	197	13	210	215	14	229
"SD"	2010	"Shannon"	"Sharps Corner"	68	68	151	15	166	131	30	161	129	20	149	135	26	161
"SD"	2010	"Spink"	"1"	305	305	193	206	399	171	244	415	148	231	379	139	273	412
"SD"	2010	"Spink"	"3"	222	222	143	147	290	129	176	305	120	158	278	73	227	300
"SD"	2010	"Spink"	"4"	228	228	169	131	300	133	187	320	138	157	295	106	200	306
"SD"	2010	"Spink"	"5"	144	144	105	87	192	86	118	204	89	93	182	68	125	193
"SD"	2010	"Spink"	"6"	86	86	76	38	114	53	69	122	62	45	107	55	60	115
"SD"	2010	"Spink"	"7"	296	296	229	170	399	170	255	425	203	193	396	161	257	418
"SD"	2010	"Spink"	"8"	81	81	87	47	134	78	62	140	78	49	127	56	74	130
"SD"	2010	"Spink"	"9"	355	355	251	191	442	209	272	481	197	261	458	148	327	475
"SD"	2010	"Spink"	"10"	338	338	311	184	495	248	261	509	250	215	465	196	295	491
"SD"	2010	"Stanley"	"1 Orton"	19	19	6	18	24	5	19	24	7	15	22	5	19	24
"SD"	2010	"Stanley"	"2 Ft Pierre"	152	152	94	96	190	77	128	205	92	103	195	55	151	206
"SD"	2010	"Stanley"	"3 Sansarc"	52	52	21	38	59	25	43	68	18	42	60	13	54	67
"SD"	2010	"Stanley"	"4 Consolidated"	151	151	75	109	184	65	141	206	55	128	183	40	161	201
"SD"	2010	"Stanley"	"5 Oahe"	179	179	94	123	217	76	150	226	63	143	206	40	178	218
"SD"	2010	"Stanley"	"6 Ft Pierre"	313	313	184	204	388	120	290	410	120	244	364	76	332	408
"SD"	2010	"Stanley"	"9 Ft Pierre"	159	159	115	108	223	95	144	239	95	117	212	73	158	231
"SD"	2010	"Stanley"	"14 Hayes"	37	37	12	30	42	8	35	43	8	31	39	5	37	42
"SD"	2010	"Sully"	"1"	89	89	36	70	106	34	77	111	24	73	97	19	89	108
"SD"	2010	"Sully"	"2 (Including: 5)"	160	160	55	129	184	52	142	194	55	125	180	34	162	196
"SD"	2010	"Sully"	"2(06)"														
"SD"	2010	"Sully"	"3"	113	113	55	69	124	38	98	136	42	79	121	22	108	130
"SD"	2010	"Sully"	"3 (Including: 4)(08)"														
"SD"	2010	"Sully"	"4"	128	128	67	79	146	41	114	155	40	99	139	21	133	154
"SD"	2010	"Sully"	"5(06)"														
"SD"	2010	"Sully"	"6"	110	110	57	80	137	46	98	144	52	76	128	39	100	139
"SD"	2010	"Todd"	"Absentee(04)"														
"SD"	2010	"Todd"	"Bordeaux"	19	19	32	12	44	31	15	46	31	8	39	31	15	46
"SD"	2010	"Todd"	"Jeanette"	52	52	23	42	65	27	47	74	24	42	66	18	53	71
"SD"	2010	"Todd"	"Lakeview"	116	116	29	94	123	20	106	126	23	84	107	17	107	124
"SD"	2010	"Todd"	"Mission-N. Antelope"	231	231	346	100	446	308	147	455	303	105	408	310	138	448
"SD"	2010	"Todd"	"O'Kreek"	75	75	85	37	122	79	49	128	82	40	122	81	48	129
"SD"	2010	"Todd"	"Parmelee"	143	143	226	44	270	189	78	267	170	50	220	208	59	267
"SD"	2010	"Todd"	"Rosebud"	161	161	336	30	366	294	75	369	297	31	328	312	52	364
"SD"	2010	"Todd"	"South Antelope"	114	114	179	49	228	168	69	237	162	55	217	164	71	235
"SD"	2010	"Todd"	"St. Francis"	98	98	244	13	257	208	44	252	208	21	229	219	33	252
"SD"	2010	"Tripp"	"Clearfield"	104	104	56	84	140	57	92	149	49	90	139	43	101	144
"SD"	2010	"Tripp"	"Colome"	288	288	139	202	341	117	247	364	145	189	334	97	248	345
"SD"	2010	"Tripp"	"Hamill"	78	78	23	63	86	28	66	94	15	69	84	13	78	91
"SD"	2010	"Tripp"	"Ideal"	67	67	21	60	81	23	58	81	17	59	76	18	63	81
"SD"	2010	"Tripp"	"Lake"	128	128	35	105	140	33	121	154	30	108	138	26	120	146
"SD"	2010	"Tripp"	"Lamro"	226	226	109	168	277	82	210	292	96	183	279	54	234	288
"SD"	2010	"Tripp"	"Sully"	74	74	50	49	99	38	66	104	33	63	96	31	72	103
"SD"	2010	"Tripp"	"Winner City E 2nd"	172	172	87	128	215	71	162	233	75	137	212	62	167	229
"SD"	2010	"Tripp"	"Winner City E 3rd"	211	211	142	138	280	95	197	292	105	159	264	85	197	282
"SD"	2010	"Tripp"	"Winner City SE 1st"	127	127	60	85	145	44	116	160	39	102	141	33	123	156
"SD"	2010	"Tripp"	"Winner City W 2nd"	263	263	127	173	300	87	239	326	100	195	295	54	253	307
"SD"	2010	"Tripp"	"Winner City W 3rd"	99	99	62	62	124	52	89	141	56	71	127	46	91	137
"SD"	2010	"Tripp"	"Witten"	88	88	38	73	111	38	82	120	38	69	107	27	90	117
"SD"	2010	"Turner"	"Brothersfield/Home/Parker"	581	581	336	409	745	280	514	794	337	382	719	188	567	755
"SD"	2010	"Turner"	"Centerville/Turner"	393	393	265	242	507	251	288	539	294	217	511	179	326	505
"SD"	2010	"Turner"	"Chancellor/Germantown"	212	212	137	131	268	99	186	285	104	146	250	80	188	268
"SD"	2010	"Turner"	"Childstown/Salem/Spring Valley"	187	187	105	142	247	97	164	261	109	123	232	68	172	240
"SD"	2010	"Turner"	"Dolton/Monroe/Marion/Rosefield"	631	631	290	454	744	269	529	798	249	455	704	183	572	755
"SD"	2010	"Turner"	"Irene/Daneville"	120	120	91	69	160	90	89	179	116	58	174	72	96	168
"SD"	2010	"Turner"	"Norway/Hurley/Davis/Middleton"	362	362	230	239	469	211	293	504	268	203	471	160	323	483
"SD"	2010	"Turner"	"Viborg/Swan Lake"	292	292	222	189	411	208	227	435	267	134	401	162	251	413
"SD"	2010	"Union"	"1"	157	157	100	96	196	100	112	212	82	107	189	72	127	199
"SD"	2010	"Union"	"2"	258	258	218	150	368	170	223	393	179	174	353	158	215	373
"SD"	2010	"Union"	"3"	177	177	75	148	223	94	133	227	76	134	210	70	145	215
"SD"	2010	"Union"	"4"	104	104	55	78	133	52	80	132	52	67	119	51	76	127
"SD"	2010	"Union"	"5"	287	287	180	214	394	191	230	421	185	204	389	159	247	406
"SD"	2010	"Union"	"6"	389	389	288	240	528	258	289	547	259	251	510	207	310	517
"SD"	2010	"Union"	"7"	128	128	125	87	212	127	97	224	134	82	216	103	106	209
"SD"	2010	"Union"	"8"	596	596	365	399	764	290	508	798	339	390	729	289	463	752
"SD"	2010	"Union"	"9"	310	310	149	255	404	126	284	410	126	235	361	127	265	392
"SD"	2010	"Union"	"10"	204	204	113	166	279	108	170	278	105	131	236	112	154	266
"SD"	2010	"Union"	"11"	431	431	282	297	579	246	363	609	261	287	548	262	321	583
"SD"	2010	"Union"	"12"	330	330	144	251	395	122	284	406	127	248	375	119	272	391
"SD"	2010	"Union"	"13"	1151	1151	314	975	1289	218	1101	1319	236	994	1230	221	1048	1269
"SD"	2010	"Walworth"	"2"	74	74	27	54	81	16	70	86	22	53	75	13	71	84
"SD"	2010	"Walworth"	"3"	85	85	31	66	97	28	76	104	23	73	96	15	86	101
"SD"	2010	"Walworth"	"4"	77	77	26	59	85	18	70	88	13	68	81	13	76	89
"SD"	2010	"Walworth"	"5"	92	92	30	72	102	19	91	110	22	84	106	15	95	110
"SD"	2010	"Walworth"	"9"	70	70	23	58	81	20	67	87	23	55	78	26	60	86
"SD"	2010	"Walworth"	"10"	66	66	46	43	89	40	56	96	40	47	87	38	54	92
"SD"	2010	"Walworth"	"11"	123	123	72	86	158	46	117	163	44	104	148	35	126	161
"SD"	2010	"Walworth"	"12"	148	148	70	100	170	38	144	182	40	119	159	32	141	173
"SD"	2010	"Walworth"	"13"	115	115	67	66	133	51	100	151	49	88	137	43	104	147
"SD"	2010	"Walworth"	"15"	164	164	80	125	205	66	152	218	59	136	195	56	156	212
"SD"	2010	"Walworth"	"16"	168	168	84	115	199	57	151	208	69	115	184	65	136	201
"SD"	2010	"Walworth"	"17"	63	63	35	46	81	27	55	82	25	47	72	23	56	79
"SD"	2010	"Walworth"	"18"	109	109	54	85	139	54	95	149	46	85	131	49	100	149
"SD"	2010	"Walworth"	"19"	176	176	115	104	219	72	154	226	76	136	212	61	158	219
"SD"	2010	"Walworth"	"20"	215	215	111	150	261	78	197	275	79	161	240	55	206	261
"SD"	2010	"Yankton"	"1"	457	457	402	244	646	299	398	697	357	245	602	306	344	650
"SD"	2010	"Yankton"	"2 (Including: 28)"	790	790	624	451	1075	481	696	1177	545	476	1021	474	617	1091
"SD"	2010	"Yankton"	"3"	618	618	478	370	848	323	590	913	392	411	803	320	498	818
"SD"	2010	"Yankton"	"4"	790	790	617	436	1053	453	686	1139	512	483	995	447	608	1055
"SD"	2010	"Yankton"	"5"	1272	1272	835	785	1620	569	1158	1727	663	873	1536	528	1069	1597
"SD"	2010	"Yankton"	"9 (Including: 29)"	174	174	122	91	213	100	139	239	106	100	206	71	148	219
"SD"	2010	"Yankton"	"10 (Including: 22)"	125	125	85	83	168	71	113	184	85	85	170	63	107	170
"SD"	2010	"Yankton"	"11(08)"														
"SD"	2010	"Yankton"	"Mis Hill 11&23"	207	207	138	120	258	106	172	278	117	124	241	93	162	255
"SD"	2010	"Yankton"	"Utica/Zisk 12,24&25"	199	199	127	121	248	115	155	270	128	108	236	112	137	249
"SD"	2010	"Yankton"	"Lstrv/Zis 13,17/18"	146	146	75	97	172	69	118	187	78	89	167	66	109	175
"SD"	2010	"Yankton"	"14"	216	216	168	145	313	162	182	344	183	132	315	131	189	320
"SD"	2010	"Yankton"	"19 (Including: 16)"	89	89	68	62	130	63	80	143	57	47	104	47	75	122
"SD"	2010	"Yankton"	"23(08)"														
"SD"	2010	"Yankton"	"26"	980	980	597	648	1245	409	919	1328	509	674	1183	394	830	1224
"SD"	2010	"Yankton"	"Mayf/Wal15&20(04)"														
"SD"	2010	"Yankton"	"Lake(04)"														
"SD"	2010	"Ziebach"	"Bridger"	14	14	26	5	31	23	5		19	4	23	22	8	30
"SD"	2010	"Ziebach"	"Cherry Creek"	34	34	62	7	69	48	16		46	8	54	52	13	65
"SD"	2010	"Ziebach"	"Davis"	82	82	97	37	134	83	52		78	37	115	77	53	130
"SD"	2010	"Ziebach"	"Glad Valley"	45	45	23	39	62	30	35		19	39	58	18	45	63
"SD"	2010	"Ziebach"	"North Dupree"	41	41	38	23	61	33	32		29	31	60	28	37	65
"SD"	2010	"Ziebach"	"Red Scaffold"	32	32	46	12	58	36	19		33	13	46	40	18	58
"SD"	2010	"Ziebach"	"Redelm"	84	84	68	61	129	73	61		61	56	117	56	79	135
"SD"	2010	"Ziebach"	"South Dupree"	91	91	55	61	116	50	71		44	57	101	37	84	121
