state	year	county	town	g2008_USP_rv	g2008_USP_dv	g2008_ATG_rv	g2008_ATG_dv	g2008_AUD_pv	g2008_AUD_drv	g2008_GOV_rv	g2008_GOV_dv	g2008_LTG_dv	g2008_LTG_rv	g2008_SOS_rv	g2008_SOS_dv
"VT"	2008	"ADDISON"	"Addison"	374	378	165	520	63	628	553	100	181	559	258	462
"VT"	2008	"ADDISON"	"Bridport"	303	385	147	455	52	557	485	88	195	466	205	429
"VT"	2008	"ADDISON"	"Bristol"	622	1379	324	1454	269	1566	1141	393	749	1150	431	1418
"VT"	2008	"ADDISON"	"Cornwall"	187	558	120	546	49	604	393	188	335	362	137	543
"VT"	2008	"ADDISON"	"Ferrisburgh"	559	948	241	1090	150	1212	985	264	476	1014	388	1056
"VT"	2008	"ADDISON"	"Goshen"	33	87	29	79	23	92	55	23	50	63	31	83
"VT"	2008	"ADDISON"	"Granville"	31	132	19	123	31	121	61	21	78	71	27	126
"VT"	2008	"ADDISON"	"Hancock"	62	133	37	129	29	145	107	25	55	122	43	129
"VT"	2008	"ADDISON"	"Leicester"	190	331	111	360	38	447	330	112	204	317	132	363
"VT"	2008	"ADDISON"	"Lincoln"	197	622	113	600	119	602	346	187	394	362	165	586
"VT"	2008	"ADDISON"	"Middlebury"	685	2772	384	2569	343	2625	1656	860	1628	1517	516	2560
"VT"	2008	"ADDISON"	"Monkton"	332	796	177	820	153	883	636	171	430	645	246	791
"VT"	2008	"ADDISON"	"New Haven"	328	695	155	750	100	817	597	196	379	602	213	738
"VT"	2008	"ADDISON"	"Orwell"	275	377	148	424	73	505	413	98	197	426	194	404
"VT"	2008	"ADDISON"	"Panton"	150	221	63	267	22	306	242	48	103	250	99	246
"VT"	2008	"ADDISON"	"Ripton"	60	288	32	243	44	252	129	104	207	116	49	262
"VT"	2008	"ADDISON"	"Salisbury"	200	369	93	404	44	451	326	94	210	326	137	376
"VT"	2008	"ADDISON"	"Shoreham"	209	455	116	461	70	515	388	122	235	383	149	457
"VT"	2008	"ADDISON"	"Starksboro"	244	661	124	640	167	648	454	156	353	469	165	633
"VT"	2008	"ADDISON"	"Vergennes"	372	834	162	926	131	969	713	224	395	751	241	886
"VT"	2008	"ADDISON"	"Waltham"	81	194	36	215	24	234	162	56	111	146	56	201
"VT"	2008	"ADDISON"	"Weybridge"	116	429	61	446	52	447	272	135	262	268	90	426
"VT"	2008	"ADDISON"	"Whiting"	57	158	31	153	16	177	114	41	79	127	39	163
"VT"	2008	"BENNINGTON"	"Arlington"	476	895	321	798	114	1067	758	369	588	666	357	873
"VT"	2008	"BENNINGTON"	"Bennington 2-1"	915	2405	513	1942	327	2367	1546	1259	1715	1294	629	2301
"VT"	2008	"BENNINGTON"	"Bennington 2-2"	1026	2297	543	1868	347	2401	1649	1162	1592	1436	693	2214
"VT"	2008	"BENNINGTON"	"Dorset"	412	860	348	702	95	985	755	288	509	669	389	738
"VT"	2008	"BENNINGTON"	"Landgrove"	25	84	25	54	10	83	48	36	53	45	29	65
"VT"	2008	"BENNINGTON"	"Manchester"	862	1600	679	1320	184	1835	1545	538	956	1329	789	1384
"VT"	2008	"BENNINGTON"	"Peru"	51	180	51	134	21	162	95	61	113	91	52	146
"VT"	2008	"BENNINGTON"	"Pownal"	584	1137	368	907	177	1225	838	666	851	726	415	1092
"VT"	2008	"BENNINGTON"	"Readsboro"	168	241	101	207	42	257	197	138	207	156	115	233
"VT"	2008	"BENNINGTON"	"Rupert - Bennington-5"	30	32	23	30	5	44	39	15	20	37	25	29
"VT"	2008	"BENNINGTON"	"Rupert - Rutland-8"	137	212	85	182	34	245	186	92	146	168	106	189
"VT"	2008	"BENNINGTON"	"Sandgate"	91	128	73	108	19	164	107	77	105	97	57	134
"VT"	2008	"BENNINGTON"	"Searsburg"	32	26	15	30	3	43	29	20	28	24	17	35
"VT"	2008	"BENNINGTON"	"Shaftsbury"	724	1271	451	1131	160	1562	1096	594	893	1005	517	1314
"VT"	2008	"BENNINGTON"	"Stamford"	203	290	107	252	33	320	253	160	241	192	147	260
"VT"	2008	"BENNINGTON"	"Sunderland"	165	361	119	288	39	377	304	127	229	239	136	314
"VT"	2008	"BENNINGTON"	"Winhall"	181	364	158	276	31	397	313	122	208	269	174	289
"VT"	2008	"BENNINGTON"	"Woodford"	51	141	30	112	25	136	89	78	110	67	25	138
"VT"	2008	"CALEDONIA"	"Barnet"	366	589	217	592	66	786	548	175	316	553	281	561
"VT"	2008	"CALEDONIA"	"Burke"	312	491	179	504	42	677	487	100	254	504	235	489
"VT"	2008	"CALEDONIA"	"Danville"	516	821	267	924	82	1150	866	195	383	890	384	844
"VT"	2008	"CALEDONIA"	"Groton"	209	263	118	280	42	365	330	64	121	328	140	283
"VT"	2008	"CALEDONIA"	"Hardwick"	460	972	248	992	147	1162	817	213	478	873	277	1043
"VT"	2008	"CALEDONIA"	"Kirby"	82	168	45	164	19	208	142	40	82	156	57	169
"VT"	2008	"CALEDONIA"	"Lyndon"	920	1344	525	1434	119	1921	1513	277	564	1568	674	1344
"VT"	2008	"CALEDONIA"	"Newark"	95	164	59	151	22	214	160	32	77	164	62	166
"VT"	2008	"CALEDONIA"	"Peacham"	129	378	82	360	46	399	242	113	223	247	105	344
"VT"	2008	"CALEDONIA"	"Ryegate"	242	346	145	365	40	485	376	69	168	378	163	358
"VT"	2008	"CALEDONIA"	"Sheffield"	117	203	59	205	26	249	180	49	96	201	68	206
"VT"	2008	"CALEDONIA"	"St Johnsbury"	1183	1889	636	2063	185	2652	2004	484	882	2013	849	1932
"VT"	2008	"CALEDONIA"	"Stannard"	27	78	19	73	10	85	44	11	49	45	16	77
"VT"	2008	"CALEDONIA"	"Sutton"	196	238	104	269	37	358	293	37	103	307	131	260
"VT"	2008	"CALEDONIA"	"Walden"	158	356	87	333	56	394	274	81	157	294	104	349
"VT"	2008	"CALEDONIA"	"Waterford"	323	379	180	456	41	604	515	81	133	540	253	385
"VT"	2008	"CALEDONIA"	"Wheelock"	137	221	99	223	28	302	218	48	98	246	108	224
"VT"	2008	"CHITTENDEN"	"Bolton"	165	461	96	452	113	450	297	170	255	331	116	453
"VT"	2008	"CHITTENDEN"	"Burlington-Chittenden 3-1"	1029	2896	361	3146	489	3093	2066	954	1660	1965	702	2896
"VT"	2008	"CHITTENDEN"	"Burlington-Chittenden 3-2"	520	1687	211	1676	413	1582	1021	545	940	1017	358	1586
"VT"	2008	"CHITTENDEN"	"Burlington-Chittenden 3-3"	371	3823	268	2787	1182	2167	1002	1401	2165	925	292	2930
"VT"	2008	"CHITTENDEN"	"Burlington-Chittenden 3-4"	357	3953	286	2561	1154	2000	925	1389	2048	852	322	2626
"VT"	2008	"CHITTENDEN"	"Burlington-Chittenden 3-5"	724	4266	350	3670	1039	3205	1650	1595	2505	1565	510	3722
"VT"	2008	"CHITTENDEN"	"Burlington-Chittenden 3-6"	85	632	50	488	143	425	220	235	353	224	55	512
"VT"	2008	"CHITTENDEN"	"Charlotte"	612	1802	300	1780	312	1768	1265	600	1029	1226	494	1690
"VT"	2008	"CHITTENDEN"	"Colchester- Chittenden 7-1"	1143	2535	514	2692	410	2806	2198	676	1176	2271	788	2512
"VT"	2008	"CHITTENDEN"	"Colchester-Chittenden 7-2"	1549	2682	614	3104	433	3314	2636	739	1256	2746	1001	2817
"VT"	2008	"CHITTENDEN"	"Essex-Chittenden 6-1"	1560	2835	703	3144	525	3285	2883	689	1185	3053	1130	2872
"VT"	2008	"CHITTENDEN"	"Essex-Chittenden 6-2"	1614	3323	760	3553	561	3758	2998	889	1422	3301	1198	3247
"VT"	2008	"CHITTENDEN"	"Essex-Chittenden 6-3"	486	925	201	1019	208	1032	833	276	438	915	343	946
"VT"	2008	"CHITTENDEN"	"Hinesburg-Chittenden 1-1"	664	1706	299	1757	359	1691	1197	558	931	1237	448	1679
"VT"	2008	"CHITTENDEN"	"Hinesburg-Chittenden1-2"	28	80	10	86	10	85	62	25	47	55	20	80
"VT"	2008	"CHITTENDEN"	"Huntington"	269	850	125	841	236	71	487	232	495	538	181	816
"VT"	2008	"CHITTENDEN"	"Jericho"	981	2151	460	2297	622	2196	1619	955	1160	1836	716	2177
"VT"	2008	"CHITTENDEN"	"Milton-Chittenden-9"	1756	2426	780	2954	402	3336	2903	566	1080	2985	1147	2649
"VT"	2008	"CHITTENDEN"	"Milton-Grand Isle-Chittenden-1-1"	300	363	139	453	70	532	454	100	184	475	216	393
"VT"	2008	"CHITTENDEN"	"Richmond"	675	1816	338	1849	464	1771	1260	606	1029	1314	424	1839
"VT"	2008	"CHITTENDEN"	"Shelburne-Chittenden 5-1"	601	1884	285	1877	245	1911	1241	645	1065	1221	488	1757
"VT"	2008	"CHITTENDEN"	"Shelburne-Chittenden 5-2"	616	1463	276	1539	176	1623	1221	434	735	1194	494	1387
"VT"	2008	"CHITTENDEN"	"South Burlington-Chittenden 3-10"	555	1680	238	1705	286	1675	1105	559	942	1080	397	1586
"VT"	2008	"CHITTENDEN"	"South Burlington-Chittenden 3-7"	575	1643	246	1631	249	1671	1156	532	936	1090	444	1562
"VT"	2008	"CHITTENDEN"	"South Burlington-Chittenden 3-8"	976	2178	436	2352	271	2482	1973	661	1125	1845	747	2092
"VT"	2008	"CHITTENDEN"	"South Burlington-Chittenden 3-9"	666	1470	258	1607	250	1666	1237	389	725	1278	435	1487
"VT"	2008	"CHITTENDEN"	"St George"	121	238	46	270	38	277	203	72	133	208	80	238
"VT"	2008	"CHITTENDEN"	"Underhill"	563	1420	275	1417	541	1229	920	571	823	1038	409	1392
"VT"	2008	"CHITTENDEN"	"Westford"	361	774	165	810	217	797	627	167	386	694	234	783
"VT"	2008	"CHITTENDEN"	"Williston"	1645	3507	762	3763	513	3984	3155	980	1631	3246	1216	3465
"VT"	2008	"CHITTENDEN"	"Winooski"	670	2142	265	2100	474	1934	1349	655	1144	1344	401	2007
"VT"	2008	"ESSEX"	"Bloomfield"	35	78	27	63	10	81	59	34	49	55	35	58
"VT"	2008	"ESSEX"	"Brighton"	243	352	144	368	53	481	375	82	182	382	167	361
"VT"	2008	"ESSEX"	"Brunswick"	23	35	12	37	7	42	45	10	14	43	10	39
"VT"	2008	"ESSEX"	"Canaan"	192	286	116	270	43	360	302	89	143	288	137	267
"VT"	2008	"ESSEX"	"Concord"	221	313	114	369	39	453	378	65	117	393	156	304
"VT"	2008	"ESSEX"	"East Haven"	63	89	42	83	18	118	94	19	37	99	51	74
"VT"	2008	"ESSEX"	"Granby"	17	27	15	23	2	35	31	8	12	28	16	22
"VT"	2008	"ESSEX"	"Guildhall"	65	75	42	64	11	102	92	24	40	85	48	70
"VT"	2008	"ESSEX"	"Lemington"	30	29	16	31	5	44	46	7	12	42	26	30
"VT"	2008	"ESSEX"	"Lunenburg"	269	330	170	360	47	480	397	119	142	423	176	332
"VT"	2008	"ESSEX"	"Maidstone"	42	59	30	51	5	80	73	14	20	73	37	54
"VT"	2008	"ESSEX"	"Norton"	63	37	41	51	5	81	68	8	18	76	27	60
"VT"	2008	"ESSEX"	"Victory"	21	23	10	34	3	42	32	7	9	33	12	33
"VT"	2008	"FRANKLIN"	"Bakersfield"	214	420	94	437	89	476	381	99	190	403	129	435
"VT"	2008	"FRANKLIN"	"Berkshire"	268	389	114	466	79	526	428	99	163	465	189	416
"VT"	2008	"FRANKLIN"	"Enosburgh"	443	766	189	864	131	951	783	181	311	825	271	805
"VT"	2008	"FRANKLIN"	"Fairfax"	826	1338	368	1532	275	1682	1380	305	573	1525	515	1483
"VT"	2008	"FRANKLIN"	"Fairfield"	309	641	121	743	100	779	603	133	274	643	166	714
"VT"	2008	"FRANKLIN"	"Fletcher"	211	437	94	442	88	503	379	90	201	413	148	436
"VT"	2008	"FRANKLIN"	"Franklin"	278	341	134	412	64	504	436	64	132	471	224	344
"VT"	2008	"FRANKLIN"	"Georgia"	913	1300	401	1585	225	1784	1587	266	556	1607	614	1433
"VT"	2008	"FRANKLIN"	"Highgate"	542	761	256	956	111	1088	885	159	327	969	346	855
"VT"	2008	"FRANKLIN"	"Montgomery"	185	434	90	441	125	440	294	115	232	313	124	407
"VT"	2008	"FRANKLIN"	"Richford"	340	570	147	668	98	743	569	146	263	599	187	638
"VT"	2008	"FRANKLIN"	"Sheldon"	288	550	119	648	64	706	554	108	220	598	175	608
"VT"	2008	"FRANKLIN"	"Saint Albans City"	840	1844	382	2027	245	2182	1670	475	845	1705	535	1922
"VT"	2008	"FRANKLIN"	"Saint Albans Town"	1160	1792	469	2212	200	2514	2060	398	716	2146	707	2020
"VT"	2008	"FRANKLIN"	"Swanton"	1036	1596	438	1978	179	2218	1831	366	699	1890	659	1784
"VT"	2008	"GRAND ISLE"	"Alburgh"	375	600	196	686	80	781	620	152	278	665	255	634
"VT"	2008	"GRAND ISLE"	"Grand Isle"	440	751	201	882	114	986	718	208	369	774	299	829
"VT"	2008	"GRAND ISLE"	"Isle LaMotte"	126	216	67	227	33	265	192	61	102	214	76	232
"VT"	2008	"GRAND ISLE"	"North Hero"	230	312	113	392	35	475	351	78	146	390	149	371
"VT"	2008	"GRAND ISLE"	"South Hero"	319	815	145	900	96	945	642	222	417	668	220	844
"VT"	2008	"LAMOILLE"	"Belvidere"	68	79	40	91	16	126	91	29	41	109	47	94
"VT"	2008	"LAMOILLE"	"Cambridge"	546	1316	245	1247	318	1352	997	313	624	1114	379	1304
"VT"	2008	"LAMOILLE"	"Eden"	166	331	90	339	69	370	274	72	153	321	96	344
"VT"	2008	"LAMOILLE"	"Elmore"	123	386	52	371	57	395	223	112	201	264	79	380
"VT"	2008	"LAMOILLE"	"Hyde Park"	433	1075	260	1052	173	1180	837	230	475	940	315	1052
"VT"	2008	"LAMOILLE"	"Johnson"	364	1018	164	938	246	955	677	248	497	739	204	995
"VT"	2008	"LAMOILLE"	"Morristown"	724	1920	354	1902	284	2047	1411	441	902	1582	462	1920
"VT"	2008	"LAMOILLE"	"Stowe"	755	1975	514	1794	269	2050	1600	435	895	1596	655	1759
"VT"	2008	"LAMOILLE"	"Waterville"	120	235	51	228	48	261	203	37	88	234	80	229
"VT"	2008	"LAMOILLE"	"Wolcott"	216	579	120	557	84	614	409	126	272	466	160	563
"VT"	2008	"ORANGE"	"Bradford"	443	848	344	786	91	1020	775	333	452	752	344	798
"VT"	2008	"ORANGE"	"Braintree"	221	399	144	409	61	493	364	102	175	402	153	415
"VT"	2008	"ORANGE"	"Brookfield"	237	479	147	496	68	564	364	131	284	383	192	477
"VT"	2008	"ORANGE"	"Chelsea"	270	413	142	430	68	522	394	115	197	436	189	421
"VT"	2008	"ORANGE"	"Corinth"	250	429	164	404	74	504	333	153	261	352	175	416
"VT"	2008	"ORANGE"	"Fairlee"	159	402	117	348	51	430	297	137	220	285	119	376
"VT"	2008	"ORANGE"	"Newbury-Town Office"	424	656	297	637	96	879	623	241	351	652	309	653
"VT"	2008	"ORANGE"	"Orange"	256	266	129	336	56	428	377	53	108	402	182	305
"VT"	2008	"ORANGE"	"Randolph"	733	1560	464	1586	228	1804	1242	402	778	1393	552	1544
"VT"	2008	"ORANGE"	"Strafford"	139	589	119	483	84	530	253	220	399	254	120	515
"VT"	2008	"ORANGE"	"Thetford"	348	1265	275	1037	186	1145	679	477	803	621	250	1127
"VT"	2008	"ORANGE"	"Topsham"	251	278	153	311	40	449	350	79	146	367	162	312
"VT"	2008	"ORANGE"	"Tunbridge"	237	519	145	489	98	564	402	155	271	422	179	494
"VT"	2008	"ORANGE"	"Vershire"	99	271	80	197	51	258	155	66	172	151	71	230
"VT"	2008	"ORANGE"	"Washington"	223	338	122	343	62	437	330	73	161	351	127	357
"VT"	2008	"ORANGE"	"West Fairlee"	100	220	69	190	40	243	175	68	127	151	70	192
"VT"	2008	"ORANGE"	"Williamstown"	657	867	328	1043	136	1269	988	186	361	1116	377	1011
"VT"	2008	"ORLEANS"	"Albany"	163	316	85	317	48	388	262	64	158	277	111	319
"VT"	2008	"ORLEANS"	"Barton-Barton Mem"	441	802	222	861	88	1042	803	138	281	886	283	848
"VT"	2008	"ORLEANS"	"Brownington"	148	260	92	252	39	322	243	47	112	261	106	247
"VT"	2008	"ORLEANS"	"Charleston"	185	282	96	294	46	378	262	64	141	294	108	303
"VT"	2008	"ORLEANS"	"Coventry"	154	342	90	324	29	406	280	81	124	333	104	334
"VT"	2008	"ORLEANS"	"Craftsbury"	155	552	93	484	99	514	322	134	260	375	101	513
"VT"	2008	"ORLEANS"	"Derby"	870	1392	464	1565	138	1939	1419	292	584	1594	543	1535
"VT"	2008	"ORLEANS"	"Glover"	191	400	112	384	64	471	301	62	173	381	126	397
"VT"	2008	"ORLEANS"	"Greensboro"	133	321	73	309	49	361	218	80	186	236	98	314
"VT"	2008	"ORLEANS"	"Holland"	106	197	54	208	27	247	184	32	66	206	61	206
"VT"	2008	"ORLEANS"	"Irasburg"	224	308	116	365	31	458	347	48	139	386	141	362
"VT"	2008	"ORLEANS"	"Jay"	70	122	29	135	14	151	109	30	59	120	43	129
"VT"	2008	"ORLEANS"	"Lowell"	151	225	58	254	36	285	219	47	106	242	84	250
"VT"	2008	"ORLEANS"	"Morgan"	180	193	94	232	22	311	241	53	98	260	119	215
"VT"	2008	"ORLEANS"	"Newport City"	593	1088	310	1174	120	1439	1020	289	463	1143	394	1148
"VT"	2008	"ORLEANS"	"Newport Town"	292	433	156	472	51	597	446	112	178	506	164	485
"VT"	2008	"ORLEANS"	"Troy"	236	441	109	461	71	538	369	106	194	421	133	456
"VT"	2008	"ORLEANS"	"Westfield"	101	196	50	207	36	231	163	37	98	180	61	208
"VT"	2008	"ORLEANS"	"Westmore"	89	128	47	140	25	168	123	27	72	136	47	153
"VT"	2008	"RUTLAND"	"Benson"	182	330	113	331	67	387	296	98	176	316	126	328
"VT"	2008	"RUTLAND"	"Brandon"	641	1339	395	1363	168	1601	1138	409	747	1148	451	1400
"VT"	2008	"RUTLAND"	"Castleton"	730	1158	470	1139	188	1478	1127	344	690	1106	518	1184
"VT"	2008	"RUTLAND"	"Chittenden"	308	430	196	447	41	602	444	132	261	448	224	448
"VT"	2008	"RUTLAND"	"Clarendon"	597	721	344	796	79	1068	873	182	425	836	403	798
"VT"	2008	"RUTLAND"	"Danby"	281	434	208	399	101	552	393	165	281	406	198	439
"VT"	2008	"RUTLAND"	"Fair Haven"	472	779	307	776	98	1025	789	227	391	808	359	787
"VT"	2008	"RUTLAND"	"Hubbardton"	144	219	96	217	39	283	196	74	143	197	114	223
"VT"	2008	"RUTLAND"	"Ira - Rutland 1-1"	14	24	4	27	3	31	26	4	12	26	7	30
"VT"	2008	"RUTLAND"	"Ira - Rutland 1-2"	83	122	50	124	14	167	116	35	80	117	59	128
"VT"	2008	"RUTLAND"	"Killington"	220	392	162	332	43	458	371	105	222	334	183	355
"VT"	2008	"RUTLAND"	"Mendon"	261	396	165	414	32	562	401	129	277	364	207	403
"VT"	2008	"RUTLAND"	"Middletown Springs"	172	315	128	250	73	354	258	77	201	236	130	281
"VT"	2008	"RUTLAND"	"Mount Holly"	269	456	175	451	65	587	369	182	297	378	185	473
"VT"	2008	"RUTLAND"	"Mount Tabor"	38	65	21	62	11	79	52	16	38	55	17	68
"VT"	2008	"RUTLAND"	"Pawlet"	302	454	213	403	77	568	418	166	291	411	231	446
"VT"	2008	"RUTLAND"	"Pittsfield"	101	177	70	166	40	213	160	35	95	162	83	181
"VT"	2008	"RUTLAND"	"Pittsford"	580	967	355	972	133	1260	903	287	556	935	379	1029
"VT"	2008	"RUTLAND"	"Poultney"	483	977	334	921	162	1125	857	293	548	802	372	920
"VT"	2008	"RUTLAND"	"Proctor"	292	590	176	611	75	738	503	188	409	444	203	622
"VT"	2008	"RUTLAND"	"Rutland City - Rutland 5-1"	859	1438	451	1531	132	1864	1389	423	1036	1158	562	1505
"VT"	2008	"RUTLAND"	"Rutland City - Rutland 5-2"	720	1332	394	1378	148	1649	1164	441	934	1040	483	1395
"VT"	2008	"RUTLAND"	"Rutland City - Rutland 5-3"	464	927	238	960	103	1113	767	321	678	669	285	936
"VT"	2008	"RUTLAND"	"Rutland City - Rutland 5-4"	616	1253	327	1271	149	1487	1045	387	856	934	424	1255
"VT"	2008	"RUTLAND"	"Rutland Town - (Elem School)"	1048	1415	636	1551	128	2097	1648	384	869	1531	807	1493
"VT"	2008	"RUTLAND"	"Shrewsbury"	251	408	141	417	59	515	353	130	284	348	174	437
"VT"	2008	"RUTLAND"	"Sudbury"	96	240	52	242	27	274	176	67	143	178	75	243
"VT"	2008	"RUTLAND"	"Tinmouth"	121	207	71	203	42	244	160	77	145	159	80	214
"VT"	2008	"RUTLAND"	"Wallingford"	468	769	277	780	105	983	683	240	465	703	338	771
"VT"	2008	"RUTLAND"	"Wells"	265	305	206	261	54	435	360	96	186	339	205	286
"VT"	2008	"RUTLAND"	"West Haven"	51	88	44	73	15	122	86	21	41	90	43	78
"VT"	2008	"RUTLAND"	"West Rutland"	455	628	255	668	88	878	649	192	410	635	297	692
"VT"	2008	"WASHINGTON"	"Barre City - Washington 3-1"	646	1169	352	1299	158	1539	1090	262	594	1153	444	1231
"VT"	2008	"WASHINGTON"	"Barre City - Washington 3-2"	511	981	273	1075	139	1243	851	226	494	934	332	1051
"VT"	2008	"WASHINGTON"	"Barre City - Washington 3-3"	106	189	63	198	36	241	178	48	95	191	72	202
"VT"	2008	"WASHINGTON"	"Barre Town"	1868	2437	920	3015	232	3805	2965	484	1083	3140	218	2845
"VT"	2008	"WASHINGTON"	"Berlin"	503	835	216	993	107	1121	803	198	399	882	308	951
"VT"	2008	"WASHINGTON"	"Cabot"	238	543	144	493	138	566	380	154	299	395	171	524
"VT"	2008	"WASHINGTON"	"Calais"	215	785	116	717	133	772	368	248	476	415	141	766
"VT"	2008	"WASHINGTON"	"Duxbury"	203	548	93	552	112	556	360	110	281	415	145	542
"VT"	2008	"WASHINGTON"	"East Montpelier"	434	1209	205	1239	175	1303	766	357	679	867	298	1224
"VT"	2008	"WASHINGTON"	"Fayston"	206	595	139	553	84	601	382	155	337	401	212	504
"VT"	2008	"WASHINGTON"	"Marshfield"	270	634	141	588	154	668	389	159	377	421	177	626
"VT"	2008	"WASHINGTON"	"Middlesex"	263	799	136	763	155	797	407	210	478	480	178	785
"VT"	2008	"WASHINGTON"	"Montpelier"	810	3901	429	3488	728	3466	1642	1242	2393	1779	517	3630
"VT"	2008	"WASHINGTON"	"Moretown"	292	735	164	723	100	820	478	173	379	571	210	736
"VT"	2008	"WASHINGTON"	"Northfield"	867	1491	459	1616	195	1900	1475	375	702	1535	486	1708
"VT"	2008	"WASHINGTON"	"Plainfield"	158	567	98	484	150	483	250	133	337	294	121	522
"VT"	2008	"WASHINGTON"	"Roxbury"	99	254	62	230	62	233	153	57	137	185	62	251
"VT"	2008	"WASHINGTON"	"Waitsfield"	247	897	170	787	154	835	550	232	497	550	253	775
"VT"	2008	"WASHINGTON"	"Warren"	199	828	174	677	160	708	413	247	486	420	270	656
"VT"	2008	"WASHINGTON"	"Waterbury"	696	2146	346	2119	292	2228	1437	551	1073	1586	504	2081
"VT"	2008	"WASHINGTON"	"Woodbury"	172	349	87	331	75	398	257	89	194	280	117	362
"VT"	2008	"WASHINGTON"	"Worcester"	126	432	73	401	96	426	226	88	262	241	82	431
"VT"	2008	"WINDHAM"	"Athens"	55	97	40	76	12	116	75	46	72	57	38	92
"VT"	2008	"WINDHAM"	"Brattleboro - Windham 3-1"	518	1836	325	1525	235	1644	776	865	1317	387	366	1692
"VT"	2008	"WINDHAM"	"Brattleboro - Windham 3-2"	325	1603	198	1234	209	1207	512	759	1317	387	228	1434
"VT"	2008	"WINDHAM"	"Brattleboro - Windham 3-3"	255	1638	147	1222	294	1110	421	736	1327	321	180	1390
"VT"	2008	"WINDHAM"	"Brookline"	94	197	55	175	21	206	113	112	153	106	64	190
"VT"	2008	"WINDHAM"	"Dover"	294	478	225	375	59	521	401	224	366	330	262	409
"VT"	2008	"WINDHAM"	"Dummerston"	266	909	148	797	101	878	358	523	749	334	186	860
"VT"	2008	"WINDHAM"	"Grafton"	132	250	98	214	27	305	167	136	178	171	106	238
"VT"	2008	"WINDHAM"	"Guilford"	294	909	186	752	113	845	402	450	748	336	214	852
"VT"	2008	"WINDHAM"	"Halifax"	137	278	79	216	41	257	164	133	222	147	104	245
"VT"	2008	"WINDHAM"	"Jamaica"	135	382	122	284	47	367	254	141	241	220	118	314
"VT"	2008	"WINDHAM"	"Londonderry"	360	637	281	527	94	727	559	232	388	521	315	575
"VT"	2008	"WINDHAM"	"Marlboro"	93	502	67	337	73	358	133	185	384	124	73	412
"VT"	2008	"WINDHAM"	"Newfane"	211	798	147	659	100	723	343	406	625	297	162	731
"VT"	2008	"WINDHAM"	"Putney"	217	1183	144	941	164	908	295	696	954	253	164	1047
"VT"	2008	"WINDHAM"	"Rockingham"	619	1756	375	1564	165	1926	926	958	1308	759	388	1676
"VT"	2008	"WINDHAM"	"Stratton"	75	70	68	55	14	105	97	23	32	101	66	64
"VT"	2008	"WINDHAM"	"Townshend"	200	490	126	421	69	473	291	227	340	274	151	436
"VT"	2008	"WINDHAM"	"Vernon"	527	609	313	610	46	872	709	266	484	588	370	624
"VT"	2008	"WINDHAM"	"Wardsboro"	139	282	91	237	42	291	183	121	207	172	111	254
"VT"	2008	"WINDHAM"	"Westminster - Windham-4"	19	72	15	67	9	77	42	39	56	30	15	72
"VT"	2008	"WINDHAM"	"Westminster - Windham-5"	363	1223	220	1072	150	1204	504	685	929	415	251	1175
"VT"	2008	"WINDHAM"	"Whitingham"	246	426	190	319	57	464	349	179	317	286	209	362
"VT"	2008	"WINDHAM"	"Wilmington"	359	789	250	621	100	770	516	339	592	448	283	688
"VT"	2008	"WINDHAM"	"Windham"	64	171	48	143	23	173	103	89	130	83	50	153
"VT"	2008	"WINDSOR"	"Andover"	120	189	83	167	24	234	167	66	110	164	89	174
"VT"	2008	"WINDSOR"	"Baltimore"	55	65	46	58	8	96	75	23	34	81	39	69
"VT"	2008	"WINDSOR"	"Barnard"	180	365	121	340	45	425	285	110	185	302	124	350
"VT"	2008	"WINDSOR"	"Bethel"	305	702	199	672	127	752	535	150	352	580	215	692
"VT"	2008	"WINDSOR"	"Bridgewater"	183	342	160	286	55	404	285	128	201	283	151	313
"VT"	2008	"WINDSOR"	"Cavendish"	252	443	185	422	47	558	372	174	238	410	188	441
"VT"	2008	"WINDSOR"	"Chester"	535	1174	368	1085	138	1351	879	474	736	843	378	1149
"VT"	2008	"WINDSOR"	"Hartford - Windsor 6-1"	414	776	332	697	112	917	692	297	449	644	337	720
"VT"	2008	"WINDSOR"	"Hartford - Windsor 6-2"	1103	2809	887	2424	358	2964	2080	1047	1642	1899	843	2558
"VT"	2008	"WINDSOR"	"Hartland"	526	1382	431	1182	171	1441	1015	466	764	980	445	1224
"VT"	2008	"WINDSOR"	"Ludlow"	458	754	314	724	91	954	686	286	437	694	347	733
"VT"	2008	"WINDSOR"	"Norwich"	293	2037	267	1645	237	1660	739	898	1431	583	269	1775
"VT"	2008	"WINDSOR"	"Plymouth"	138	217	101	191	34	260	182	71	122	211	118	198
"VT"	2008	"WINDSOR"	"Pomfret"	164	446	131	410	44	496	284	168	267	297	124	423
"VT"	2008	"WINDSOR"	"Reading"	118	276	100	233	43	302	206	114	149	214	104	249
"VT"	2008	"WINDSOR"	"Rochester"	173	540	117	452	121	487	313	94	262	354	121	482
"VT"	2008	"WINDSOR"	"Royalton"	424	937	345	796	184	972	740	270	459	764	305	852
"VT"	2008	"WINDSOR"	"Sharon"	207	532	155	465	97	541	367	158	284	370	154	483
"VT"	2008	"WINDSOR"	"Springfield - Windsor 1-1"	21	35	14	37	3	51	36	9	23	32	10	42
"VT"	2008	"WINDSOR"	"Springfield - Windsor 1-2"	1415	2711	994	2596	331	3337	2288	1027	1613	2238	991	2695
"VT"	2008	"WINDSOR"	"Stockbridge"	127	265	104	238	41	311	212	60	151	211	102	254
"VT"	2008	"WINDSOR"	"Weathersfield"	552	983	396	909	156	1197	858	360	540	874	438	936
"VT"	2008	"WINDSOR"	"West Windsor"	217	478	171	425	51	530	373	188	272	372	175	440
"VT"	2008	"WINDSOR"	"Weston"	116	297	98	255	42	323	212	122	175	202	112	264
"VT"	2008	"WINDSOR"	"Windsor"	457	1228	358	1088	176	1285	831	460	760	786	333	1153
"VT"	2008	"WINDSOR"	"Woodstock"	531	1461	419	1296	130	1560	1011	589	850	968	431	1355
