state	year	county	town	g2010_REG_tv	g2010_BALL_tv	g2010_USH_rv	g2010_USH_dv	g2010_USS_rv	g2010_USS_dv	g2010_TRE_iv	g2010_TRE_dv	g2010_SOS_dv	g2010_SOS_rv	g2010_LTG_dv	g2010_LTG_rv	g2010_GOV_rv	g2010_GOV_dv	g2010_AUD_dv	g2010_AUD_rv	g2010_ATG_dv	g2010_ATG_rv
"VT"	2010	"ADDISON"	"Addison (Addison 3)"	1001	649	298	323	297	316	25	564	194	406	163	438	436	198	180	8	338	265
"VT"	2010	"ADDISON"	"Bridport (Addison 5)"	847	560	230	308	205	308	30	478	196	318	168	332	349	190	176	8	305	183
"VT"	2010	"ADDISON"	"Bristol (Addison 4)"	2781	1597	476	1037	450	1034	137	1337	792	702	646	742	760	773	727	33	998	401
"VT"	2010	"ADDISON"	"Cornwall (Addison 2)"	892	611	168	431	163	419	30	538	351	233	310	252	251	356	327	3	413	164
"VT"	2010	"ADDISON"	"Ferrisburgh (Addison 3)"	2033	1267	423	810	395	793	66	1098	598	588	470	672	676	552	515	40	754	382
"VT"	2010	"ADDISON"	"Goshen (Addison 2)"	190	93	26	64	23	63	11	75	56	31	48	38	32	58	49	2	59	23
"VT"	2010	"ADDISON"	"Granville (Orange-Addison 1)"	216	132	26	96	28	94	15	104	73	45	66	50	44	83	67	3	85	26
"VT"	2010	"ADDISON"	"Hancock (Addison 2)"	251	142	40	91	44	86	9	121	62	67	58	70	62	71	62	6	90	38
"VT"	2010	"ADDISON"	"Leicester (Addison 2)"	758	404	159	226	159	219	33	339	152	228	156	223	237	151	161	9	210	152
"VT"	2010	"ADDISON"	"Lincoln (Addison 4)"	1034	699	176	491	166	482	75	557	410	238	340	260	254	409	394	8	463	143
"VT"	2010	"ADDISON"	"Middlebury (Addison 1)"	4684	2737	550	2056	560	2002	199	2282	1723	810	1580	884	895	1757	1595	35	1921	500
"VT"	2010	"ADDISON"	"Monkton (Addison 4)"	1369	940	268	638	253	635	69	798	485	374	385	432	424	489	458	8	609	218
"VT"	2010	"ADDISON"	"New Haven (Addison 5)"	1318	851	267	551	263	534	47	741	378	412	312	458	453	367	363	17	531	233
"VT"	2010	"ADDISON"	"Orwell (Addison-Rutland 1)"	828	567	224	301	228	262	31	478	188	318	188	318	344	199	185	11	286	213
"VT"	2010	"ADDISON"	"Panton (Addison 3)"	468	281	102	160	106	153	12	251	123	141	84	169	163	102	102	6	168	87
"VT"	2010	"ADDISON"	"Ripton (Addison 2)"	451	291	53	218	48	217	21	238	189	73	160	88	79	202	175	8	209	43
"VT"	2010	"ADDISON"	"Salisbury (Addison 2)"	806	411	145	256	134	246	18	344	191	194	165	221	211	187	181	8	244	134
"VT"	2010	"ADDISON"	"Shoreham (Addison-Rutland 1)"	864	564	170	362	177	336	33	488	264	249	239	254	279	258	241	9	350	152
"VT"	2010	"ADDISON"	"Starksboro (Addison 4)"	1255	740	204	496	205	472	58	602	403	269	328	312	299	419	389	17	485	166
"VT"	2010	"ADDISON"	"Vergennes (Addison 3)"	1531	977	301	644	276	635	65	830	492	415	380	492	514	434	426	13	623	256
"VT"	2010	"ADDISON"	"Waltham (Addison 3)"	375	238	71	160	64	159	16	203	125	96	100	102	106	126	105	5	152	58
"VT"	2010	"ADDISON"	"Weybridge (Addison 5)"	661	468	115	333	105	324	24	409	264	171	231	190	178	279	248	5	333	87
"VT"	2010	"ADDISON"	"Whiting (Addison-Rutland 1)"	258	174	43	118	48	115	10	144	80	78	70	84	83	79	75	3	104	50
"VT"	2010	"BENNINGTON"	"Arlington (Bennington 5)"	1762	1019	329	617	314	611	75	833	488	437	503	395	412	570	442	41	507	335
"VT"	2010	"BENNINGTON"	"Bennington (Bennington 2-1)"	4808	2860	633	1922	548	1881	249	2179	1633	874	1577	809	937	1707	1368	132	1535	646
"VT"	2010	"BENNINGTON"	"Bennington (Bennington 2-2)"	4892	2430	614	1589	544	1565	183	1948	1287	856	1273	799	933	1385	1096	133	1254	613
"VT"	2010	"BENNINGTON"	"Dorset (Bennington-Rutland 1)"	1737	926	329	555	325	534	55	791	440	428	412	436	431	468	377	20	480	339
"VT"	2010	"BENNINGTON"	"Landgrove (Bennington-Rutland 1)"	131	83	27	62	28	62	2	86	48	36	40	37	37	53	46	2	47	32
"VT"	2010	"BENNINGTON"	"Manchester (Bennington 4)"	3430	1715	674	967	666	904	103	1439	753	826	733	826	868	792	637	40	797	698
"VT"	2010	"BENNINGTON"	"Peru (Bennington-Rutland 1)"	299	153	40	104	40	99	4	139	85	52	85	55	61	86	71	3	83	43
"VT"	2010	"BENNINGTON"	"Pownal (Bennington 1)"	2410	1194	355	741	316	741	98	964	608	448	601	419	446	683	534	75	587	339
"VT"	2010	"BENNINGTON"	"Readsboro (Windham-Bennington 1)"	532	227	73	132	65	121	12	173	119	87	111	83	80	126	114	18	116	72
"VT"	2010	"BENNINGTON"	"Rupert (Bennington 5)"	79	44	20	22	20	19	0	40	15	25	16	23	25	17	13	0	19	17
"VT"	2010	"BENNINGTON"	"Rupert (Rutland 8)"	444	243	84	137	79	134	22	192	113	105	119	97	113	121	104	13	112	86
"VT"	2010	"BENNINGTON"	"Sandgate (Bennington 5)"	288	168	59	93	61	93	14	135	82	68	83	63	68	93	81	4	75	59
"VT"	2010	"BENNINGTON"	"Searsburg (Windham-Bennington 1)"	77	45	17	17	14	15	5	34	15	25	15	17	21	15	13	8	14	14
"VT"	2010	"BENNINGTON"	"Shaftsbury (Bennington 3)"	2655	1724	511	1076	461	1051	116	1405	867	670	854	620	710	944	727	57	867	507
"VT"	2010	"BENNINGTON"	"Stamford (Windham-Bennington 1)"	594	308	123	139	111	155	19	238	145	135	130	137	148	140	127	15	130	126
"VT"	2010	"BENNINGTON"	"Sunderland (Bennington 5)"	641	377	120	239	106	224	37	296	187	153	186	152	153	213	175	14	202	114
"VT"	2010	"BENNINGTON"	"Winhall (Windham-Bennington-Windsor 1)"	702	319	148	214	144	215	39	316	173	181	169	186	209	164	149	15	176	156
"VT"	2010	"BENNINGTON"	"Woodford (Bennington 1)"	299	154	35	106	31	93	11	120	83	49	82	47	48	85	76	11	75	37
"VT"	2010	"CALEDONIA"	"Barnet (Caledonia 1)"	1312	766	307	420	308	384	65	639	325	382	273	418	412	321	272	11	385	276
"VT"	2010	"CALEDONIA"	"Burke (Caledonia 4)"	1107	603	242	331	232	321	27	522	254	307	193	350	330	246	194	6	319	224
"VT"	2010	"CALEDONIA"	"Danville (Caledonia-Washington 1)"	1737	1052	428	570	385	549	47	924	411	553	317	636	608	398	341	11	554	376
"VT"	2010	"CALEDONIA"	"Groton (Orange-Caledonia 1)"	659	382	178	172	182	162	22	319	121	223	89	246	240	122	95	5	168	163
"VT"	2010	"CALEDONIA"	"Hardwick (Caledonia 2)"	2291	1178	338	753	301	767	70	1012	565	506	392	662	566	552	463	26	711	289
"VT"	2010	"CALEDONIA"	"Kirby (Essex-Caledonia)"	326	211	77	124	77	116	12	180	99	98	76	112	108	91	74	2	114	73
"VT"	2010	"CALEDONIA"	"Lyndon (Caledonia 4)"	3145	1677	755	835	706	832	77	1462	569	988	478	1049	1076	526	444	26	767	707
"VT"	2010	"CALEDONIA"	"Newark (Essex-Caledonia-Orleans)"	400	225	89	113	88	111	13	187	101	106	69	121	119	83	173	9	106	77
"VT"	2010	"CALEDONIA"	"Peacham (Caledonia-Washington 1)"	647	410	108	278	108	268	19	353	222	152	181	177	174	219	201	4	257	100
"VT"	2010	"CALEDONIA"	"Ryegate (Caledonia 1)"	835	441	170	239	170	224	22	390	191	209	152	247	242	183	150	11	226	157
"VT"	2010	"CALEDONIA"	"Saint Johnsbury (Caledonia 3)"	5057	2387	966	1297	935	1302	119	2097	972	1260	773	1360	1404	871	667	38	1231	883
"VT"	2010	"CALEDONIA"	"Sheffield (Orleans-Caledonia 1)"	468	230	84	127	76	135	16	188	102	104	83	127	124	88	76	5	129	67
"VT"	2010	"CALEDONIA"	"Stannard (Caledonia 2)"	133	72	19	57	19	56	0	80	47	29	40	33	30	47	41	2	51	21
"VT"	2010	"CALEDONIA"	"Sutton (Caledonia 4)"	655	335	162	158	143	165	14	297	100	201	88	216	213	109	89	2	153	141
"VT"	2010	"CALEDONIA"	"Walden (Caledonia 2)"	661	462	150	278	139	271	25	386	201	204	160	233	225	216	172	18	250	127
"VT"	2010	"CALEDONIA"	"Waterford (Caledonia 1)"	930	574	278	256	273	253	19	513	195	347	154	373	383	167	113	10	260	254
"VT"	2010	"CALEDONIA"	"Wheelock (Orleans-Caledonia 1)"	500	269	111	141	105	142	14	230	106	138	82	160	138	114	78	4	125	103
"VT"	2010	"CHITTENDEN"	"Bolton (Chittenden 8)"	870	519	160	336	138	342	39	440	272	211	196	266	244	254	239	10	325	132
"VT"	2010	"CHITTENDEN"	"Burlington (Chittenden 3-1)"	5478	3019	739	2153	703	2075	256	2542	1861	983	1398	1261	1285	1652	1504	31	2103	625
"VT"	2010	"CHITTENDEN"	"Burlington (Chittenden 3-2)"	3204	1681	384	1202	355	1189	230	1300	1085	486	806	650	627	995	929	21	1138	317
"VT"	2010	"CHITTENDEN"	"Burlington (Chittenden 3-3)"	8517	2374	240	1925	209	1913	641	1419	1805	321	1380	399	382	1901	1710	52	1565	199
"VT"	2010	"CHITTENDEN"	"Burlington (Chittenden 3-4)"	8664	1954	186	1585	171	1530	474	1177	1438	268	1130	317	318	1566	1348	38	1249	171
"VT"	2010	"CHITTENDEN"	"Burlington (Chittenden 3-5)"	7537	3614	479	2958	477	2824	573	2696	2671	663	2171	857	823	2705	2439	38	2621	419
"VT"	2010	"CHITTENDEN"	"Burlington (Chittenden 3-6)"	1319	452	44	370	45	360	71	325	330	68	265	92	104	310	307	7	313	45
"VT"	2010	"CHITTENDEN"	"Charlotte (Chittenden 1-2)"	2918	2062	562	1400	521	1364	145	1684	1187	697	886	865	905	1112	1005	23	1288	491
"VT"	2010	"CHITTENDEN"	"Colchester (Chittenden 7-1)"	5247	2642	852	1698	787	1724	141	2274	1408	1055	917	1427	1417	1164	1059	34	1715	682
"VT"	2010	"CHITTENDEN"	"Colchester (Chittenden 7-2)"	5868	3260	1182	1947	1080	1989	173	2820	1662	1379	1034	1891	1861	1327	1258	44	2024	926
"VT"	2010	"CHITTENDEN"	"Essex (Chittenden 6-1)"	6919	3446	1263	2044	1217	2033	187	2959	1648	1583	1142	1953	2014	1336	1304	33	2049	1078
"VT"	2010	"CHITTENDEN"	"Essex (Chittenden 6-2)"	7156	3936	1384	2403	1331	2362	212	3378	1903	1784	1342	2159	2270	1575	1529	47	2407	1155
"VT"	2010	"CHITTENDEN"	"Essex (Chittenden 6-3)"	1971	1178	435	702	421	697	61	1018	582	524	429	632	644	510	468	5	704	358
"VT"	2010	"CHITTENDEN"	"Hinesburg (Chittenden 1-1)"	3286	1902	535	1282	492	1294	150	1573	1089	664	807	814	796	1058	922	33	1231	447
"VT"	2010	"CHITTENDEN"	"Hinesburg (Chittenden 1-2)"	139	92	22	68	20	68	8	79	59	29	43	35	38	52	46	2	66	21
"VT"	2010	"CHITTENDEN"	"Huntington (Washington-Chittenden 1)"	1461	967	235	695	206	682	89	786	588	297	459	373	346	602	535	17	658	189
"VT"	2010	"CHITTENDEN"	"Jericho (Chittenden 8)"	3872	2608	841	1651	835	1620	154	2218	1365	1075	1077	1265	1230	1312	1188	33	1608	707
"VT"	2010	"CHITTENDEN"	"Milton (Chittenden 9)"	5871	3221	1370	1706	1235	1768	143	2772	1391	1585	879	2038	2035	1083	1006	54	1817	1066
"VT"	2010	"CHITTENDEN"	"Milton (Grand Isle-Chittenden 1-1)"	900	530	249	261	232	254	24	460	210	288	132	343	342	180	170	11	294	190
"VT"	2010	"CHITTENDEN"	"Richmond (Chittenden 4)"	3053	2024	538	1413	512	1381	151	1698	1195	703	918	872	846	1120	1031	29	1376	453
"VT"	2010	"CHITTENDEN"	"Saint George (Chittenden 5-2)"	485	261	89	160	83	161	19	219	143	107	99	129	133	121	113	2	174	59
"VT"	2010	"CHITTENDEN"	"Shelburne (Chittenden 5-1)"	2732	2095	555	1456	533	1419	135	1762	1238	736	921	867	839	1209	1041	20	1415	463
"VT"	2010	"CHITTENDEN"	"Shelburne (Chittenden 5-2)"	2263	1720	538	1086	515	1087	90	1467	908	702	624	810	864	819	736	24	1100	456
"VT"	2010	"CHITTENDEN"	"South Burlington (Chittenden 3-10)"	2993	1672	405	1178	404	1144	158	1362	1019	536	804	647	634	980	874	17	1101	360
"VT"	2010	"CHITTENDEN"	"South Burlington (Chittenden 3-7)"	2774	1775	434	1253	425	1207	139	1464	1021	629	793	722	731	983	894	13	1159	401
"VT"	2010	"CHITTENDEN"	"South Burlington (Chittenden 3-8)"	3933	2590	807	1682	780	1645	149	2181	1314	1108	1020	1258	1288	1233	1125	25	1640	699
"VT"	2010	"CHITTENDEN"	"South Burlington (Chittenden 3-9)"	2612	1648	502	1047	493	1013	106	1361	843	679	622	813	810	771	694	20	1057	418
"VT"	2010	"CHITTENDEN"	"Underhill (Chittenden 8)"	2358	1618	497	1050	466	1044	126	1356	881	636	726	712	730	861	804	24	1017	427
"VT"	2010	"CHITTENDEN"	"Westford (Chittenden 6-3)"	1481	1037	315	674	307	664	63	874	520	427	382	524	522	495	476	10	641	268
"VT"	2010	"CHITTENDEN"	"Williston (Chittenden 2)"	7640	4227	1443	2627	1324	2646	214	3607	2166	1794	1593	2191	2214	1916	1748	55	2615	1220
"VT"	2010	"CHITTENDEN"	"Winooski (Chittenden 3-6)"	4772	1570	430	1360	399	1338	232	1478	1166	597	875	745	758	1078	990	23	1276	364
"VT"	2010	"ESSEX"	"Bloomfield (Essex-Caledonia)"	155	84	29	50	30	48	8	68	39	35	36	37	43	36	36	1	38	31
"VT"	2010	"ESSEX"	"Brighton (Essex-Caledonia-Orleans)"	878	472	185	251	183	244	24	401	188	246	150	270	271	176	141	14	228	169
"VT"	2010	"ESSEX"	"Brunswick (Essex-Caledonia)"	76	53	12	37	15	34	2	44	18	24	18	28	29	22	16	1	22	13
"VT"	2010	"ESSEX"	"Canaan (Essex-Caledonia-Orleans)"	627	312	111	176	102	185	16	253	127	156	95	171	177	105	92	5	146	106
"VT"	2010	"ESSEX"	"Concord (Essex-Caledonia)"	811	406	175	197	169	186	22	334	141	221	108	254	245	134	85	8	192	155
"VT"	2010	"ESSEX"	"East Haven (Essex-Caledonia-Orleans)"	202	128	40	69	36	68	12	95	46	65	30	70	70	47	42	5	58	39
"VT"	2010	"ESSEX"	"Granby (Essex-Caledonia)"	61	41	21	19	18	20	4	33	9	28	9	31	28	13	7	0	17	16
"VT"	2010	"ESSEX"	"Guildhall (Essex-Caledonia)"	198	140	58	67	47	70	9	121	50	75	41	81	81	49	42	1	56	50
"VT"	2010	"ESSEX"	"Lemington (Essex-Caledonia-Orleans)"	70	39	22	15	23	15	0	36	11	25	12	23	27	11	9	0	15	23
"VT"	2010	"ESSEX"	"Lunenburg (Essex-Caledonia)"	1006	477	198	231	217	214	21	411	159	254	123	289	286	157	125	10	215	178
"VT"	2010	"ESSEX"	"Maidstone (Essex-Caledonia)"	152	103	44	44	44	46	4	74	30	60	27	60	72	26	20	2	38	43
"VT"	2010	"ESSEX"	"Norton (Essex-Caledonia-Orleans)"	124	74	35	37	37	29	4	61	23	48	14	54	60	12	14	0	33	36
"VT"	2010	"ESSEX"	"Victory (Essex-Caledonia)"	68	38	17	16	18	14	3	31	6	25	7	26	24	9	11	1	22	9
"VT"	2010	"FRANKLIN"	"Bakersfield (Franklin 4)"	946	534	187	315	168	309	34	445	242	238	189	278	288	220	185	11	313	136
"VT"	2010	"FRANKLIN"	"Berkshire (Franklin 6)"	989	444	185	251	148	253	20	392	183	224	144	259	263	164	144	7	248	150
"VT"	2010	"FRANKLIN"	"Enosburgh (Franklin 4)"	1908	1063	337	656	269	688	94	873	466	496	352	560	597	398	363	27	620	273
"VT"	2010	"FRANKLIN"	"Fairfax (Franklin 1)"	3066	1758	698	971	666	956	94	1513	778	851	573	974	1003	680	661	35	1010	529
"VT"	2010	"FRANKLIN"	"Fairfield (Franklin 2)"	1302	793	226	525	203	514	57	688	404	322	313	416	485	286	284	10	520	175
"VT"	2010	"FRANKLIN"	"Fletcher (Franklin 2)"	858	501	182	297	157	305	56	411	240	228	192	260	254	234	221	9	292	133
"VT"	2010	"FRANKLIN"	"Franklin (Franklin 6)"	894	500	219	257	227	241	27	442	181	293	138	319	345	141	142	7	269	183
"VT"	2010	"FRANKLIN"	"Georgia (Franklin 1)"	3040	1800	796	928	733	967	84	1596	700	986	487	1137	1153	590	560	36	981	650
"VT"	2010	"FRANKLIN"	"Highgate (Franklin 6)"	2045	1013	479	503	405	516	45	914	366	576	321	611	682	292	319	32	584	340
"VT"	2010	"FRANKLIN"	"Montgomery (Orleans-Franklin 1)"	838	492	143	311	132	327	63	378	256	184	211	196	208	263	234	17	295	114
"VT"	2010	"FRANKLIN"	"Richford (Franklin 6)"	1589	601	188	393	165	392	21	545	282	265	231	311	328	249	234	15	395	157
"VT"	2010	"FRANKLIN"	"Saint Albans City (Franklin 3)"	4332	1982	638	1246	540	1272	98	1737	950	854	764	982	1058	843	781	48	1259	487
"VT"	2010	"FRANKLIN"	"Saint Albans Town (Franklin 2)"	4151	2290	954	1258	803	1340	101	2047	963	1173	703	1377	1482	736	719	46	1395	691
"VT"	2010	"FRANKLIN"	"Sheldon (Franklin 5)"	1473	673	254	387	218	410	37	592	290	322	219	378	414	231	230	13	421	171
"VT"	2010	"FRANKLIN"	"Swanton (Franklin 5)"	3745	2010	916	1027	748	1139	82	1798	859	1020	649	1168	1280	672	669	41	1217	620
"VT"	2010	"GRAND ISLE"	"Alburgh (Grand Isle-Chittenden 1-1)"	1523	762	316	403	274	422	47	659	325	370	269	403	433	299	284	24	419	251
"VT"	2010	"GRAND ISLE"	"Grand Isle (Grand Isle-Chittenden 1-1)"	1548	1019	383	601	341	603	51	898	492	467	342	575	562	419	392	19	651	293
"VT"	2010	"GRAND ISLE"	"Isle LaMotte (Grand Isle-Chittenden 1-1)"	440	275	108	150	84	151	18	244	121	128	105	137	146	118	102	6	153	94
"VT"	2010	"GRAND ISLE"	"North Hero (Grand Isle-Chittenden 1-1)"	777	499	218	268	201	265	20	454	206	269	159	296	294	193	174	7	300	171
"VT"	2010	"GRAND ISLE"	"South Hero (Grand Isle-Chittenden 1-1)"	1324	961	269	668	259	642	37	855	512	387	377	487	471	466	421	21	672	198
"VT"	2010	"LAMOILLE"	"Belvidere (Lamoille 4)"	208	126	53	64	54	65	4	111	42	73	43	73	77	45	38	6	64	43
"VT"	2010	"LAMOILLE"	"Cambridge (Lamoille 4)"	2775	1496	416	1008	389	994	98	1300	777	618	634	716	698	742	644	44	895	340
"VT"	2010	"LAMOILLE"	"Eden (Lamoille 3)"	848	361	129	211	115	222	23	301	151	178	101	226	203	144	108	13	200	99
"VT"	2010	"LAMOILLE"	"Elmore (Lamoille-Washington 1)"	647	445	110	316	104	317	29	379	255	161	160	244	194	234	213	7	301	95
"VT"	2010	"LAMOILLE"	"Hyde Park (Lamoille 2)"	2084	1187	365	765	362	757	56	1033	550	538	397	687	590	556	471	19	754	301
"VT"	2010	"LAMOILLE"	"Johnson (Lamoille 3)"	2063	967	274	636	275	622	76	803	473	395	362	480	430	501	438	23	581	225
"VT"	2010	"LAMOILLE"	"Morristown (Lamoille-Washington 1)"	3577	2089	601	1374	599	1344	113	1828	1038	891	683	1223	1023	975	859	41	1290	529
"VT"	2010	"LAMOILLE"	"Stowe (Lamoille 1)"	3879	2042	664	1283	650	1263	77	1795	905	978	639	1192	1077	900	766	24	1179	624
"VT"	2010	"LAMOILLE"	"Waterville (Lamoille 4)"	515	288	118	158	104	168	16	241	126	130	103	158	154	124	103	4	153	95
"VT"	2010	"LAMOILLE"	"Wolcott (Lamoille 2)"	1062	685	204	435	192	453	40	589	319	305	243	383	309	343	293	15	418	172
"VT"	2010	"ORANGE"	"Bradford (Orange 2)"	1711	976	345	551	348	545	53	807	448	419	366	472	476	451	392	23	506	332
"VT"	2010	"ORANGE"	"Braintree (Orange-Addison 1)"	911	505	182	258	170	300	31	432	227	233	176	282	247	232	209	8	283	149
"VT"	2010	"ORANGE"	"Brookfield (Orange-Addison 1)"	1005	597	206	372	195	362	24	523	301	252	234	313	283	295	276	17	338	159
"VT"	2010	"ORANGE"	"Chelsea (Orange 1)"	912	560	223	290	223	283	21	478	199	305	149	362	313	225	172	18	278	195
"VT"	2010	"ORANGE"	"Corinth (Orange 1)"	1004	527	202	287	201	288	38	421	245	232	202	263	241	260	233	50	263	182
"VT"	2010	"ORANGE"	"Fairlee (Orange 2)"	728	391	107	255	107	252	34	325	208	137	183	154	155	212	190	9	232	105
"VT"	2010	"ORANGE"	"Newbury (Orange-Caledonia 1)"	1584	838	302	472	300	467	54	690	374	376	293	404	422	380	315	18	410	302
"VT"	2010	"ORANGE"	"Orange (Orange 1)"	760	436	200	216	185	209	18	381	129	270	88	323	290	128	121	11	208	173
"VT"	2010	"ORANGE"	"Randolph (Orange-Addison 1)"	3162	1846	593	1158	550	1158	119	1583	881	807	680	977	855	895	802	54	1077	514
"VT"	2010	"ORANGE"	"Strafford (Windsor-Orange 2)"	940	572	80	451	104	431	47	466	384	128	300	165	135	423	348	9	371	97
"VT"	2010	"ORANGE"	"Thetford (Windsor-Orange 2)"	2105	1190	203	859	237	867	100	963	772	276	708	322	311	829	722	28	790	224
"VT"	2010	"ORANGE"	"Topsham (Orange-Caledonia 1)"	787	424	205	191	201	188	17	364	141	246	107	281	254	154	129	7	185	183
"VT"	2010	"ORANGE"	"Tunbridge (Windsor-Orange 1)"	1009	651	201	408	215	377	88	500	305	273	243	326	292	320	274	13	341	182
"VT"	2010	"ORANGE"	"Vershire (Orange 1)"	527	255	77	147	83	145	28	195	114	90	112	111	96	144	120	5	136	75
"VT"	2010	"ORANGE"	"Washington (Orange 1)"	749	412	157	230	142	238	25	367	173	204	102	280	230	163	135	7	230	123
"VT"	2010	"ORANGE"	"West Fairlee (Orange 2)"	462	212	55	100	67	127	14	178	107	86	92	94	95	104	103	6	108	69
"VT"	2010	"ORANGE"	"Williamstown (Orange 1)"	2041	1217	466	696	449	657	64	1086	468	652	260	885	717	463	399	27	675	394
"VT"	2010	"ORLEANS"	"Albany (Orleans-Caledonia 1)"	656	405	150	224	120	247	27	346	184	183	138	219	219	174	151	9	228	118
"VT"	2010	"ORLEANS"	"Barton (Orleans-Caledonia 1)"	1760	850	314	481	289	492	42	739	340	432	269	501	482	312	244	24	478	273
"VT"	2010	"ORLEANS"	"Brownington (Orleans 1)"	690	320	136	165	121	166	24	262	123	171	109	181	188	122	102	4	146	126
"VT"	2010	"ORLEANS"	"Charleston (Orleans 1)"	665	362	144	201	124	199	24	307	153	183	129	198	182	167	126	11	189	117
"VT"	2010	"ORLEANS"	"Coventry (Orleans 2)"	723	378	128	226	113	235	26	326	166	174	129	198	201	154	121	11	217	100
"VT"	2010	"ORLEANS"	"Craftsbury (Orleans-Caledonia 1)"	822	542	130	377	123	369	54	440	283	202	219	245	221	298	247	15	348	95
"VT"	2010	"ORLEANS"	"Derby (Orleans 1)"	3090	1787	704	998	626	1016	100	1551	733	875	585	1011	1041	660	507	32	1021	580
"VT"	2010	"ORLEANS"	"Glover (Orleans-Caledonia 1)"	771	504	168	309	147	305	42	417	249	212	184	248	244	232	196	10	282	139
"VT"	2010	"ORLEANS"	"Greensboro (Orleans-Caledonia 1)"	639	355	93	241	95	235	27	307	197	131	157	162	140	206	181	8	224	87
"VT"	2010	"ORLEANS"	"Holland (Orleans 1)"	425	225	88	121	81	118	19	191	84	119	66	124	119	86	71	12	118	69
"VT"	2010	"ORLEANS"	"Irasburg (Orleans 2)"	788	429	196	222	174	224	21	383	159	239	135	255	264	146	124	7	229	158
"VT"	2010	"ORLEANS"	"Jay (Orleans-Franklin 1)"	311	157	54	87	42	98	10	132	68	74	57	83	90	64	58	0	89	43
"VT"	2010	"ORLEANS"	"Lowell (Orleans-Franklin 1)"	595	306	124	161	107	167	17	250	114	156	99	172	183	110	89	10	153	95
"VT"	2010	"ORLEANS"	"Morgan (Orleans 1)"	551	302	142	151	138	142	17	257	110	170	77	197	207	84	73	2	141	127
"VT"	2010	"ORLEANS"	"Newport City (Orleans 2)"	3290	1256	456	733	400	747	58	1098	564	584	442	678	685	530	430	22	714	391
"VT"	2010	"ORLEANS"	"Newport Town (Orleans 2)"	1263	519	219	269	177	287	20	445	196	266	156	308	305	179	143	18	277	176
"VT"	2010	"ORLEANS"	"Troy (Orleans-Franklin 1)"	990	448	164	269	153	252	29	384	205	211	167	249	245	188	164	3	251	154
"VT"	2010	"ORLEANS"	"Westfield (Orleans-Franklin 1)"	392	224	83	127	79	123	9	188	94	111	69	121	119	91	75	8	126	68
"VT"	2010	"ORLEANS"	"Westmore (Essex-Caledonia-Orleans)"	302	177	67	102	67	95	5	154	74	91	61	94	100	71	64	3	97	60
"VT"	2010	"RUTLAND"	"Benson (Addison-Rutland 1)"	681	387	145	219	140	199	30	312	152	196	150	181	205	153	136	16	176	152
"VT"	2010	"RUTLAND"	"Brandon (Rutland 7)"	2897	1461	483	891	506	828	68	1262	575	772	651	682	731	656	605	23	815	455
"VT"	2010	"RUTLAND"	"Castleton (Rutland 2)"	3112	1278	563	630	540	639	71	1101	464	692	503	679	744	477	399	36	565	562
"VT"	2010	"RUTLAND"	"Chittenden (Rutland-Windsor 1)"	968	583	243	302	258	268	18	504	216	304	233	291	327	231	211	15	274	224
"VT"	2010	"RUTLAND"	"Clarendon (Rutland 1-2)"	1811	962	448	466	461	423	48	827	288	608	345	560	602	314	269	20	412	436
"VT"	2010	"RUTLAND"	"Danby (Bennington-Rutland 1)"	923	332	207	272	221	250	38	444	211	266	214	257	281	211	197	21	253	197
"VT"	2010	"RUTLAND"	"Fair Haven (Rutland 2)"	1907	870	365	462	348	450	38	771	296	503	326	478	531	290	264	21	421	351
"VT"	2010	"RUTLAND"	"Hubbardton (Rutland 2)"	508	271	108	148	94	147	22	228	100	151	111	134	150	108	94	9	131	107
"VT"	2010	"RUTLAND"	"Ira (Rutland 1-1)"	64	26	13	12	13	12	0	24	9	17	11	15	17	8	7	0	13	11
"VT"	2010	"RUTLAND"	"Ira (Rutland 1-2)"	273	173	76	91	72	87	12	147	66	96	69	90	98	67	66	4	85	65
"VT"	2010	"RUTLAND"	"Killington (Rutland-Windsor 1)"	900	471	195	247	198	240	22	379	177	237	174	255	266	186	140	12	198	201
"VT"	2010	"RUTLAND"	"Mendon (Rutland-Windsor 1)"	878	498	223	251	218	240	24	429	177	272	197	261	294	181	167	11	230	216
"VT"	2010	"RUTLAND"	"Middletown Springs (Rutland 8)"	631	397	134	234	130	234	55	301	196	168	197	164	184	188	194	9	206	125
"VT"	2010	"RUTLAND"	"Mount Holly (Windsor-Rutland 1)"	968	626	236	354	207	363	49	511	279	278	291	285	304	290	245	12	313	226
"VT"	2010	"RUTLAND"	"Mount Tabor (Bennington-Rutland 1)"	140	64	23	38	25	33	5	58	29	32	35	28	31	33	30	1	34	21
"VT"	2010	"RUTLAND"	"Pawlet (Rutland 8)"	1023	564	200	327	200	308	45	458	247	261	251	249	286	249	234	15	274	204
"VT"	2010	"RUTLAND"	"Pittsfield (Windsor-Rutland 2)"	379	237	98	121	86	131	15	190	101	116	94	125	130	99	88	4	116	84
"VT"	2010	"RUTLAND"	"Pittsford (Rutland 6)"	2087	1186	478	650	482	630	61	1044	432	672	461	653	699	445	399	20	606	427
"VT"	2010	"RUTLAND"	"Poultney (Rutland 1-1)"	2022	1059	369	623	359	595	85	877	456	532	488	474	538	475	424	24	541	367
"VT"	2010	"RUTLAND"	"Proctor (Rutland 1-2)"	1182	636	201	396	201	377	29	573	285	302	290	303	325	281	232	13	369	195
"VT"	2010	"RUTLAND"	"Rutland City (Rutland 5-1)"	3186	1822	660	1068	676	1000	86	1563	755	898	832	866	987	776	659	23	989	609
"VT"	2010	"RUTLAND"	"Rutland City (Rutland 5-2)"	2930	1520	513	937	514	876	65	1314	691	704	764	660	773	682	583	33	867	477
"VT"	2010	"RUTLAND"	"Rutland City (Rutland 5-3)"	2548	919	297	548	294	521	59	766	432	394	471	376	439	422	353	32	513	276
"VT"	2010	"RUTLAND"	"Rutland City (Rutland 5-4)"	2888	1330	452	816	444	752	91	1116	587	632	650	584	691	582	488	33	723	422
"VT"	2010	"RUTLAND"	"Rutland Town (Rutland 4)"	2984	1957	863	1001	874	930	66	1713	715	1094	731	1120	1215	674	598	34	941	802
"VT"	2010	"RUTLAND"	"Shrewsbury (Rutland 3)"	910	541	203	313	199	296	43	440	244	255	236	250	267	249	236	34	276	191
"VT"	2010	"RUTLAND"	"Sudbury (Rutland 6)"	415	269	104	148	99	150	11	234	114	132	114	132	129	127	120	18	154	88
"VT"	2010	"RUTLAND"	"Tinmouth (Rutland 3)"	440	260	98	150	83	147	18	218	112	121	125	116	120	133	106	10	130	95
"VT"	2010	"RUTLAND"	"Wallingford (Rutland 3)"	1557	938	349	515	355	503	54	795	379	480	426	436	484	421	340	32	485	317
"VT"	2010	"RUTLAND"	"Wells (Rutland 8)"	788	391	189	164	172	186	35	308	143	219	137	219	229	146	133	14	134	190
"VT"	2010	"RUTLAND"	"West Haven (Rutland 2)"	192	111	41	64	42	58	3	98	45	46	45	61	59	50	40	2	50	47
"VT"	2010	"RUTLAND"	"West Rutland (Rutland 1-2)"	1630	768	310	409	297	392	34	657	286	416	322	395	447	279	253	23	361	291
"VT"	2010	"WASHINGTON"	"Barre City (Washington 3-1)"	3358	1385	482	832	442	811	56	1235	588	679	340	923	741	563	526	28	784	412
"VT"	2010	"WASHINGTON"	"Barre City (Washington 3-2)"	2965	1154	376	703	357	682	63	995	528	521	303	737	579	502	470	21	671	319
"VT"	2010	"WASHINGTON"	"Barre City (Washington 3-3)"	687	228	66	147	61	143	6	200	97	108	56	155	111	103	97	2	124	67
"VT"	2010	"WASHINGTON"	"Barre Town (Washington 4)"	5690	3411	1402	1837	1348	1794	125	3064	1232	1947	633	2596	2145	1090	1004	43	1796	1296
"VT"	2010	"WASHINGTON"	"Berlin (Washington 3-3)"	1990	1114	375	680	355	660	61	968	526	507	268	765	576	482	431	22	668	295
"VT"	2010	"WASHINGTON"	"Cabot (Caledonia-Washington 1)"	1040	617	179	395	168	388	53	517	328	222	224	327	253	336	302	10	359	160
"VT"	2010	"WASHINGTON"	"Calais (Washington 6)"	1313	862	181	630	177	603	67	724	553	263	387	400	284	553	507	7	546	160
"VT"	2010	"WASHINGTON"	"Duxbury (Washington-Chittenden 1)"	1036	637	181	418	172	413	47	537	272	326	198	379	290	315	301	15	402	150
"VT"	2010	"WASHINGTON"	"East Montpelier (Washington 7)"	2038	1330	342	926	324	936	66	1171	798	454	491	725	528	766	706	11	887	286
"VT"	2010	"WASHINGTON"	"Fayston (Washington 1)"	1050	636	160	439	147	441	35	544	331	253	254	302	271	339	315	6	378	153
"VT"	2010	"WASHINGTON"	"Marshfield (Washington 6)"	1169	749	229	470	220	463	71	617	393	298	286	393	328	405	375	20	430	193
"VT"	2010	"WASHINGTON"	"Middlesex (Washington 7)"	1417	903	183	674	177	668	53	773	554	287	331	460	303	564	519	13	612	149
"VT"	2010	"WASHINGTON"	"Montpelier (Washington 5)"	6296	3941	573	3128	566	3024	346	3270	2797	845	1820	1576	994	2812	2559	63	2796	515
"VT"	2010	"WASHINGTON"	"Moretown (Washington 2)"	1363	842	238	554	216	552	47	732	422	345	285	476	368	429	399	17	524	195
"VT"	2010	"WASHINGTON"	"Northfield (Washington 2)"	3214	1717	561	1057	512	1072	81	1505	789	785	431	1156	907	729	655	44	992	479
"VT"	2010	"WASHINGTON"	"Plainfield (Washington 6)"	933	609	145	410	125	418	64	495	362	187	274	261	196	389	350	15	376	114
"VT"	2010	"WASHINGTON"	"Roxbury (Washington 2)"	525	281	78	177	73	177	25	229	148	110	97	155	118	144	138	11	157	70
"VT"	2010	"WASHINGTON"	"Waitsfield (Washington 1)"	1417	896	211	625	200	627	55	772	489	317	359	416	345	517	470	14	579	173
"VT"	2010	"WASHINGTON"	"Warren (Washington 1)"	1474	842	175	599	156	590	79	689	470	272	363	350	283	517	451	15	506	169
"VT"	2010	"WASHINGTON"	"Waterbury (Washington-Chittenden 1)"	3742	2262	570	1577	511	1615	102	2011	1092	1007	705	1352	978	1197	1051	42	1541	451
"VT"	2010	"WASHINGTON"	"Woodbury (Lamoille-Washington 1)"	655	460	153	280	138	270	38	380	243	178	175	244	214	231	212	8	257	120
"VT"	2010	"WASHINGTON"	"Worcester (Lamoille-Washington 1)"	717	478	102	330	96	335	39	393	288	141	181	230	161	292	285	7	328	78
"VT"	2010	"WINDHAM"	"Athens (Windham 4)"	205	110	48	48	41	55	7	91	43	54	37	54	54	47	34	8	44	46
"VT"	2010	"WINDHAM"	"Brattleboro (Windham 3-1)"	3408	1738	350	1287	336	1249	171	1375	1108	459	1005	483	570	1112	878	120	1119	340
"VT"	2010	"WINDHAM"	"Brattleboro (Windham 3-2)"	3068	1328	207	1012	177	998	188	969	928	253	860	269	327	957	740	131	867	198
"VT"	2010	"WINDHAM"	"Brattleboro (Windham 3-3)"	3025	1325	170	1046	156	1023	232	936	961	239	863	243	275	1004	824	120	862	179
"VT"	2010	"WINDHAM"	"Brookline (Windham 4)"	387	206	69	120	61	123	18	172	115	75	88	79	81	118	101	10	100	70
"VT"	2010	"WINDHAM"	"Dover (Windham-Bennington 1)"	1038	558	243	273	210	278	29	448	223	284	201	276	335	209	167	45	215	248
"VT"	2010	"WINDHAM"	"Dummerston (Windham 5)"	1564	950	206	688	185	697	96	749	607	254	565	249	292	636	520	38	629	187
"VT"	2010	"WINDHAM"	"Grafton (Windham 4)"	499	306	109	176	99	164	23	244	144	136	144	118	140	148	116	13	158	97
"VT"	2010	"WINDHAM"	"Guilford (Windham 1)"	1722	878	182	653	172	631	85	688	557	237	516	238	279	565	467	69	538	185
"VT"	2010	"WINDHAM"	"Halifax (Windham 2)"	546	308	104	178	95	172	44	216	170	112	152	110	113	184	144	17	153	106
"VT"	2010	"WINDHAM"	"Jamaica (Windham-Bennington-Windsor 1)"	652	382	111	230	91	246	33	305	180	155	154	156	174	187	159	29	190	112
"VT"	2010	"WINDHAM"	"Londonderry (Windham-Bennington-Windsor 1)"	1259	710	256	376	259	394	54	590	306	345	282	337	370	305	267	26	320	284
"VT"	2010	"WINDHAM"	"Marlboro (Windham 6)"	723	475	75	364	55	359	66	340	335	82	315	83	102	361	275	51	317	67
"VT"	2010	"WINDHAM"	"Newfane (Windham 6)"	1365	818	177	564	154	579	99	626	533	206	479	212	236	550	439	43	510	154
"VT"	2010	"WINDHAM"	"Putney (Windham 5)"	1642	1088	145	880	129	879	134	793	779	187	752	182	210	851	692	69	738	143
"VT"	2010	"WINDHAM"	"Rockingham (Windham 4)"	3516	1707	375	1193	344	1157	136	1361	1005	492	937	489	574	1024	703	57	1002	397
"VT"	2010	"WINDHAM"	"Stratton (Windham-Bennington-Windsor 1)"	197	100	59	37	52	40	6	86	26	69	25	68	72	28	24	2	31	59
"VT"	2010	"WINDHAM"	"Townshend (Windham 6)"	922	510	136	324	131	329	46	400	271	183	254	165	199	288	222	22	277	142
"VT"	2010	"WINDHAM"	"Vernon (Windham 1)"	1637	913	482	360	436	373	36	768	256	563	198	613	699	181	187	37	331	451
"VT"	2010	"WINDHAM"	"Wardsboro (Windham-Bennington 1)"	531	314	106	177	95	181	30	250	165	116	153	116	136	161	131	24	169	105
"VT"	2010	"WINDHAM"	"Westminster (Windham 4)"	122	65	13	48	11	45	7	54	40	17	37	19	21	37	26	0	46	13
"VT"	2010	"WINDHAM"	"Westminster (Windham 5)"	2153	1251	255	913	240	906	122	966	794	325	764	310	349	861	624	66	790	255
"VT"	2010	"WINDHAM"	"Whitingham (Windham 2)"	892	422	169	218	152	195	26	333	188	198	172	192	230	182	145	31	178	164
"VT"	2010	"WINDHAM"	"Wilmington (Windham 2)"	1539	774	266	429	211	399	74	605	346	333	333	310	381	335	304	57	354	269
"VT"	2010	"WINDHAM"	"Windham (Windham 4)"	324	175	48	105	39	115	22	135	98	60	88	57	59	111	87	10	100	44
"VT"	2010	"WINDSOR"	"Andover (Windsor 1-1)"	378	233	101	121	97	121	16	199	102	119	96	123	118	108	97	4	107	99
"VT"	2010	"WINDSOR"	"Baltimore (Windsor 1-1)"	179	86	35	46	28	46	2	76	30	48	37	43	44	36	32	2	38	36
"VT"	2010	"WINDSOR"	"Barnard (Windsor 6-1)"	638	392	129	295	154	263	26	361	211	191	190	202	215	204	179	10	251	128
"VT"	2010	"WINDSOR"	"Bethel (Windsor-Rutland 2)"	1370	801	227	535	225	510	62	677	390	338	313	409	382	393	347	25	461	218
"VT"	2010	"WINDSOR"	"Bridgewater (Rutland-Windsor 1)"	669	391	143	226	160	200	21	309	165	172	168	179	195	175	151	6	184	143
"VT"	2010	"WINDSOR"	"Cavendish (Windsor 2)"	1014	533	210	282	194	281	25	455	233	264	214	260	286	226	196	17	253	207
"VT"	2010	"WINDSOR"	"Chester (Windsor 1-1)"	2445	1221	367	782	346	753	95	1027	634	475	590	491	507	652	544	37	688	368
"VT"	2010	"WINDSOR"	"Hartford (Windsor 6-1)"	1882	814	271	510	306	444	72	679	372	375	348	374	387	402	330	10	412	284
"VT"	2010	"WINDSOR"	"Hartford (Windsor 6-2)"	6675	2538	663	1756	693	1661	187	2076	1401	896	1261	938	1040	1395	1195	56	1457	710
"VT"	2010	"WINDSOR"	"Hartland (Windsor 4)"	2428	1488	364	1065	453	927	113	1201	788	531	726	556	586	841	675	51	811	413
"VT"	2010	"WINDSOR"	"Ludlow (Windsor-Rutland 1)"	1632	912	356	497	346	485	45	765	389	432	358	459	485	384	320	19	448	335
"VT"	2010	"WINDSOR"	"Norwich (Windsor-Orange 2)"	2984	1767	221	1482	241	1456	153	1397	1276	297	1254	316	334	1404	1180	30	1287	230
"VT"	2010	"WINDSOR"	"Plymouth (Windsor-Rutland 1)"	468	269	110	141	119	121	25	215	110	134	110	132	142	110	99	5	130	98
"VT"	2010	"WINDSOR"	"Pomfret (Windsor 6-1)"	737	477	114	348	139	313	18	363	265	172	253	177	180	284	240	12	316	112
"VT"	2010	"WINDSOR"	"Reading (Windsor 5)"	534	357	82	248	95	223	23	289	185	120	170	120	143	186	157	16	199	90
"VT"	2010	"WINDSOR"	"Rochester (Windsor-Rutland 2)"	891	581	137	400	143	381	78	452	311	223	254	242	222	335	291	20	311	137
"VT"	2010	"WINDSOR"	"Royalton (Windsor-Orange 1)"	1977	1141	326	718	335	698	107	891	531	453	416	536	539	513	475	32	588	294
"VT"	2010	"WINDSOR"	"Sharon (Windsor-Orange 2)"	1042	537	133	370	157	351	34	440	296	190	263	227	222	304	261	8	321	130
"VT"	2010	"WINDSOR"	"Springfield (Windsor 1-1)"	78	40	15	20	18	21	1	37	18	22	14	24	24	14	14	0	17	20
"VT"	2010	"WINDSOR"	"Springfield (Windsor 1-2)"	6558	2897	977	1709	932	1641	150	2427	1308	1292	1261	1313	1370	1329	1120	95	1507	956
"VT"	2010	"WINDSOR"	"Stockbridge (Windsor-Rutland 2)"	503	333	101	215	104	201	26	276	163	142	141	147	149	173	148	12	180	88
"VT"	2010	"WINDSOR"	"Weathersfield (Windsor 2)"	2195	1069	362	642	392	589	68	929	465	515	431	511	535	479	406	25	528	395
"VT"	2010	"WINDSOR"	"West Windsor (Windsor 4)"	796	565	165	376	181	339	34	469	284	217	279	222	250	294	259	13	315	173
"VT"	2010	"WINDSOR"	"Weston (Windham-Bennington-Windsor 1)"	513	344	104	212	99	207	23	306	177	139	160	154	157	180	157	6	191	107
"VT"	2010	"WINDSOR"	"Windsor (Windsor 3)"	3022	1089	271	756	305	706	88	898	619	367	554	392	431	597	517	44	659	283
"VT"	2010	"WINDSOR"	"Woodstock (Windsor 5)"	2925	1542	365	1098	447	992	72	1217	789	584	781	579	603	884	698	33	920	404
