state	year	county	town	g2000_USP_rv	g2000_USP_dv	g2000_ATG_dv	g2000_ATG_iv	g2000_AUD_rv	g2000_AUD_dv	g2000_GOV_dv	g2000_GOV_rv	g2000_LTG_rv	g2000_LTG_dv	g2000_SOS_rv	g2000_SOS_dv	g2000_USH_rv	g2000_USH_iv	g2000_USS_dv	g2000_USS_rv
"VT"	2000	"Addison County"	"Addison"	385	262	587	58	378	272	280	344	350	320	311	335	169	434	109	524
"VT"	2000	"Addison County"	"Bridport"	327	301	543	83	342	272	293	306	295	335	284	336	135	426	111	499
"VT"	2000	"Addison County"	"Bristol"	664	865	1345	246	754	832	888	612	635	943	566	1019	269	1235	441	1111
"VT"	2000	"Addison County"	"Cornwall"	240	397	577	54	281	364	449	186	211	440	189	454	119	475	168	458
"VT"	2000	"Addison County"	"Ferrisburgh"	681	597	1120	125	645	666	664	599	647	671	550	756	261	924	256	975
"VT"	2000	"Addison County"	"Goshen"	52	60	89	27	43	74	76	36	39	73	38	79	19	85	32	81
"VT"	2000	"Addison County"	"Granville"	56	81	114	34	55	88	83	54	55	80	57	88	30	111	48	93
"VT"	2000	"Addison County"	"Hancock"	80	84	143	27	74	88	73	81	74	88	67	102	29	129	34	125
"VT"	2000	"Addison County"	"Leicester"	242	224	393	50	246	200	204	235	217	226	203	252	113	316	91	341
"VT"	2000	"Addison County"	"Lincoln"	223	369	520	121	263	397	404	212	201	432	208	443	107	517	185	466
"VT"	2000	"Addison County"	"Middlebury 4-1"	3	11	8	1	1	11	14	2	1	10	1	10	1	3	11	2
"VT"	2000	"Addison County"	"Middlebury 4-2"	1064	2084	2742	373	1184	2003	2220	810	916	2249	835	2359	475	2467	1047	2137
"VT"	2000	"Addison County"	"Monkton"	335	530	791	112	353	547	547	311	349	566	247	663	136	720	240	643
"VT"	2000	"Addison County"	"New Haven"	386	457	756	92	420	432	461	363	369	473	324	519	149	653	198	656
"VT"	2000	"Addison County"	"Orwell"	315	267	501	70	345	212	275	245	285	285	251	332	135	396	126	446
"VT"	2000	"Addison County"	"Panton"	165	148	295	19	181	145	164	145	163	160	122	204	75	228	76	231
"VT"	2000	"Addison County"	"Ripton"	90	174	234	48	96	182	167	87	83	186	81	202	42	236	82	189
"VT"	2000	"Addison County"	"Salisbury"	237	260	444	69	257	239	254	240	196	296	202	295	125	365	113	367
"VT"	2000	"Addison County"	"Shoreham"	274	286	497	75	270	299	293	250	243	320	229	339	108	425	133	421
"VT"	2000	"Addison County"	"Starksboro"	303	436	653	148	308	501	453	280	271	510	236	561	107	666	233	537
"VT"	2000	"Addison County"	"Vergennes"	457	520	823	98	434	486	540	410	432	535	327	598	151	767	244	712
"VT"	2000	"Addison County"	"Waltham"	110	127	205	32	107	120	131	99	108	129	86	151	40	176	52	167
"VT"	2000	"Addison County"	"Weybridge"	190	284	435	46	212	276	340	118	160	332	129	351	82	374	117	374
"VT"	2000	"Addison County"	"Whiting"	74	112	166	21	87	99	115	72	60	128	58	130	23	124	38	141
"VT"	2000	"Bennington County"	"Arlington"	539	584	1030	175	553	601	657	518	512	633	513	685	328	726	323	822
"VT"	2000	"Bennington County"	"Bennington 2-1"	882	1189	1704	335	820	1125	1146	886	734	1238	706	1312	463	1386	587	1459
"VT"	2000	"Bennington County"	"Bennington 2-1 NB"	138	366	410	106	137	371	368	133	116	398	120	410	78	392	234	288
"VT"	2000	"Bennington County"	"Bennington 2-2"	319	487	651	133	275	479	429	375	252	521	254	523	182	535	235	552
"VT"	2000	"Bennington County"	"Bennington 2-3"	1039	1690	2183	455	1020	1546	1620	1056	881	1703	868	1756	541	1880	859	1805
"VT"	2000	"Bennington County"	"Bennington 2-4"	6	13	13	4	4	13	11	7	3	14	4	13	5	11	6	14
"VT"	2000	"Bennington County"	"Dorset"	567	521	888	154	599	425	391	606	619	419	578	483	438	557	220	846
"VT"	2000	"Bennington County"	"Landgrove"	45	42	82	10	45	48	55	32	36	50	36	62	35	61	23	77
"VT"	2000	"Bennington County"	"Manchester"	1081	975	1708	264	1073	855	879	1064	1089	842	1020	980	712	1087	423	1552
"VT"	2000	"Bennington County"	"Peru"	87	106	158	28	101	82	79	98	107	68	99	94	75	103	41	151
"VT"	2000	"Bennington County"	"Pownal"	601	773	1088	264	581	713	587	766	555	726	550	791	307	868	365	954
"VT"	2000	"Bennington County"	"Readsboro"	155	173	248	58	132	162	147	183	140	156	137	175	93	143	114	168
"VT"	2000	"Bennington County"	"Rupert"	214	181	305	73	216	148	175	205	198	155	206	168	159	192	79	286
"VT"	2000	"Bennington County"	"Sandgate"	87	81	125	36	86	68	68	97	87	75	79	90	58	87	48	100
"VT"	2000	"Bennington County"	"Searsburg"	0	19	27	7	27	8	3	43	33	6	25	12	15	19	4	25
"VT"	2000	"Bennington County"	"Shaftsbury"	848	1104	1570	309	834	1010	1070	847	753	1124	717	1218	483	1252	519	1375
"VT"	2000	"Bennington County"	"Stamford"	207	205	298	78	178	175	177	246	207	159	197	182	133	170	108	246
"VT"	2000	"Bennington County"	"Sunderland"	217	208	345	69	199	198	219	181	165	217	189	226	124	233	113	289
"VT"	2000	"Bennington County"	"Winhall"	186	212	343	56	222	166	160	231	224	152	215	184	151	213	89	308
"VT"	2000	"Bennington County"	"Woodford"	66	92	124	40	56	94	71	84	65	84	47	108	24	102	57	96
"VT"	2000	"Caledonia County"	"Barnet"	430	364	655	139	539	241	335	417	446	388	406	433	189	571	226	542
"VT"	2000	"Caledonia County"	"Burke"	370	329	567	116	468	244	314	346	344	357	324	370	148	478	157	474
"VT"	2000	"Caledonia County"	"Danville"	636	500	1010	115	828	327	496	570	584	541	539	576	270	742	250	819
"VT"	2000	"Caledonia County"	"Groton"	305	169	377	54	302	123	153	309	295	155	247	189	109	256	94	279
"VT"	2000	"Caledonia County"	"Hardwick"	544	660	984	230	574	612	589	537	535	668	439	778	180	975	327	865
"VT"	2000	"Caledonia County"	"Kirby"	100	107	173	35	141	76	97	101	99	113	94	113	40	152	61	136
"VT"	2000	"Caledonia County"	"Lyndon"	1136	922	1718	282	1410	666	835	1026	1061	985	1012	1017	418	1427	517	1375
"VT"	2000	"Caledonia County"	"Newark"	115	116	197	57	151	96	105	126	123	114	104	144	39	172	69	146
"VT"	2000	"Caledonia County"	"Peacham"	187	229	353	55	234	179	229	162	177	233	171	255	92	290	93	307
"VT"	2000	"Caledonia County"	"Ryegate"	310	225	453	78	305	173	207	290	289	238	263	252	143	356	114	376
"VT"	2000	"Caledonia County"	"Sheffield"	143	113	192	54	179	79	81	161	150	93	131	121	53	171	38	178
"VT"	2000	"Caledonia County"	"St Johnsbury"	1472	1308	2298	418	2128	745	1213	1356	1374	1395	1296	1461	578	1887	741	1843
"VT"	2000	"Caledonia County"	"Stannard"	25	64	72	26	32	61	55	26	32	62	25	68	6	90	37	52
"VT"	2000	"Caledonia County"	"Sutton"	238	192	350	77	298	138	167	239	248	183	216	220	107	277	99	289
"VT"	2000	"Caledonia County"	"Walden"	184	229	334	101	233	213	193	198	202	225	164	279	68	346	151	274
"VT"	2000	"Caledonia County"	"Waterford"	396	221	540	65	514	114	221	380	401	226	374	245	179	377	129	415
"VT"	2000	"Caledonia County"	"Wheelock"	155	111	203	62	167	99	109	145	142	122	116	150	44	177	61	175
"VT"	2000	"Chittenden County"	"Bolton"	220	262	409	88	176	318	254	221	213	295	168	332	90	386	133	354
"VT"	2000	"Chittenden County"	"Burlington 7-1 W5"	727	1739	2125	385	686	1925	1907	589	713	1917	561	2060	339	2108	971	1583
"VT"	2000	"Chittenden County"	"Burlington 7-1 W6"	161	743	760	236	145	847	829	118	168	822	128	873	83	883	434	545
"VT"	2000	"Chittenden County"	"Burlington 7-2 W2"	81	328	292	181	69	414	389	68	87	364	67	421	39	445	280	208
"VT"	2000	"Chittenden County"	"Burlington 7-2 W3"	323	1421	1423	562	319	1654	1402	340	356	1544	308	1682	163	1764	1004	947
"VT"	2000	"Chittenden County"	"Burlington 7-2 W5"	16	53	47	32	11	62	63	12	14	59	17	63	8	74	47	36
"VT"	2000	"Chittenden County"	"Burlington 7-3 W1"	435	1534	1568	508	413	1706	1581	353	469	1617	361	1758	211	1728	1024	1034
"VT"	2000	"Chittenden County"	"Burlington 7-3 W2"	22	103	81	44	20	105	103	15	26	95	16	107	11	105	67	60
"VT"	2000	"Chittenden County"	"Burlington 7-3 W6"	68	306	272	110	68	299	288	35	83	270	59	319	39	282	232	148
"VT"	2000	"Chittenden County"	"Burlington 7-4 W2"	157	866	811	383	158	1026	871	164	183	929	147	1044	68	1108	671	510
"VT"	2000	"Chittenden County"	"Burlington 7-5 W3"	18	73	75	24	20	69	65	19	20	72	15	81	7	85	46	46
"VT"	2000	"Chittenden County"	"Burlington 7-5 W4"	166	253	386	46	150	295	307	130	166	285	129	318	72	328	101	338
"VT"	2000	"Chittenden County"	"Burlington 7-5 W7"	494	799	1123	137	426	862	810	460	514	823	363	953	175	1018	425	838
"VT"	2000	"Chittenden County"	"Burlington 7-6 W4"	847	1338	1996	189	734	1476	1488	688	827	1422	605	1616	346	1685	567	1610
"VT"	2000	"Chittenden County"	"Burlington 7-6 W7"	451	764	1087	125	377	848	727	441	495	756	340	898	163	982	440	785
"VT"	2000	"Chittenden County"	"Burlington 7-7 W6"	307	641	874	82	303	684	781	184	303	702	207	776	156	748	258	731
"VT"	2000	"Chittenden County"	"Charlotte"	742	1187	1768	214	698	1261	1370	581	720	1318	563	1438	334	1530	467	1537
"VT"	2000	"Chittenden County"	"Colchester 1-1"	1775	2335	3587	426	1397	2653	2411	1570	1847	2370	1326	2732	660	3191	1157	2937
"VT"	2000	"Chittenden County"	"Colchester 1-2"	1212	1528	2395	268	925	1764	1554	1065	1238	1558	926	1777	476	2079	697	2027
"VT"	2000	"Chittenden County"	"Colchester 1-3"	2	13	17	5	3	23	18	1	1	22	2	22	1	22	18	7
"VT"	2000	"Chittenden County"	"Essex 2-1"	2271	2323	3871	486	1986	2536	2615	1851	2536	2200	1777	2796	847	3287	1013	3338
"VT"	2000	"Chittenden County"	"Essex 2-3"	223	224	382	64	189	277	261	187	247	233	187	289	84	338	102	347
"VT"	2000	"Chittenden County"	"Essex 2-4"	1850	2085	3411	396	1624	2286	2096	1688	2372	1696	1535	2397	691	2900	930	2885
"VT"	2000	"Chittenden County"	"Hinesburg"	773	1235	1734	269	654	1380	1350	654	727	1348	588	1453	283	1659	600	1411
"VT"	2000	"Chittenden County"	"Huntington"	334	531	732	161	261	665	571	314	306	623	227	695	103	777	295	603
"VT"	2000	"Chittenden County"	"Jericho"	1145	1469	2103	419	982	1626	1615	990	1165	1552	920	1722	464	1983	630	1920
"VT"	2000	"Chittenden County"	"Milton 2-2"	1728	1636	2858	333	1321	1893	1617	1573	1705	1692	1368	1891	555	2440	826	2363
"VT"	2000	"Chittenden County"	"Milton 2-3"	243	228	391	50	199	264	234	232	246	231	212	254	80	334	115	331
"VT"	2000	"Chittenden County"	"Richmond"	825	1165	1713	285	720	1325	1291	687	763	1355	657	1409	308	1565	525	1446
"VT"	2000	"Chittenden County"	"Shelburne 5-1"	481	537	907	77	438	590	670	333	454	594	368	660	241	691	211	797
"VT"	2000	"Chittenden County"	"Shelburne 5-3"	103	144	217	19	101	139	174	73	104	142	83	154	58	166	39	202
"VT"	2000	"Chittenden County"	"Shelburne 5-4"	1072	1464	2265	196	1013	1535	1713	781	1068	1568	824	1720	545	1807	590	1983
"VT"	2000	"Chittenden County"	"South Burlington 7-10"	784	1078	1652	198	712	1192	1027	745	851	1082	617	1287	307	1430	498	1306
"VT"	2000	"Chittenden County"	"South Burlington 7-7"	280	503	705	83	264	526	525	244	306	505	232	565	134	610	249	529
"VT"	2000	"Chittenden County"	"South Burlington 7-8"	947	1386	2099	195	882	1443	1563	710	943	1433	716	1629	420	1692	565	1741
"VT"	2000	"Chittenden County"	"South Burlington 7-9"	984	1426	2129	202	876	1518	1518	801	1009	1437	752	1660	444	1783	611	1768
"VT"	2000	"Chittenden County"	"St George"	144	161	264	40	105	191	166	124	128	178	92	202	41	237	84	210
"VT"	2000	"Chittenden County"	"Underhill"	674	945	1252	381	572	1076	1090	573	719	1014	548	1133	272	1303	456	1179
"VT"	2000	"Chittenden County"	"Westford"	375	537	749	147	332	595	558	331	424	543	315	627	146	770	272	665
"VT"	2000	"Chittenden County"	"Williston 5-1"	345	430	658	89	303	466	421	325	364	424	253	527	145	572	171	579
"VT"	2000	"Chittenden County"	"Williston 5-2"	1494	1843	2915	265	1365	1945	1874	1322	1637	1798	1210	2125	644	2378	768	2468
"VT"	2000	"Chittenden County"	"Winooski Armory"	347	612	834	113	286	676	586	347	371	619	281	675	93	788	320	632
"VT"	2000	"Chittenden County"	"Winooski St Francis"	459	908	1154	208	379	978	846	486	497	915	378	995	152	1100	471	855
"VT"	2000	"Essex County"	"Bloomfield"	58	41	76	19	55	33	40	48	53	32	46	47	33	34	35	45
"VT"	2000	"Essex County"	"Brighton"	353	261	491	125	349	241	202	367	345	258	304	292	124	418	154	433
"VT"	2000	"Essex County"	"Brunswick"	20	26	37	8	26	17	23	20	18	23	19	26	8	30	7	34
"VT"	2000	"Essex County"	"Canaan"	184	210	307	72	198	161	179	204	180	164	177	193	98	231	103	263
"VT"	2000	"Essex County"	"Concord"	268	176	365	81	340	105	158	273	255	167	232	198	106	285	116	299
"VT"	2000	"Essex County"	"East Haven"	77	53	111	21	96	38	35	85	75	53	73	52	33	88	26	95
"VT"	2000	"Essex County"	"Granby"	37	11	40	10	34	11	8	39	37	10	29	16	19	23	6	37
"VT"	2000	"Essex County"	"Guildhall"	84	45	93	18	82	34	47	83	77	43	71	43	41	62	34	75
"VT"	2000	"Essex County"	"Lemington"	41	17	39	12	34	18	16	42	35	12	35	21	20	26	10	35
"VT"	2000	"Essex County"	"Lunenburg Comm Hall"	252	134	278	84	262	105	100	272	259	99	231	128	134	201	76	245
"VT"	2000	"Essex County"	"Lunenburg Gilman"	68	76	114	25	91	49	47	84	75	58	67	67	33	81	42	92
"VT"	2000	"Essex County"	"Maidstone"	42	24	49	11	39	17	18	42	38	13	39	19	26	30	8	45
"VT"	2000	"Essex County"	"Norton"	48	31	63	14	56	23	8	67	65	14	45	33	26	45	16	58
"VT"	2000	"Essex County"	"Victory"	32	24	44	14	43	17	10	45	46	9	35	24	14	37	13	37
"VT"	2000	"Franklin County"	"Bakersfield"	233	299	445	109	171	371	296	236	200	338	165	377	76	462	126	424
"VT"	2000	"Franklin County"	"Berkshire"	250	282	479	75	192	327	231	280	230	323	201	349	70	455	132	359
"VT"	2000	"Franklin County"	"Enosburg"	481	560	908	167	326	705	533	487	416	623	330	729	129	887	275	800
"VT"	2000	"Franklin County"	"Fairfax"	793	767	1264	251	644	926	723	775	828	769	620	960	264	1180	399	1142
"VT"	2000	"Franklin County"	"Fairfield"	340	457	696	101	258	543	382	406	398	436	242	559	106	654	181	613
"VT"	2000	"Franklin County"	"Fletcher"	234	253	406	97	188	315	265	223	261	252	199	310	105	370	135	351
"VT"	2000	"Franklin County"	"Franklin"	285	238	446	72	268	263	215	280	296	240	237	286	103	371	123	375
"VT"	2000	"Franklin County"	"Georgia"	1017	841	1615	224	872	987	776	1013	1043	857	846	1033	373	1384	459	1380
"VT"	2000	"Franklin County"	"Highgate"	577	610	1016	176	488	693	443	673	623	584	459	721	170	908	354	798
"VT"	2000	"Franklin County"	"Montgomery"	215	247	381	98	158	305	261	211	186	283	170	306	73	376	123	354
"VT"	2000	"Franklin County"	"Richford"	460	593	905	175	358	687	446	571	411	582	379	682	129	855	304	743
"VT"	2000	"Franklin County"	"Sheldon"	325	383	632	92	242	454	293	363	335	376	229	478	99	572	164	548
"VT"	2000	"Franklin County"	"St Albans City"	1045	1466	2151	339	894	1630	1351	1038	1072	1494	756	1765	340	1984	751	1669
"VT"	2000	"Franklin County"	"St Albans Town 3-1"	54	57	103	18	52	65	48	57	66	54	52	69	13	91	37	71
"VT"	2000	"Franklin County"	"St Albans Town 3-2"	1021	1159	1875	259	878	1272	1019	1024	1038	1163	744	1427	339	1663	576	1562
"VT"	2000	"Franklin County"	"Swanton"	1065	1302	2011	312	962	1381	1036	1178	1144	1219	822	1516	303	1858	657	1616
"VT"	2000	"Grand Isle County"	"Alburg"	371	365	596	117	309	392	298	418	373	356	318	396	99	534	192	452
"VT"	2000	"Grand Isle County"	"Grand Isle"	417	562	884	122	343	661	556	397	445	579	312	708	150	810	307	682
"VT"	2000	"Grand Isle County"	"Isle LaMotte"	112	149	210	42	107	149	73	171	137	125	100	157	42	188	87	168
"VT"	2000	"Grand Isle County"	"North Hero"	244	193	382	49	209	216	174	241	278	164	189	249	106	291	103	330
"VT"	2000	"Grand Isle County"	"South Hero"	406	566	900	88	367	612	558	369	457	544	296	699	157	761	247	741
"VT"	2000	"Lamoille County"	"Belvidere"	62	63	98	23	63	57	49	76	71	50	66	59	28	92	22	104
"VT"	2000	"Lamoille County"	"Cambridge"	628	828	1194	290	555	909	869	572	653	864	542	943	271	1175	363	1103
"VT"	2000	"Lamoille County"	"Eden"	248	189	326	108	195	226	167	245	227	204	208	225	50	368	114	295
"VT"	2000	"Lamoille County"	"Elmore"	174	215	336	70	144	252	250	148	147	263	126	279	44	346	133	257
"VT"	2000	"Lamoille County"	"Hyde Park"	567	768	1131	196	524	790	720	530	562	771	508	817	158	1083	349	933
"VT"	2000	"Lamoille County"	"Johnson"	507	713	1008	325	433	839	719	443	470	780	428	888	156	1093	440	829
"VT"	2000	"Lamoille County"	"Morristown"	898	1182	1781	318	807	1271	1183	781	871	1249	780	1349	315	1714	564	1461
"VT"	2000	"Lamoille County"	"Stowe"	950	1280	1984	309	1116	1153	1222	952	1206	1077	991	1319	573	1624	487	1610
"VT"	2000	"Lamoille County"	"Waterville"	152	136	214	60	117	151	121	153	151	132	135	146	71	207	62	197
"VT"	2000	"Lamoille County"	"Wolcott"	270	302	480	111	245	329	277	264	254	317	236	363	91	472	164	385
"VT"	2000	"Orange County"	"Bradford"	656	567	1010	180	599	500	635	565	594	599	567	583	273	800	324	786
"VT"	2000	"Orange County"	"Braintree"	273	267	459	67	302	239	275	262	285	266	279	274	52	336	108	337
"VT"	2000	"Orange County"	"Brookfield"	341	326	574	108	354	310	353	306	337	345	292	395	94	454	148	444
"VT"	2000	"Orange County"	"Chelsea"	350	272	508	76	370	259	273	353	376	265	340	310	91	415	124	411
"VT"	2000	"Orange County"	"Corinth"	356	341	519	100	369	297	338	363	384	334	342	357	91	443	189	369
"VT"	2000	"Orange County"	"Fairlee"	257	289	447	72	266	223	307	229	235	281	247	266	130	342	142	365
"VT"	2000	"Orange County"	"Newbury Townhouse"	136	75	164	36	133	55	91	118	125	78	110	83	55	136	31	151
"VT"	2000	"Orange County"	"Newbury Twn Of Bld"	234	244	381	71	212	209	286	209	204	270	189	259	109	336	138	311
"VT"	2000	"Orange County"	"Newbury Wells River"	176	113	242	44	168	93	119	156	148	123	147	132	78	177	64	198
"VT"	2000	"Orange County"	"Orange"	309	180	360	59	346	143	139	343	356	145	318	181	99	279	91	316
"VT"	2000	"Orange County"	"Randolph Chandler"	991	1062	1710	313	1015	1026	1176	850	968	1153	909	1208	233	1360	412	1355
"VT"	2000	"Orange County"	"Strafford"	197	390	490	97	196	377	442	170	195	411	179	431	79	464	214	374
"VT"	2000	"Orange County"	"Thetford"	485	883	1102	200	458	845	941	443	452	929	438	922	272	1035	422	944
"VT"	2000	"Orange County"	"Topsham"	397	193	444	84	371	146	198	392	407	195	349	207	115	337	119	350
"VT"	2000	"Orange County"	"Tunbridge"	320	314	489	111	314	296	324	293	314	321	294	344	95	422	148	423
"VT"	2000	"Orange County"	"Vershire"	154	166	239	51	152	152	169	144	145	166	143	185	51	207	94	177
"VT"	2000	"Orange County"	"Washington"	274	237	385	71	300	202	200	305	327	202	283	250	70	326	110	319
"VT"	2000	"Orange County"	"West Fairlee"	156	134	222	52	132	127	166	118	118	151	125	150	61	192	73	183
"VT"	2000	"Orange County"	"Williamstown"	796	641	1202	185	860	579	473	895	929	540	743	721	230	923	298	964
"VT"	2000	"Orleans County"	"Albany"	220	225	377	79	208	240	205	210	209	234	182	273	64	334	139	292
"VT"	2000	"Orleans County"	"Barton Mem Bldg"	426	350	638	104	458	316	270	460	445	336	381	382	113	515	172	516
"VT"	2000	"Orleans County"	"Barton Orleans"	256	199	409	45	262	188	196	213	213	225	209	250	62	336	98	325
"VT"	2000	"Orleans County"	"Brownington"	188	152	266	72	195	152	121	205	187	155	170	175	80	233	86	235
"VT"	2000	"Orleans County"	"Charleston"	234	188	346	90	252	161	128	267	243	171	218	210	82	308	91	307
"VT"	2000	"Orleans County"	"Coventry"	186	164	299	55	211	149	134	184	183	173	162	203	53	262	78	252
"VT"	2000	"Orleans County"	"Craftsbury"	223	328	474	89	239	316	335	185	217	332	196	374	53	507	117	430
"VT"	2000	"Orleans County"	"Derby"	1012	1028	1719	281	1142	898	804	1111	1047	1006	872	1166	358	1476	476	1469
"VT"	2000	"Orleans County"	"Glover"	254	259	450	81	270	262	234	252	254	276	206	330	74	415	154	361
"VT"	2000	"Orleans County"	"Greensboro"	169	193	294	92	202	178	175	165	194	194	154	239	73	304	94	280
"VT"	2000	"Orleans County"	"Holland"	141	130	222	49	151	114	89	160	145	123	120	155	45	199	61	190
"VT"	2000	"Orleans County"	"Irasburg"	323	230	435	74	342	192	158	361	335	208	299	239	68	351	113	335
"VT"	2000	"Orleans County"	"Jay"	88	101	151	31	103	80	74	98	92	90	77	107	34	144	43	141
"VT"	2000	"Orleans County"	"Lowell"	161	139	250	52	178	129	61	228	199	105	157	143	45	217	62	208
"VT"	2000	"Orleans County"	"Morgan"	186	137	273	47	201	125	97	203	196	119	160	166	74	225	74	232
"VT"	2000	"Orleans County"	"Newport City"	864	843	1455	193	977	740	729	812	823	871	764	933	268	1243	453	1147
"VT"	2000	"Orleans County"	"Newport Town"	353	308	550	86	367	275	251	343	296	324	280	351	121	455	141	459
"VT"	2000	"Orleans County"	"Troy"	281	272	463	85	315	230	198	297	279	257	248	301	79	413	136	372
"VT"	2000	"Orleans County"	"Westfield"	122	116	190	50	137	113	71	125	134	114	112	139	39	167	60	160
"VT"	2000	"Orleans County"	"Westmore"	112	110	189	29	123	98	73	125	132	93	100	119	43	159	47	168
"VT"	2000	"Rutland County"	"Benson"	220	205	328	95	205	200	164	160	206	180	182	234	110	276	77	321
"VT"	2000	"Rutland County"	"Brandon"	775	914	1300	209	785	887	878	731	740	923	678	1006	313	1172	371	1188
"VT"	2000	"Rutland County"	"Castleton"	772	846	1283	260	785	763	707	655	776	796	702	889	381	1047	387	1134
"VT"	2000	"Rutland County"	"Chittenden"	335	282	489	76	341	253	303	290	312	301	293	319	191	365	101	466
"VT"	2000	"Rutland County"	"Clarendon"	716	537	1048	142	645	529	471	693	700	524	587	639	328	763	207	955
"VT"	2000	"Rutland County"	"Danby"	353	226	470	103	312	239	231	303	296	259	315	266	190	336	131	432
"VT"	2000	"Rutland County"	"Fair Haven"	540	536	900	170	532	501	398	415	512	507	502	556	250	731	195	844
"VT"	2000	"Rutland County"	"Hubbardton"	137	145	232	48	131	133	122	125	132	144	136	152	81	176	72	197
"VT"	2000	"Rutland County"	"Ira"	112	91	180	21	110	81	91	98	104	96	94	111	53	124	42	148
"VT"	2000	"Rutland County"	"Mendon"	322	239	485	54	318	227	250	287	321	237	254	296	186	302	97	437
"VT"	2000	"Rutland County"	"Middletown Springs"	201	227	334	65	196	203	218	184	171	216	180	234	103	259	91	314
"VT"	2000	"Rutland County"	"Mount Holly"	291	318	499	104	285	292	304	275	278	320	242	357	152	396	151	447
"VT"	2000	"Rutland County"	"Mount Tabor"	46	46	78	15	43	38	44	45	48	43	49	45	19	67	18	72
"VT"	2000	"Rutland County"	"Pawlet"	365	273	512	123	332	271	291	308	296	293	327	307	227	350	112	501
"VT"	2000	"Rutland County"	"Pittsfield"	129	107	200	38	129	113	101	140	129	105	110	130	74	146	52	177
"VT"	2000	"Rutland County"	"Pittsford"	668	650	1083	163	617	667	619	658	633	674	541	769	315	820	268	979
"VT"	2000	"Rutland County"	"Poultney"	714	724	1178	237	692	663	677	624	640	722	649	768	362	911	333	1063
"VT"	2000	"Rutland County"	"Proctor"	379	476	715	87	381	430	429	367	382	470	343	498	163	586	174	626
"VT"	2000	"Rutland County"	"Rutland City 6-1 W1"	865	994	1569	167	861	899	1036	745	847	1005	726	1086	433	1195	359	1442
"VT"	2000	"Rutland County"	"Rutland City 6-2 W2"	586	824	1193	160	599	761	782	554	592	800	511	874	256	1013	340	1024
"VT"	2000	"Rutland County"	"Rutland City 6-3 W3A"	530	733	1049	196	496	727	681	529	537	727	433	803	225	888	361	865
"VT"	2000	"Rutland County"	"Rutland City 6-3 W3B"	380	523	747	122	371	474	472	374	377	501	327	555	170	657	240	637
"VT"	2000	"Rutland County"	"Rutland City 6-4 W4"	642	842	1284	166	647	776	867	554	607	883	540	951	322	1038	344	1145
"VT"	2000	"Rutland County"	"Rutland Town"	1244	976	1884	218	1273	864	836	1272	1305	906	1136	1053	680	1269	379	1702
"VT"	2000	"Rutland County"	"Sherburne"	280	304	469	93	315	234	258	308	333	239	297	281	197	331	111	475
"VT"	2000	"Rutland County"	"Shrewsbury"	304	311	494	108	303	307	325	267	269	347	251	379	175	405	108	512
"VT"	2000	"Rutland County"	"Sudbury"	125	165	259	39	144	137	164	116	128	154	113	186	59	199	82	198
"VT"	2000	"Rutland County"	"Tinmouth"	133	128	207	29	124	124	114	130	128	138	124	134	63	157	40	203
"VT"	2000	"Rutland County"	"Wallingford"	563	527	922	142	507	527	517	538	526	536	501	595	271	698	240	789
"VT"	2000	"Rutland County"	"Wells"	269	196	364	82	268	165	172	260	262	137	264	183	178	210	95	321
"VT"	2000	"Rutland County"	"West Haven"	55	85	116	24	72	62	39	54	71	54	68	73	37	84	28	100
"VT"	2000	"Rutland County"	"West Rutland"	495	540	851	135	448	504	478	492	476	538	402	611	199	711	231	707
"VT"	2000	"Washington County"	"Barre City 4-1"	800	866	1461	173	810	841	824	711	796	908	662	1027	281	1201	436	1206
"VT"	2000	"Washington County"	"Barre City 4-2"	876	1029	1634	206	899	959	901	868	880	1025	754	1150	271	1445	524	1308
"VT"	2000	"Washington County"	"Barre Town"	2099	1778	3353	416	2176	1636	1607	2052	2185	1712	1760	2120	781	2629	833	2893
"VT"	2000	"Washington County"	"Berlin"	556	609	1026	157	601	568	579	525	583	610	375	821	190	894	286	860
"VT"	2000	"Washington County"	"Cabot"	249	298	453	102	285	278	303	210	225	320	208	367	75	451	140	402
"VT"	2000	"Washington County"	"Calais"	267	513	684	168	331	528	503	258	291	576	230	666	106	690	301	566
"VT"	2000	"Washington County"	"Duxbury"	232	343	493	96	237	341	320	223	239	330	206	377	76	474	157	400
"VT"	2000	"Washington County"	"East Montpelier"	597	790	1200	173	685	737	767	544	593	827	469	982	222	1102	341	1066
"VT"	2000	"Washington County"	"Fayston"	236	405	527	115	233	410	421	210	232	412	199	458	121	508	210	454
"VT"	2000	"Washington County"	"Marshfield"	323	384	591	144	363	400	357	322	321	413	265	527	128	578	223	515
"VT"	2000	"Washington County"	"Middlesex"	312	549	748	170	360	561	503	268	324	617	236	715	105	741	278	634
"VT"	2000	"Washington County"	"Montpelier W-5"	1192	2453	3177	619	1449	2456	2564	932	1115	2824	826	3217	382	3235	1186	2719
"VT"	2000	"Washington County"	"Montpelier W-L-1-1"	73	123	156	45	87	121	123	70	73	141	57	164	16	182	53	155
"VT"	2000	"Washington County"	"Moretown"	357	504	759	121	361	492	519	314	349	516	273	615	126	687	224	610
"VT"	2000	"Washington County"	"Northfield"	988	1130	1841	307	912	1211	1162	862	935	1226	643	1570	363	1636	551	1570
"VT"	2000	"Washington County"	"Plainfield"	241	374	529	175	248	452	378	235	234	439	198	529	93	562	273	411
"VT"	2000	"Washington County"	"Roxbury"	129	167	249	66	123	182	157	127	138	164	101	210	45	240	86	211
"VT"	2000	"Washington County"	"Waitsfield"	346	563	770	163	316	620	571	295	349	548	311	640	151	752	298	643
"VT"	2000	"Washington County"	"Warren"	278	566	691	186	280	570	521	251	283	488	244	630	127	674	336	511
"VT"	2000	"Washington County"	"Waterbury"	919	1360	1986	296	921	1357	1377	808	953	1368	761	1552	341	1824	542	1699
"VT"	2000	"Washington County"	"Woodbury"	197	213	348	77	169	252	206	186	183	250	176	269	74	319	122	293
"VT"	2000	"Washington County"	"Worcester"	181	264	405	91	205	278	272	166	192	295	141	365	60	405	138	353
"VT"	2000	"Windham County"	"Athens"	70	48	89	26	72	46	35	78	73	42	71	47	30	59	28	61
"VT"	2000	"Windham County"	"Brattleboro 2-1"	698	1143	1585	291	688	1182	1203	574	612	1266	602	1314	436	1358	644	1216
"VT"	2000	"Windham County"	"Brattleboro 2-2"	387	1013	1210	283	340	1105	1028	330	332	1131	343	1164	237	1153	679	775
"VT"	2000	"Windham County"	"Brattleboro 2-3"	401	972	1183	359	374	1132	1040	293	336	1143	346	1205	234	1192	685	801
"VT"	2000	"Windham County"	"Brookline"	97	132	209	21	78	127	117	103	104	119	98	135	78	129	74	148
"VT"	2000	"Windham County"	"Dover"	318	318	518	96	370	217	215	406	373	217	340	277	263	277	150	408
"VT"	2000	"Windham County"	"Dummerston"	341	570	806	136	309	618	631	279	301	661	318	636	209	709	356	594
"VT"	2000	"Windham County"	"Grafton"	153	187	276	55	167	154	158	174	165	153	157	175	88	194	84	222
"VT"	2000	"Windham County"	"Guilford"	324	515	742	163	332	558	561	278	292	595	299	645	209	673	343	551
"VT"	2000	"Windham County"	"Halifax"	188	205	283	78	185	188	168	213	200	175	189	202	110	200	129	204
"VT"	2000	"Windham County"	"Jamaica"	178	219	321	76	201	182	171	220	191	177	204	197	130	244	111	273
"VT"	2000	"Windham County"	"Londonderry"	418	397	685	119	441	334	371	420	386	311	424	386	280	490	171	624
"VT"	2000	"Windham County"	"Marlboro"	111	303	358	138	111	366	308	90	105	368	109	398	76	428	216	256
"VT"	2000	"Windham County"	"Newfane"	292	539	752	156	311	570	590	267	292	588	288	620	207	574	380	521
"VT"	2000	"Windham County"	"Putney"	246	768	845	249	250	803	793	232	238	835	244	860	181	868	525	565
"VT"	2000	"Windham County"	"Rockingham"	747	1308	1685	368	723	1301	1280	772	712	1321	722	1390	405	1485	698	1334
"VT"	2000	"Windham County"	"Stratton"	54	41	76	16	65	30	22	72	67	18	53	38	43	29	19	64
"VT"	2000	"Windham County"	"Townshend"	239	293	458	86	203	306	329	200	206	312	203	350	140	352	184	272
"VT"	2000	"Windham County"	"Vernon"	566	436	843	128	544	394	387	558	552	379	526	446	333	498	228	702
"VT"	2000	"Windham County"	"Wardsboro"	172	172	286	62	160	164	155	176	166	160	167	192	106	200	93	216
"VT"	2000	"Windham County"	"Westminster"	448	869	1113	271	447	934	897	414	417	946	433	985	255	1058	559	806
"VT"	2000	"Windham County"	"Whitingham"	318	249	431	105	326	208	169	388	371	180	357	208	220	269	127	372
"VT"	2000	"Windham County"	"Wilmington"	508	536	837	179	535	440	366	636	577	427	526	500	341	600	266	699
"VT"	2000	"Windham County"	"Windham"	84	86	135	40	86	76	91	72	77	70	85	93	61	88	54	102
"VT"	2000	"Windsor County"	"Andover"	138	111	207	46	152	101	124	133	131	118	135	129	91	139	42	198
"VT"	2000	"Windsor County"	"Baltimore"	58	39	79	23	52	47	37	61	45	49	54	48	32	60	27	71
"VT"	2000	"Windsor County"	"Barnard"	272	267	453	73	273	256	285	235	242	267	247	291	121	361	104	416
"VT"	2000	"Windsor County"	"Bethel"	387	487	746	144	386	430	496	345	390	494	366	523	147	606	211	617
"VT"	2000	"Windsor County"	"Bridgewater"	270	233	383	77	247	236	238	264	245	247	243	254	109	310	112	344
"VT"	2000	"Windsor County"	"Cavendish"	323	284	481	100	303	274	279	301	310	277	289	309	188	368	131	435
"VT"	2000	"Windsor County"	"Chester"	602	818	1153	202	573	784	866	513	514	835	565	826	340	917	374	976
"VT"	2000	"Windsor County"	"Hartford 2-1"	546	508	856	134	505	491	662	381	466	561	477	548	306	630	255	772
"VT"	2000	"Windsor County"	"Hartford 2-2"	1411	1954	2676	470	1264	1904	2201	1037	1165	2106	1255	2001	641	2325	954	2223
"VT"	2000	"Windsor County"	"Hartland"	759	764	1264	225	684	775	914	605	631	859	678	843	384	1053	369	1137
"VT"	2000	"Windsor County"	"Ludlow"	565	593	909	195	553	531	489	619	545	551	530	602	329	723	232	884
"VT"	2000	"Windsor County"	"Norwich"	424	1567	1613	213	440	1438	1746	286	366	1620	388	1570	307	1550	750	1277
"VT"	2000	"Windsor County"	"Plymouth"	155	144	250	56	153	150	133	173	163	135	154	149	98	188	75	220
"VT"	2000	"Windsor County"	"Pomfret"	228	315	468	68	247	287	355	172	209	337	212	334	130	384	126	413
"VT"	2000	"Windsor County"	"Reading"	146	199	287	53	152	183	210	126	139	196	140	201	83	238	82	268
"VT"	2000	"Windsor County"	"Rochester"	251	307	479	110	233	335	373	191	233	341	207	382	101	462	165	407
"VT"	2000	"Windsor County"	"Royalton"	601	546	989	205	589	573	596	553	561	592	547	667	255	793	314	827
"VT"	2000	"Windsor County"	"Sharon"	283	347	510	130	256	343	369	240	265	363	259	374	147	448	162	463
"VT"	2000	"Windsor County"	"Springfield 1-1"	326	380	575	109	309	366	444	257	277	426	304	405	160	473	173	502
"VT"	2000	"Windsor County"	"Springfield W-6"	1394	2006	2776	575	1372	1932	2228	1111	1127	2223	1231	2153	727	2351	903	2438
"VT"	2000	"Windsor County"	"Stockbridge"	132	194	263	65	142	170	193	129	138	186	130	198	68	204	82	229
"VT"	2000	"Windsor County"	"Weathersfield"	629	665	1026	224	570	635	684	562	546	691	585	688	367	820	325	921
"VT"	2000	"Windsor County"	"West Windsor"	281	305	507	71	274	280	331	240	249	313	269	313	180	356	109	475
"VT"	2000	"Windsor County"	"Weston"	146	183	286	50	166	155	200	123	135	166	147	189	106	215	69	253
"VT"	2000	"Windsor County"	"Windsor"	616	928	1269	266	581	905	1013	499	482	996	570	951	282	1068	452	1038
"VT"	2000	"Windsor County"	"Woodstock"	770	996	1425	235	783	882	1083	637	724	984	745	989	420	1198	380	1349
