state	year	county	town	g2006_USS_iv	g2006_USS_rv	g2006_ATG_rv	g2006_ATG_dv	g2006_AUD_rv	g2006_AUD_dv	g2006_GOV_rv	g2006_GOV_dv	g2006_LTG_rv	g2006_LTG_dv	g2006_SOS_dv	g2006_SOS_rv	g2006_TRE_lv	g2006_TRE_dv	g2006_USH_rv	g2006_USH_dv
"VT"	2006	"ADDISON"	"Addison"	378	313	225	438	424	215	506	185	483	202	443	233	12	648	439	248
"VT"	2006	"ADDISON"	"Bridport"	359	257	214	376	363	198	436	179	396	215	413	188	34	565	344	247
"VT"	2006	"ADDISON"	"Bristol"	1175	479	380	1184	779	640	959	701	884	745	1217	382	77	1497	781	886
"VT"	2006	"ADDISON"	"Cornwall"	462	180	141	478	278	281	339	304	287	338	498	126	15	579	229	405
"VT"	2006	"ADDISON"	"Ferrisburgh"	832	515	406	887	718	457	876	468	831	494	939	388	46	1238	723	624
"VT"	2006	"ADDISON"	"Goshen"	74	39	30	78	64	38	68	46	57	51	90	21	9	102	54	58
"VT"	2006	"ADDISON"	"Granville"	101	29	29	97	52	61	58	70	48	80	106	23	8	116	47	79
"VT"	2006	"ADDISON"	"Hancock"	117	41	51	103	71	68	102	58	86	69	118	37	8	143	71	85
"VT"	2006	"ADDISON"	"Leicester"	317	156	165	288	244	187	319	163	275	198	321	141	21	436	243	207
"VT"	2006	"ADDISON"	"Lincoln"	519	177	148	515	268	307	312	384	292	382	545	132	48	621	262	429
"VT"	2006	"ADDISON"	"Middlebury"	2159	637	452	2172	1153	1318	1400	1402	1151	1603	2263	448	135	2470	934	1867
"VT"	2006	"ADDISON"	"Monkton"	675	272	218	692	419	377	547	413	504	437	702	219	27	867	422	522
"VT"	2006	"ADDISON"	"New Haven"	619	263	204	633	444	333	551	339	506	370	669	194	39	811	448	440
"VT"	2006	"ADDISON"	"Orwell"	346	227	199	340	311	196	397	170	359	200	364	192	25	525	313	262
"VT"	2006	"ADDISON"	"Panton"	189	131	99	210	187	93	215	100	220	95	222	93	9	290	179	143
"VT"	2006	"ADDISON"	"Ripton"	258	51	47	249	88	161	104	201	95	203	259	42	23	261	83	224
"VT"	2006	"ADDISON"	"Salisbury"	320	155	139	318	247	180	288	196	252	222	335	132	27	430	213	250
"VT"	2006	"ADDISON"	"Shoreham"	386	168	138	391	258	226	351	206	301	253	417	125	22	515	275	287
"VT"	2006	"ADDISON"	"Starksboro"	569	189	154	561	296	296	371	384	351	391	570	166	73	643	321	437
"VT"	2006	"ADDISON"	"Vergennes"	709	296	234	711	456	395	613	379	602	376	740	234	49	905	485	518
"VT"	2006	"ADDISON"	"Waltham"	187	76	65	193	124	99	146	114	138	120	206	51	8	244	123	137
"VT"	2006	"ADDISON"	"Weybridge"	343	150	98	376	235	224	268	234	216	277	393	94	15	458	182	316
"VT"	2006	"ADDISON"	"Whiting"	163	33	48	137	92	82	110	84	97	92	144	41	9	172	81	113
"VT"	2006	"BENNINGTON"	"Arlington"	653	378	327	585	364	576	628	407	526	497	702	312	54	934	450	570
"VT"	2006	"BENNINGTON"	"Bennington 2-1"	1324	635	487	1222	536	1237	1015	1001	858	1101	1522	439	118	1780	755	1203
"VT"	2006	"BENNINGTON"	"Bennington 2-1 NB"	382	88	72	337	82	323	147	321	127	328	395	71	50	386	107	370
"VT"	2006	"BENNINGTON"	"Bennington 2-2"	1694	769	582	1513	664	1513	1275	1220	1119	1346	1863	562	152	2217	938	1499
"VT"	2006	"BENNINGTON"	"Dorset"	567	417	379	561	432	479	604	394	559	422	598	365	45	877	442	537
"VT"	2006	"BENNINGTON"	"Landgrove"	66	31	25	64	35	50	44	51	41	62	76	22	3	91	32	63
"VT"	2006	"BENNINGTON"	"Manchester"	982	771	658	939	747	848	1124	661	971	785	1077	657	94	1530	808	953
"VT"	2006	"BENNINGTON"	"Peru"	119	51	60	108	66	87	83	85	79	88	125	52	13	155	60	111
"VT"	2006	"BENNINGTON"	"Pownal"	828	394	373	707	382	721	656	593	560	663	879	338	103	1100	474	713
"VT"	2006	"BENNINGTON"	"Readsboro"	177	74	79	174	86	162	109	164	100	168	198	85	26	237	88	172
"VT"	2006	"BENNINGTON"	"Rupert - Bennington-5"	18	26	26	15	26	16	28	19	31	15	26	16	2	42	24	20
"VT"	2006	"BENNINGTON"	"Rupert - Rutland-8"	183	100	112	159	113	142	150	140	133	147	177	105	22	262	3	0
"VT"	2006	"BENNINGTON"	"Sandgate"	103	62	56	89	55	93	82	86	68	93	115	50	13	149	71	89
"VT"	2006	"BENNINGTON"	"Searsburg"	26	14	14	21	13	28	23	22	20	23	30	14	9	36	16	26
"VT"	2006	"BENNINGTON"	"Shaftsbury"	1004	596	478	940	537	910	847	760	773	826	1149	443	74	1439	655	919
"VT"	2006	"BENNINGTON"	"Stamford"	190	93	98	177	99	151	139	143	115	169	190	96	13	261	109	165
"VT"	2006	"BENNINGTON"	"Sunderland"	235	141	102	236	124	216	225	155	181	191	275	98	20	349	150	223
"VT"	2006	"BENNINGTON"	"Winhall"	209	166	143	210	169	154	235	134	202	163	239	133	20	343	179	193
"VT"	2006	"BENNINGTON"	"Woodford"	105	38	35	89	34	103	78	78	65	90	124	30	13	143	51	89
"VT"	2006	"CALEDONIA"	"Barnet"	492	305	296	461	401	318	475	326	455	318	503	262	37	725	420	380
"VT"	2006	"CALEDONIA"	"Burke"	419	243	227	401	324	274	418	236	366	290	429	206	35	603	352	308
"VT"	2006	"CALEDONIA"	"Danville"	627	458	413	650	552	458	698	404	689	400	705	369	91	983	630	465
"VT"	2006	"CALEDONIA"	"Groton"	198	172	172	184	228	105	273	98	263	104	220	137	23	333	240	138
"VT"	2006	"CALEDONIA"	"Hardwick"	917	355	386	842	565	518	693	575	720	527	954	277	65	1178	638	636
"VT"	2006	"CALEDONIA"	"Kirby"	135	56	64	103	95	88	124	68	104	88	131	55	6	182	87	109
"VT"	2006	"CALEDONIA"	"Lyndon"	1087	768	704	1051	951	722	1304	542	1206	631	1139	626	89	1682	1090	775
"VT"	2006	"CALEDONIA"	"Newark"	155	80	82	140	112	104	150	82	142	87	163	60	24	203	124	101
"VT"	2006	"CALEDONIA"	"Peacham"	280	115	98	283	158	182	185	208	178	207	283	98	15	363	158	239
"VT"	2006	"CALEDONIA"	"Ryegate"	289	166	169	263	242	185	293	166	258	194	291	143	24	424	242	214
"VT"	2006	"CALEDONIA"	"Sheffield"	189	77	86	159	126	110	168	90	157	101	194	59	22	235	144	116
"VT"	2006	"CALEDONIA"	"St Johnsbury"	1534	985	838	1497	1236	1101	1660	879	1578	927	1599	774	116	2271	1369	1166
"VT"	2006	"CALEDONIA"	"Stannard"	81	24	28	72	42	57	45	59	45	57	79	27	8	97	44	61
"VT"	2006	"CALEDONIA"	"Sutton"	229	156	163	195	218	125	283	93	261	114	229	140	23	348	242	143
"VT"	2006	"CALEDONIA"	"Walden"	318	125	132	290	190	170	233	204	224	202	330	102	27	402	208	215
"VT"	2006	"CALEDONIA"	"Waterford"	287	287	251	303	330	203	433	144	393	181	323	237	19	537	359	208
"VT"	2006	"CALEDONIA"	"Wheelock"	177	100	102	165	139	106	176	102	170	105	178	88	22	247	155	126
"VT"	2006	"CHITTENDEN"	"Bolton"	369	142	118	380	223	185	275	243	271	238	389	121	24	473	245	280
"VT"	2006	"CHITTENDEN"	"Burlington-Chittenden 3-1"	2269	1086	581	2650	1397	1446	1876	1448	1702	1589	2598	689	122	3040	1406	1942
"VT"	2006	"CHITTENDEN"	"Burlington-Chittenden 3-2"	1313	536	300	1449	676	744	945	890	877	909	1423	347	85	1624	697	1153
"VT"	2006	"CHITTENDEN"	"Burlington-Chittenden 3-3"	2666	376	274	2381	538	1325	809	2129	730	1969	2509	281	368	2278	606	2368
"VT"	2006	"CHITTENDEN"	"Burlington-Chittenden 3-4"	1750	288	159	1648	383	782	511	1469	447	1366	1706	173	194	1534	347	1626
"VT"	2006	"CHITTENDEN"	"Burlington-Chittenden 3-5"	3042	898	431	3213	1101	1737	1420	2450	1237	2487	3272	513	196	3361	989	2932
"VT"	2006	"CHITTENDEN"	"Burlington-Chittenden 3-6"	458	74	58	432	124	261	183	335	161	341	449	58	32	449	117	401
"VT"	2006	"CHITTENDEN"	"Charlotte"	1387	725	430	1519	876	872	1130	991	1000	1078	1592	432	76	1869	818	1310
"VT"	2006	"CHITTENDEN"	"Colchester- Chittenden 7-1"	1750	1126	626	2085	1366	1089	1901	938	1798	1040	2007	740	96	2589	1457	1425
"VT"	2006	"CHITTENDEN"	"Colchester-Chittenden 7-2"	1943	1598	831	2541	1707	1359	2427	1096	2232	1275	2425	967	111	3170	1897	1658
"VT"	2006	"CHITTENDEN"	"Essex-Chittenden 6-1"	2090	1581	958	2510	1867	1234	2527	1134	2481	1184	2222	1331	80	3332	1946	1746
"VT"	2006	"CHITTENDEN"	"Essex-Chittenden 6-2"	2421	1581	11	2804	1998	1439	2666	1324	2651	1335	2525	1369	105	3632	2092	1942
"VT"	2006	"CHITTENDEN"	"Essex-Chittenden 6-3"	722	494	308	830	590	435	798	418	770	435	757	429	33	1095	616	606
"VT"	2006	"CHITTENDEN"	"Hinesburg-Chittenden 1-1"	1370	610	381	1491	769	801	1037	941	949	994	1472	422	78	1745	831	1164
"VT"	2006	"CHITTENDEN"	"Hinesburg-Chittenden1-2"	66	23	18	66	33	39	45	42	40	42	64	18	4	73	39	51
"VT"	2006	"CHITTENDEN"	"Huntington"	750	234	164	737	337	364	437	522	412	521	777	160	44	853	366	608
"VT"	2006	"CHITTENDEN"	"Jericho"	1698	964	642	1892	1074	912	1570	1096	1509	1133	1868	721	99	2410	1273	1413
"VT"	2006	"CHITTENDEN"	"Milton-Chittenden-9"	1963	1348	877	2274	1818	1123	2435	879	2238	1047	2164	1006	101	2981	1999	1333
"VT"	2006	"CHITTENDEN"	"Milton-Grand Isle-Chittenden-1-1"	294	252	156	359	328	152	410	139	370	172	338	184	12	495	352	198
"VT"	2006	"CHITTENDEN"	"Richmond"	1477	653	408	1603	872	795	1144	987	1060	1033	1667	401	73	1912	915	1229
"VT"	2006	"CHITTENDEN"	"Shelburne-Chittenden 5-1"	1325	752	403	1555	876	890	1139	944	968	1076	1555	463	59	1860	833	1276
"VT"	2006	"CHITTENDEN"	"Shelburne-Chittenden 5-2"	1029	799	397	1336	878	730	1133	709	995	811	1311	445	41	1655	885	959
"VT"	2006	"CHITTENDEN"	"South Burlington-Chittenden 3-10"	1126	501	300	1250	658	713	887	744	791	807	1233	355	65	1467	670	982
"VT"	2006	"CHITTENDEN"	"South Burlington-Chittenden 3-7"	1154	706	343	1414	821	745	1020	832	936	893	1380	416	45	1658	747	1115
"VT"	2006	"CHITTENDEN"	"South Burlington-Chittenden 3-8"	1382	1201	605	1864	1252	1053	1676	925	1473	1091	1796	699	69	2342	1251	1355
"VT"	2006	"CHITTENDEN"	"South Burlington-Chittenden 3-9"	1098	687	378	1309	831	739	1136	651	1035	728	1270	438	55	1591	891	902
"VT"	2006	"CHITTENDEN"	"St George"	159	97	65	186	130	84	164	95	159	99	189	63	9	241	128	129
"VT"	2006	"CHITTENDEN"	"Underhill"	1147	543	358	1243	651	500	884	795	820	831	1224	410	68	1507	701	987
"VT"	2006	"CHITTENDEN"	"Westford"	628	317	204	681	414	335	534	403	531	399	679	234	21	851	433	513
"VT"	2006	"CHITTENDEN"	"Williston"	2562	1811	29	3114	2205	1547	2881	1501	2619	1696	3068	1158	121	3925	2245	2158
"VT"	2006	"CHITTENDEN"	"Winooski"	1453	600	321	1612	729	890	1097	912	1020	958	1587	366	115	1766	838	1204
"VT"	2006	"ESSEX"	"Bloomfield"	53	29	34	45	35	39	52	29	46	37	49	37	7	76	45	40
"VT"	2006	"ESSEX"	"Brighton"	308	208	184	317	250	226	347	177	317	200	344	172	31	488	300	224
"VT"	2006	"ESSEX"	"Brunswick"	31	13	18	22	28	13	31	13	31	15	27	17	0	43	25	19
"VT"	2006	"ESSEX"	"Canaan"	232	114	119	214	137	159	241	107	181	158	227	123	24	314	193	165
"VT"	2006	"ESSEX"	"Concord"	299	194	165	297	277	152	353	138	353	132	281	187	49	426	314	179
"VT"	2006	"ESSEX"	"East Haven"	92	47	58	73	73	52	105	32	100	35	76	58	12	121	92	46
"VT"	2006	"ESSEX"	"Granby"	14	18	21	12	26	8	30	5	26	7	17	17	1	32	27	7
"VT"	2006	"ESSEX"	"Guildhall"	59	44	46	54	61	34	77	26	75	27	65	44	10	95	62	41
"VT"	2006	"ESSEX"	"Lemington"	31	17	22	23	30	17	39	12	35	12	20	26	5	43	31	19
"VT"	2006	"ESSEX"	"Lunenburg"	254	161	166	230	205	174	273	144	266	145	242	166	29	374	248	163
"VT"	2006	"ESSEX"	"Maidstone"	41	33	50	37	45	25	57	18	47	29	44	31	4	72	49	26
"VT"	2006	"ESSEX"	"Norton"	35	32	35	31	43	22	57	15	51	20	41	28	4	64	50	22
"VT"	2006	"ESSEX"	"Victory"	31	15	13	29	23	19	34	13	27	21	34	14	4	44	30	19
"VT"	2006	"FRANKLIN"	"Bakersfield"	362	168	127	368	266	185	342	185	311	212	390	122	31	480	306	288
"VT"	2006	"FRANKLIN"	"Berkshire"	355	210	158	377	315	191	396	164	370	180	398	152	20	526	348	216
"VT"	2006	"FRANKLIN"	"Enosburg"	614	296	210	664	462	362	630	285	580	318	693	199	52	838	514	403
"VT"	2006	"FRANKLIN"	"Fairfax"	996	702	462	1159	938	567	1166	533	1118	583	1181	458	60	1559	991	712
"VT"	2006	"FRANKLIN"	"Fairfield"	571	264	163	621	416	343	531	304	509	315	655	160	31	779	408	427
"VT"	2006	"FRANKLIN"	"Fletcher"	344	160	132	342	246	175	295	206	295	196	351	139	32	453	254	255
"VT"	2006	"FRANKLIN"	"Franklin"	283	206	173	306	310	149	381	115	342	144	319	166	21	459	327	171
"VT"	2006	"FRANKLIN"	"Georgia"	1033	787	575	1176	1127	565	1349	469	1273	540	1176	614	62	1683	1166	672
"VT"	2006	"FRANKLIN"	"Highgate"	736	371	302	757	690	355	785	306	744	354	770	299	38	1039	685	424
"VT"	2006	"FRANKLIN"	"Montgomery"	379	145	111	376	194	244	278	234	251	253	400	110	51	442	233	288
"VT"	2006	"FRANKLIN"	"Richford"	575	197	175	558	348	307	487	272	460	296	569	180	41	712	407	358
"VT"	2006	"FRANKLIN"	"Sheldon"	446	220	170	475	380	250	482	179	448	221	494	160	31	640	390	281
"VT"	2006	"FRANKLIN"	"St Albans City"	1435	791	491	1667	1199	859	1503	730	1391	828	1684	499	77	2086	1198	1056
"VT"	2006	"FRANKLIN"	"St Albans Town"	1320	1030	614	1616	1458	757	1770	580	1638	703	1631	657	70	2191	1444	915
"VT"	2006	"FRANKLIN"	"Swanton"	1381	859	563	1587	1449	691	1661	583	1532	717	1570	605	56	2130	1347	922
"VT"	2006	"GRAND ISLE"	"Alburgh"	489	306	206	547	419	308	534	243	491	291	535	226	49	721	465	341
"VT"	2006	"GRAND ISLE"	"Grand Isle"	657	381	238	753	512	390	672	354	662	362	738	275	31	966	571	473
"VT"	2006	"GRAND ISLE"	"Isle LaMotte"	157	101	75	189	137	109	181	87	160	108	194	72	51	220	152	122
"VT"	2006	"GRAND ISLE"	"North Hero"	266	244	153	341	285	187	352	154	338	159	361	140	17	479	312	204
"VT"	2006	"GRAND ISLE"	"South Hero"	605	391	203	749	489	398	611	391	588	399	752	219	42	930	505	504
"VT"	2006	"LAMOILLE"	"Belvidere"	75	49	41	76	62	52	80	41	78	43	81	43	9	113	70	57
"VT"	2006	"LAMOILLE"	"Cambridge"	1058	461	350	1088	670	585	873	611	843	644	1097	367	82	1368	703	817
"VT"	2006	"LAMOILLE"	"Eden"	283	119	116	237	184	153	239	153	236	159	278	102	25	358	205	197
"VT"	2006	"LAMOILLE"	"Elmore"	316	93	75	312	146	202	204	202	186	210	334	66	26	375	137	270
"VT"	2006	"LAMOILLE"	"Hyde Park"	893	369	326	879	601	496	732	529	709	534	946	290	66	1155	583	675
"VT"	2006	"LAMOILLE"	"Johnson"	871	261	223	834	438	470	577	543	551	539	866	210	94	984	486	638
"VT"	2006	"LAMOILLE"	"Morristown"	1573	599	514	1536	985	938	1276	889	1198	928	1645	479	80	2012	1004	1176
"VT"	2006	"LAMOILLE"	"Stowe"	1400	908	666	1472	1071	942	1464	838	1295	957	1571	649	76	2081	1085	1224
"VT"	2006	"LAMOILLE"	"Waterville"	209	88	84	177	132	110	172	116	172	111	190	84	10	262	143	152
"VT"	2006	"LAMOILLE"	"Wolcott"	505	159	195	431	296	238	353	311	335	301	495	147	38	615	310	359
"VT"	2006	"ORANGE"	"Bradford"	677	288	339	563	424	420	574	397	511	454	643	272	73	867	461	501
"VT"	2006	"ORANGE"	"Braintree"	352	171	176	340	274	196	323	211	314	216	377	150	24	499	291	247
"VT"	2006	"ORANGE"	"Brookfield"	428	198	185	412	304	240	352	272	328	271	467	150	34	563	314	314
"VT"	2006	"ORANGE"	"Chelsea"	359	244	226	348	330	192	372	236	352	246	402	184	36	546	352	257
"VT"	2006	"ORANGE"	"Corinth"	410	157	211	333	249	256	299	262	264	289	359	161	46	498	256	316
"VT"	2006	"ORANGE"	"Fairlee"	323	115	139	279	164	204	240	207	188	249	307	117	33	390	190	255
"VT"	2006	"ORANGE"	"Newbury-Ctr Town House"	359	173	211	298	237	228	311	218	276	237	303	161	82	448	271	268
"VT"	2006	"ORANGE"	"Newbury-Town Office"	128	49	59	116	74	88	103	78	91	84	123	43	13	162	82	102
"VT"	2006	"ORANGE"	"Newbury-W River Vlg"	98	42	45	86	65	64	80	53	76	59	88	35	11	128	69	72
"VT"	2006	"ORANGE"	"Orange"	254	186	179	236	274	127	316	127	283	134	280	148	20	412	283	160
"VT"	2006	"ORANGE"	"Randolph"	1375	599	591	1297	950	794	1158	843	1057	901	1419	528	116	1806	943	1063
"VT"	2006	"ORANGE"	"Strafford"	491	107	114	435	150	351	205	398	148	444	488	96	54	505	142	456
"VT"	2006	"ORANGE"	"Thetford"	1010	247	269	927	336	743	520	746	378	877	993	223	89	1095	350	923
"VT"	2006	"ORANGE"	"Topsham"	287	150	205	211	234	141	307	136	265	153	272	136	39	389	260	179
"VT"	2006	"ORANGE"	"Tunbridge"	395	201	184	383	296	227	337	273	302	283	433	157	52	538	292	325
"VT"	2006	"ORANGE"	"Vershire"	192	76	81	165	87	132	127	144	107	159	176	72	27	221	105	163
"VT"	2006	"ORANGE"	"Washington"	292	150	162	261	221	156	286	153	267	151	314	111	21	408	255	189
"VT"	2006	"ORANGE"	"West Fairlee"	162	62	92	122	87	115	138	80	112	112	151	69	23	195	114	114
"VT"	2006	"ORANGE"	"Williamstown"	834	452	449	798	719	458	852	428	798	439	959	313	69	1209	737	548
"VT"	2006	"ORLEANS"	"Albany"	285	132	129	269	205	163	260	155	227	182	295	114	21	377	202	215
"VT"	2006	"ORLEANS"	"Barton-Barton Mem"	670	421	341	674	620	367	769	304	751	307	746	302	52	991	627	459
"VT"	2006	"ORLEANS"	"Brownington"	194	121	118	180	174	90	209	97	203	104	202	99	18	287	181	128
"VT"	2006	"ORLEANS"	"Charleston"	240	143	119	237	199	144	239	142	236	136	268	110	17	354	222	170
"VT"	2006	"ORLEANS"	"Coventry"	227	116	97	232	187	124	248	99	224	116	249	90	22	320	206	143
"VT"	2006	"ORLEANS"	"Craftsbury"	438	154	131	426	224	258	273	323	263	278	470	110	32	524	257	339
"VT"	2006	"ORLEANS"	"Derby"	1036	747	526	1150	962	664	1228	552	1209	553	1237	493	72	1636	1033	755
"VT"	2006	"ORLEANS"	"Glover"	349	133	121	324	237	169	291	181	261	200	360	100	29	439	239	249
"VT"	2006	"ORLEANS"	"Greensboro"	244	120	100	250	168	136	191	175	182	170	267	93	17	329	154	210
"VT"	2006	"ORLEANS"	"Holland"	167	85	89	157	139	88	172	77	173	69	179	67	11	240	147	106
"VT"	2006	"ORLEANS"	"Irasburg"	291	179	146	293	258	166	321	150	311	155	332	125	25	403	266	204
"VT"	2006	"ORLEANS"	"Jay"	116	49	47	110	75	73	100	66	93	66	109	46	3	158	65	98
"VT"	2006	"ORLEANS"	"Lowell"	201	91	90	189	132	127	178	105	162	121	203	82	22	263	156	136
"VT"	2006	"ORLEANS"	"Morgan"	163	147	109	190	189	98	209	93	214	95	205	103	17	287	195	120
"VT"	2006	"ORLEANS"	"Newport City"	860	532	390	924	723	578	901	485	920	461	986	371	59	1282	772	620
"VT"	2006	"ORLEANS"	"Newport Town"	352	227	167	375	324	212	402	166	387	183	411	149	31	531	323	252
"VT"	2006	"ORLEANS"	"Troy"	321	157	149	328	228	212	316	189	302	199	379	121	34	454	261	245
"VT"	2006	"ORLEANS"	"Westfield"	172	81	65	173	104	96	153	96	144	101	188	56	17	217	132	120
"VT"	2006	"ORLEANS"	"Westmore"	130	55	49	126	83	76	106	76	100	83	138	44	12	164	82	96
"VT"	2006	"RUTLAND"	"Benson"	276	134	133	241	203	163	267	134	252	139	270	126	38	351	205	199
"VT"	2006	"RUTLAND"	"Brandon"	1164	577	542	1105	899	711	1130	620	1010	715	1239	466	93	1571	891	874
"VT"	2006	"RUTLAND"	"Castleton"	868	590	526	829	719	616	988	460	910	528	943	477	81	1298	809	670
"VT"	2006	"RUTLAND"	"Chittenden"	354	234	219	325	287	240	395	190	366	208	382	186	32	533	304	288
"VT"	2006	"RUTLAND"	"Clarendon"	569	451	402	575	547	424	742	275	718	315	672	350	63	939	631	398
"VT"	2006	"RUTLAND"	"Danby"	382	257	248	328	292	275	392	235	363	352	398	228	48	567	341	292
"VT"	2006	"RUTLAND"	"Fair Haven"	663	311	347	570	485	430	690	286	615	363	633	321	50	904	528	461
"VT"	2006	"RUTLAND"	"Hubbardton"	167	105	87	165	128	111	164	104	147	124	179	86	15	240	137	137
"VT"	2006	"RUTLAND"	"Ira - Rutland 1-1"	20	12	13	17	19	13	25	7	22	10	22	9	2	30	17	15
"VT"	2006	"RUTLAND"	"Ira - Rutland 1-2"	106	39	63	80	87	51	96	49	91	53	91	52	6	137	75	69
"VT"	2006	"RUTLAND"	"Killington"	246	211	163	249	221	198	315	145	272	179	279	155	29	390	238	234
"VT"	2006	"RUTLAND"	"Mendon"	284	238	181	321	284	210	360	165	324	197	351	163	23	488	278	247
"VT"	2006	"RUTLAND"	"Middletown Springs"	278	121	130	262	153	180	196	212	180	203	283	117	28	358	176	233
"VT"	2006	"RUTLAND"	"Mount Holly"	409	208	191	397	250	333	346	267	324	297	444	176	41	545	285	340
"VT"	2006	"RUTLAND"	"Mount Tabor"	55	25	26	47	37	40	50	31	46	34	55	27	6	74	38	41
"VT"	2006	"RUTLAND"	"Pawlet"	376	221	223	319	256	254	358	226	322	245	363	207	62	507	285	292
"VT"	2006	"RUTLAND"	"Pittsfield"	135	102	85	147	120	93	163	79	136	103	167	66	17	214	121	120
"VT"	2006	"RUTLAND"	"Pittsford"	780	472	427	744	611	538	838	406	776	452	886	340	56	1115	708	559
"VT"	2006	"RUTLAND"	"Poultney"	795	358	369	686	469	552	724	408	641	473	768	329	85	994	556	586
"VT"	2006	"RUTLAND"	"Proctor"	481	252	230	465	343	342	479	250	447	280	527	193	39	677	373	368
"VT"	2006	"RUTLAND"	"Rutland City - Rutland 5-1"	1164	717	536	1206	895	859	1288	589	1128	742	1276	523	75	1662	927	964
"VT"	2006	"RUTLAND"	"Rutland City - Rutland 5-2"	972	578	469	970	698	756	969	580	893	662	1071	443	84	1379	766	807
"VT"	2006	"RUTLAND"	"Rutland City - Rutland 5-3"	726	325	268	684	415	568	632	412	572	463	756	257	78	906	450	604
"VT"	2006	"RUTLAND"	"Rutland City - Rutland 5-4"	925	520	424	939	625	717	915	537	810	624	1027	382	77	1286	713	751
"VT"	2006	"RUTLAND"	"Rutland Town - (Elem School)"	817	699	578	845	826	594	1120	388	1018	485	934	542	46	1400	843	677
"VT"	2006	"RUTLAND"	"Rutland Town - (Town Hall)"	304	254	209	315	313	205	411	146	378	173	335	200	29	497	336	236
"VT"	2006	"RUTLAND"	"Shrewsbury"	394	188	199	343	250	277	336	242	283	288	412	150	40	515	266	314
"VT"	2006	"RUTLAND"	"Sudbury"	204	85	74	199	126	136	158	128	144	139	217	70	20	256	132	152
"VT"	2006	"RUTLAND"	"Tinmouth"	183	97	98	167	125	124	153	125	139	134	181	95	18	243	129	149
"VT"	2006	"RUTLAND"	"Wallingford"	644	406	351	599	488	462	687	363	605	412	677	325	63	915	536	528
"VT"	2006	"RUTLAND"	"Wells"	259	152	184	209	218	166	278	145	241	176	236	181	42	363	236	184
"VT"	2006	"RUTLAND"	"West Haven"	72	35	49	57	64	40	76	33	67	40	66	41	7	103	58	50
"VT"	2006	"RUTLAND"	"West Rutland"	557	308	276	499	386	414	557	297	522	322	581	249	48	760	459	406
"VT"	2006	"WASHINGTON"	"Barre City - Washington 3-1"	1063	579	485	1092	874	622	1017	635	930	645	1187	432	62	1555	813	831
"VT"	2006	"WASHINGTON"	"Barre City - Washington 3-2"	889	414	359	888	615	563	767	539	703	560	991	294	52	1226	596	705
"VT"	2006	"WASHINGTON"	"Barre City - Washington 3-3"	155	88	86	153	127	95	155	93	140	101	188	60	12	236	123	126
"VT"	2006	"WASHINGTON"	"Barre Town"	2042	1565	307	2175	2146	1228	2573	1052	2364	1134	2489	1075	113	3414	2123	1519
"VT"	2006	"WASHINGTON"	"Berlin"	737	392	320	746	615	401	712	418	681	415	850	256	46	1062	619	520
"VT"	2006	"WASHINGTON"	"Cabot"	469	174	179	425	253	249	304	337	295	316	491	134	34	590	262	383
"VT"	2006	"WASHINGTON"	"Calais"	713	178	195	645	352	370	322	566	309	526	731	141	36	824	286	610
"VT"	2006	"WASHINGTON"	"Duxbury"	455	154	119	463	278	221	306	306	302	290	481	115	23	566	262	358
"VT"	2006	"WASHINGTON"	"East Montpelier"	1024	400	346	1006	651	583	675	739	657	686	1110	290	55	1327	559	865
"VT"	2006	"WASHINGTON"	"Fayston"	429	184	152	419	259	262	322	295	286	299	475	128	26	551	240	377
"VT"	2006	"WASHINGTON"	"Marshfield"	529	235	237	507	318	302	338	411	341	385	592	168	60	690	318	446
"VT"	2006	"WASHINGTON"	"Middlesex"	718	212	196	699	358	403	357	577	360	520	740	171	46	856	324	607
"VT"	2006	"WASHINGTON"	"Montpelier"	3146	876	609	3137	1431	1925	1457	2559	1356	2439	3353	578	169	3668	1164	2869
"VT"	2006	"WASHINGTON"	"Moretown"	612	214	204	600	388	339	413	415	399	400	658	158	37	771	361	482
"VT"	2006	"WASHINGTON"	"Northfield"	1333	649	554	1284	1025	705	1316	670	1197	711	1533	397	79	1840	1110	884
"VT"	2006	"WASHINGTON"	"Plainfield"	497	164	147	480	241	287	250	409	241	366	525	116	46	588	213	444
"VT"	2006	"WASHINGTON"	"Roxbury"	238	73	83	209	127	130	145	163	138	159	243	64	32	269	122	188
"VT"	2006	"WASHINGTON"	"Waitsfield"	686	256	233	675	377	384	472	468	410	489	697	212	39	868	372	578
"VT"	2006	"WASHINGTON"	"Warren"	656	225	208	629	324	380	395	474	353	491	695	163	88	765	324	549
"VT"	2006	"WASHINGTON"	"Waterbury"	1657	677	489	1721	1087	966	1280	1053	1213	1066	1839	431	78	2173	1019	1320
"VT"	2006	"WASHINGTON"	"Woodbury"	321	125	140	280	185	169	231	214	222	197	330	100	26	404	199	249
"VT"	2006	"WASHINGTON"	"Worcester"	391	100	106	362	181	219	196	295	186	280	407	72	37	444	173	313
"VT"	2006	"WINDHAM"	"Athens"	64	32	38	56	33	59	55	43	51	49	65	34	8	88	47	49
"VT"	2006	"WINDHAM"	"Brattleboro - Windham 3-1"	1359	417	335	1274	475	1006	666	1115	587	1103	1406	321	149	1480	548	1230
"VT"	2006	"WINDHAM"	"Brattleboro - Windham 3-2"	1186	230	223	1048	287	827	409	1006	341	992	1173	201	161	1157	322	1076
"VT"	2006	"WINDHAM"	"Brattleboro - Windham 3-3"	1183	221	167	1089	246	835	367	1034	304	989	1201	157	133	1340	286	1091
"VT"	2006	"WINDHAM"	"Brookline"	139	86	77	144	88	118	104	128	91	133	163	64	21	201	92	129
"VT"	2006	"WINDHAM"	"Dover"	287	244	239	267	238	241	319	223	293	229	325	210	38	486	269	258
"VT"	2006	"WINDHAM"	"Dummerston"	705	197	189	680	256	554	310	603	279	612	743	165	68	803	255	622
"VT"	2006	"WINDHAM"	"Grafton"	200	95	95	189	85	200	151	144	132	165	216	86	25	264	120	171
"VT"	2006	"WINDHAM"	"Guilford"	703	241	219	663	271	480	328	614	308	590	727	194	88	772	293	648
"VT"	2006	"WINDHAM"	"Halifax"	220	93	101	193	111	148	135	185	120	188	224	90	35	254	106	204
"VT"	2006	"WINDHAM"	"Jamaica"	294	126	149	227	157	213	217	196	204	201	285	120	44	364	181	219
"VT"	2006	"WINDHAM"	"Londonderry"	439	299	303	413	326	352	452	290	389	338	462	278	47	683	356	363
"VT"	2006	"WINDHAM"	"Marlboro"	395	84	76	344	91	242	110	367	91	359	401	66	73	376	97	374
"VT"	2006	"WINDHAM"	"Newfane"	657	190	192	602	253	459	311	527	260	552	663	164	68	725	255	574
"VT"	2006	"WINDHAM"	"Putney"	955	161	153	868	186	739	257	846	191	822	953	131	142	883	204	888
"VT"	2006	"WINDHAM"	"Rockingham"	1408	403	387	1281	281	1489	770	1029	608	1172	1426	351	113	1651	540	1245
"VT"	2006	"WINDHAM"	"Stratton"	50	48	55	37	57	29	64	34	62	32	47	45	4	88	57	37
"VT"	2006	"WINDHAM"	"Townshend"	373	166	172	345	213	279	273	284	240	304	403	139	49	486	234	313
"VT"	2006	"WINDHAM"	"Vernon"	431	388	353	423	406	342	535	265	491	307	499	309	25	767	443	334
"VT"	2006	"WINDHAM"	"Wardsboro"	216	96	102	194	120	159	150	160	142	165	219	87	30	266	121	181
"VT"	2006	"WINDHAM"	"Westminster - Windham-4"	71	9	13	57	10	67	30	45	24	44	63	12	10	67	19	60
"VT"	2006	"WINDHAM"	"Westminster - Windham-5"	1008	230	214	943	180	953	389	861	327	875	1024	197	105	1063	313	919
"VT"	2006	"WINDHAM"	"Whitingham"	254	201	199	233	197	193	272	194	250	203	288	181	48	406	227	228
"VT"	2006	"WINDHAM"	"Wilmington"	515	311	292	461	301	384	441	393	394	411	543	282	84	730	359	457
"VT"	2006	"WINDHAM"	"Windham"	133	45	51	124	48	115	89	80	71	107	140	42	19	163	62	108
"VT"	2006	"WINDSOR"	"Andover"	152	99	103	134	109	125	149	100	134	114	158	90	13	227	112	133
"VT"	2006	"WINDSOR"	"Baltimore"	46	39	51	41	51	38	68	23	52	39	62	32	3	89	58	31
"VT"	2006	"WINDSOR"	"Barnard"	333	162	153	323	207	229	296	199	221	275	371	120	73	415	211	291
"VT"	2006	"WINDSOR"	"Bethel"	629	254	280	553	420	369	542	337	449	422	662	217	52	810	396	488
"VT"	2006	"WINDSOR"	"Bridgewater"	273	135	154	240	172	202	241	155	186	221	262	128	90	315	178	234
"VT"	2006	"WINDSOR"	"Cavendish"	347	193	201	304	225	277	343	189	275	268	369	162	50	477	268	274
"VT"	2006	"WINDSOR"	"Chester"	996	405	434	874	476	854	767	625	621	787	999	383	75	1273	580	823
"VT"	2006	"WINDSOR"	"Hartford - Windsor 6-1"	563	327	315	524	363	436	542	345	366	517	568	286	64	764	378	517
"VT"	2006	"WINDSOR"	"Hartford - Windsor 6-2"	2004	758	773	1841	950	1552	1577	1203	998	1787	2006	676	185	2458	997	1799
"VT"	2006	"WINDSOR"	"Hartland"	1054	464	455	948	532	801	832	671	435	1113	1070	387	142	1290	519	1016
"VT"	2006	"WINDSOR"	"Ludlow"	577	409	362	515	424	484	619	348	547	434	613	334	54	858	520	480
"VT"	2006	"WINDSOR"	"Norwich"	1600	288	259	1489	331	1299	605	1273	325	1536	1598	239	93	1619	311	1595
"VT"	2006	"WINDSOR"	"Plymouth"	173	106	113	144	111	135	165	109	138	140	164	103	38	229	137	141
"VT"	2006	"WINDSOR"	"Pomfret"	363	143	139	345	195	272	266	239	188	322	393	107	129	367	202	303
"VT"	2006	"WINDSOR"	"Reading"	230	99	109	202	145	164	203	130	132	202	241	86	43	270	148	194
"VT"	2006	"WINDSOR"	"Rochester"	479	146	141	440	241	253	318	296	269	324	483	122	52	538	225	374
"VT"	2006	"WINDSOR"	"Royalton"	792	313	357	658	485	468	638	461	535	559	774	284	92	943	483	628
"VT"	2006	"WINDSOR"	"Sharon"	399	161	156	358	235	244	291	262	230	330	410	129	57	475	236	330
"VT"	2006	"WINDSOR"	"Springfield - Windsor 1-1"	31	16	17	28	20	27	29	19	19	30	35	11	1	45	19	26
"VT"	2006	"WINDSOR"	"Springfield - Windsor 1-2"	2305	1015	996	2146	1159	2011	1954	1346	1444	1868	2334	924	187	3041	1401	1908
"VT"	2006	"WINDSOR"	"Stockbridge"	210	102	102	196	138	138	166	143	153	155	222	79	24	285	127	183
"VT"	2006	"WINDSOR"	"Weathersfield"	826	377	414	712	460	634	731	460	529	667	812	371	75	1082	570	640
"VT"	2006	"WINDSOR"	"West Windsor"	365	195	180	347	221	279	344	211	205	364	390	149	48	497	247	322
"VT"	2006	"WINDSOR"	"Weston"	249	102	121	212	144	185	183	168	151	195	237	109	14	321	128	217
"VT"	2006	"WINDSOR"	"Windsor"	947	286	345	830	382	731	661	553	368	866	935	270	112	1077	419	828
"VT"	2006	"WINDSOR"	"Woodstock"	1115	531	466	1078	593	886	905	736	597	1049	1152	428	276	1279	620	1046
