state	year	county	precinct	g2010_BALL_tv	sd	ld	g2010_USH_rv	g2010_USH_dv	g2010_USH_tv	g2010_GOV_rv	g2010_GOV_dv	g2010_GOV_tv	g2010_SOS_rv	g2010_SOS_dv	g2010_SOS_tv	g2010_AUD_rv	g2010_AUD_tv	g2010_TRE_rv	g2010_TRE_tv	g2010_SPI_rv	g2010_SPI_dv	g2010_SPI_tv	g2010_STS_rv	g2010_STS_dv	g2010_STS_tv	g2010_STH_rv	g2010_STH_dv	g2010_STH_tv	sd2	ld2	g2010_STS_rv2	g2010_STS_tv2	g2010_STH_rv2	g2010_STH_dv2	g2010_STH_tv2	sd3	ld3	g2010_STH_rv3	g2010_STH_tv3
"WY"	2010	"Albany"	"Albany Public Library 31-3"	657	13	9	241	368	645	270	332	648	301	302	625	410	444	423	447	186	451	637		511	523		493	501											
"WY"	2010	"Albany"	"Albany Public Library 51-1"	67	45	9	16	45	65	24	37	67	25	30	60	42	44	47	49	14	52	66		53	53	23	43	66											
"WY"	2010	"Albany"	"Albany Public Library 51-2"	356	45	9	125	193	347	138	183	353	157	155	332	219	238	228	246	93	254	349		283	294	144	192	338											
"WY"	2010	"Albany"	"American Heritage Center 41-4"	194	14	10	98	80	194	122	54	193	111	60	188	168	169	163	167	73	111	185				96	83	179											
"WY"	2010	"Albany"	"Beitel School 61-1"	0	46	10	0	0	0	0	0	0	0	0	0	0	0	0	0	0	0	0				0		0											
"WY"	2010	"Albany"	"Beitel School 61-2"	912	46	10	484	374	895	496	354	903	553	277	871	702	713	718	728	323	571	894				686		698											
"WY"	2010	"Albany"	"Centennial School 13-1"	241	46	10	156	68	238	150	70	239	166	55	234	190	194	191	193	116	118	234				186		192											
"WY"	2010	"Albany"	"Fairgrounds: County 12-1"	1593	46	10	1051	467	1578	1034	442	1585	1139	342	1532	1313	1327	1330	1346	813	744	1558				1292		1312											
"WY"	2010	"Albany"	"Indian Paintbrush School 41-3"	929	14	10	491	388	908	537	324	914	584	271	887	700	708	703	710	329	569	904				531	347	880											
"WY"	2010	"Albany"	"Laramie Jr. High 41-1"	822	14	10	415	353	806	467	297	819	518	238	787	603	619	619	633	265	536	802				439	335	774											
"WY"	2010	"Albany"	"Laramie Jr. High 41-2"	261	14	10	160	93	256	180	74	258	184	61	249	206	207	212	213	97	161	258				169	79	248											
"WY"	2010	"Albany"	"Linford School 51-4"	51	45	9	25	21	49	31	17	49	32	15	49	40	40	43	43	18	33	51		35	36	33	17	50											
"WY"	2010	"Albany"	"Linford School 51-5"	1174	45	9	699	387	1145	723	354	1156	747	316	1117	923	944	952	969	512	617	1131		779	827	754	360	1118											
"WY"	2010	"Albany"	"Linford School 51-6"	272	45	9	90	162	263	96	156	267	115	131	255	178	191	186	199	72	189	261		209	218	112	146	260											
"WY"	2010	"Albany"	"Northern Albany County 11-1"	473	14	10	317	131	465	318	117	468	356	95	464	386	391	396	402	252	210	462				333	119	454											
"WY"	2010	"Albany"	"Rock River Town Hall 14-1"	108	47	11	88	12	108	87	13	107	86	14	105	96	98	98	100	71	32	105	78	19	105	100		101											
"WY"	2010	"Albany"	"Slade School 31-1"	27	13	9	16	11	27	14	11	27	16	9	25	18	19	17	18	11	16	27		18	22		19	22											
"WY"	2010	"Albany"	"Slade School 31-2"	1218	13	9	603	536	1188	658	474	1204	719	396	1165	955	973	968	986	422	768	1193		887	919		875	908											
"WY"	2010	"Albany"	"Spring Creek School 31-4"	452	13	9	164	264	444	181	249	448	205	216	432	275	292	281	296	115	331	446		338	349		339	351											
"WY"	2010	"Albany"	"Spring Creek School 51-3"	643	45	9	247	326	624	275	303	631	293	259	593	402	421	411	428	176	437	614		459	484	317	286	604											
"WY"	2010	"Albany"	"Whiting High School 61-3"	809	46	10	354	402	798	374	387	801	431	303	768	567	586	574	597	237	550	788				563		594											
"WY"	2010	"Albany"	"Whiting High School 61-4"	319	46	10	186	112	313	199	104	318	205	88	306	249	250	254	258	132	177	309				244		245											
"WY"	2010	"Big Horn"	"Burlington Fire Hall - Otto 3-1"	88	20	28	79	3	87	42	7	87	80	1	87	78	78	79	79	68	13	81				82		82											
"WY"	2010	"Big Horn"	"Burlington Fire Hall 2-1"	215	20	28	184	19	210	156	17	211	190	9	205	200	200	200	200	176	35	211				198		198											
"WY"	2010	"Big Horn"	"Byron Town Complex 23-1"	256	19	26	186	42	245	181	44	251	199	32	245	212	214	213	215	179	65	244	197		200	194		194											
"WY"	2010	"Big Horn"	"Cowley Log Gym 22-1"	347	19	26	318	20	346	300	27	344	320	17	345	323	324	328	328	252	89	341	334		334	316		322											
"WY"	2010	"Big Horn"	"Deaver Community Hall 25-1"	89	19	26	68	14	87	65	15	88	80	7	88	83	83	84	84	64	24	88	86		86	81		81											
"WY"	2010	"Big Horn"	"Emblem Irrigation District Office 5-1"	53	19	26	47	2	51	34	2	52	41	3	48	48	48	49	49	39	11	50	48		48	47		47											
"WY"	2010	"Big Horn"	"Fair Grounds - Basin 1-1"	678	20	28	521	108	662	453	106	670	545	71	658	602	604	595	597	483	182	665				585		592											
"WY"	2010	"Big Horn"	"Frannie School Building 26-1"	86	19	26	67	10	81	61	12	81	65	11	80	71	73	71	71	54	24	78	77		77	73		73											
"WY"	2010	"Big Horn"	"Greybull Elks Lodge 11-1"	906	19	26	673	168	887	640	171	897	698	139	881	780	788	779	784	610	269	882	770		779	763		769											
"WY"	2010	"Big Horn"	"Hyattville Community Center 6-1"	78	20	28	63	11	76	60	13	78	69	8	77	73	74	73	73	59	15	74				76		76											
"WY"	2010	"Big Horn"	"Lovell National Guard Armory 20-1"	1234	19	26	1040	137	1211	957	132	1214	1059	94	1206	1118	1124	1120	1122	858	346	1205	1155		1163	1047		1075											
"WY"	2010	"Big Horn"	"Manderson Town Hall 8-1"	144	20	28	119	17	143	110	24	143	110	23	140	132	132	131	131	111	33	144				133		134											
"WY"	2010	"Big Horn"	"Shell Community Hall 16-1"	233	19	26	187	39	232	158	43	232	183	35	228	203	204	205	205	170	60	230	189		193	183		191											
"WY"	2010	"Campbell"	"4-J School 13-1"	180	23	31	169	5	177	124	2	174	160	6	175	160	161	162	164	158	18	176	164		164	154		159											
"WY"	2010	"Campbell"	"Antelope Valley Baptist Church 19-1"	258	23	52	231	11	252	124	17	254	205	13	249	237	237	234	234	217	30	247	233		234	141		246											
"WY"	2010	"Campbell"	"Antelope Valley Baptist Church 22-1"	403	23	52	313	60	391	234	42	394	298	33	392	345	347	337	341	286	102	388	348		352	220		389											
"WY"	2010	"Campbell"	"Antelope Valley Baptist Church 5-1"	574	23	31	485	49	563	367	45	564	473	41	553	509	512	516	518	449	104	554	514		518	506		512											
"WY"	2010	"Campbell"	"Central Pavilion Camplex 1-1"	187	23	31	149	18	182	109	21	182	147	22	180	167	167	170	170	144	38	182	167		167	162		162											
"WY"	2010	"Campbell"	"Central Pavilion Camplex 1-10"	399	24	53	327	43	389	261	38	394	321	35	385	349	351	353	354	312	74	387				342		377											
"WY"	2010	"Campbell"	"Central Pavilion Camplex 1-11"	208	24	32	170	23	201	116	22	205	168	18	201	186	186	184	184	155	43	199				168	31	199											
"WY"	2010	"Campbell"	"Central Pavilion Camplex 1-12"	227	24	32	164	33	219	117	32	222	170	27	217	193	194	193	195	162	58	220				172	37	210											
"WY"	2010	"Campbell"	"Central Pavilion Camplex 1-13"	173	24	32	124	24	169	99	20	172	133	13	164	154	156	158	159	126	42	168				138	25	163											
"WY"	2010	"Campbell"	"Central Pavilion Camplex 1-14"	591	24	32	476	91	584	404	77	584	480	66	572	516	519	514	514	391	180	573				496	78	574											
"WY"	2010	"Campbell"	"Central Pavilion Camplex 1-15"	237	24	32	191	33	235	142	28	235	192	26	230	212	214	215	217	187	44	232				198	34	232											
"WY"	2010	"Campbell"	"Central Pavilion Camplex 1-16"	666	24	32	516	111	652	452	89	658	535	72	637	590	594	600	602	465	176	642				554	79	635											
"WY"	2010	"Campbell"	"Central Pavilion Camplex 1-17"	662	23	31	523	98	654	358	93	654	504	86	642	591	594	594	595	484	162	648	598		602	600		604											
"WY"	2010	"Campbell"	"Central Pavilion Camplex 1-18"	311	23	31	252	35	303	188	33	307	249	31	304	284	284	287	288	230	72	302	279		281	279		281											
"WY"	2010	"Campbell"	"Central Pavilion Camplex 1-19"	623	24	32	525	69	610	431	53	618	534	45	599	538	544	535	538	453	153	606				556	44	601											
"WY"	2010	"Campbell"	"Central Pavilion Camplex 1-2"	150	24	32	105	34	145	85	30	148	107	27	145	128	130	124	126	103	46	149				109	33	143											
"WY"	2010	"Campbell"	"Central Pavilion Camplex 1-20"	252	23	31	209	29	248	146	28	251	208	28	245	223	224	221	221	193	54	247	226		226	221		224											
"WY"	2010	"Campbell"	"Central Pavilion Camplex 1-21"	520	23	52	422	61	507	307	56	507	409	48	507	472	476	468	471	389	108	497	463		468	337		496											
"WY"	2010	"Campbell"	"Central Pavilion Camplex 1-3"	187	24	53	150	25	182	99	25	185	150	16	177	161	162	157	157	140	37	177				154		174											
"WY"	2010	"Campbell"	"Central Pavilion Camplex 1-4"	340	24	53	274	46	334	196	48	333	262	41	323	287	291	286	286	239	90	329				285		324											
"WY"	2010	"Campbell"	"Central Pavilion Camplex 1-5"	397	24	53	312	57	391	243	50	394	313	50	381	345	348	348	352	283	96	380				329		376											
"WY"	2010	"Campbell"	"Central Pavilion Camplex 1-7"	268	24	53	223	32	266	170	35	265	218	28	264	245	246	239	240	203	55	259				218		257											
"WY"	2010	"Campbell"	"Central Pavilion Camplex 1-8"	201	24	53	156	34	199	109	24	200	153	27	193	181	182	181	182	150	45	196				163		192											
"WY"	2010	"Campbell"	"Central Pavilion Camplex 1-9"	242	24	53	185	34	235	156	30	240	180	28	226	211	214	215	217	180	51	232				191		229											
"WY"	2010	"Campbell"	"Central Pavilion Camplex 18-1"	276	23	52	226	25	270	120	23	272	223	22	263	241	243	249	250	213	49	263	245		246	171		262											
"WY"	2010	"Campbell"	"Central Pavilion Camplex 2-1"	257	23	31	211	26	245	147	20	247	210	23	244	224	224	227	227	206	42	248	232		232	221		221											
"WY"	2010	"Campbell"	"Central Pavilion Camplex 3-1"	537	23	31	476	35	527	289	29	525	455	30	514	469	472	472	472	451	60	512	475		479	456		463											
"WY"	2010	"Campbell"	"First United Methodist Church 9-1"	468	23	31	390	41	458	296	32	462	397	32	459	420	424	420	421	369	86	456	431		432	409		414											
"WY"	2010	"Campbell"	"Little Powder School 8-1"	109	23	52	98	7	107	80	6	108	96	3	101	94	94	96	96	97	10	107	102		103	51		104											
"WY"	2010	"Campbell"	"Rawhide School 6-1"	176	23	31	156	10	172	93	15	174	150	15	172	157	159	160	160	152	20	172	161		161	155		156											
"WY"	2010	"Campbell"	"Recluse School 7-1"	135	23	52	116	12	132	82	17	132	108	13	129	112	113	113	114	113	21	134	118		118	57		131											
"WY"	2010	"Campbell"	"Rozet School 4-1"	497	23	52	423	38	491	277	41	479	413	31	479	441	445	439	442	405	81	487	441		444	296		481											
"WY"	2010	"Campbell"	"Wright Town Hall 12-1"	93	23	52	84	6	91	59	4	92	80	6	91	83	83	86	86	78	12	91	84		84	52		87											
"WY"	2010	"Campbell"	"Wright Town Hall 14-1"	470	23	52	388	49	460	327	44	459	380	39	455	418	419	428	429	357	88	445	425		428	245		446											
"WY"	2010	"Campbell"	"Wright Town Hall 14-2"	190	23	52	176	7	190	127	10	184	170	6	184	175	177	178	179	168	19	188	176		179	117		185											
"WY"	2010	"Carbon"	"Baggs Senior Center 15-1"	254	11	47	208	22	247	211	24	251	202	26	240	233	233	239	239	197	48	245	190	30	246		228	230											
"WY"	2010	"Carbon"	"Dixon Senior Center 14-1"	104	11	47	90	9	101	89	7	104	81	13	98	90	90	93	93	78	22	100	89	10	102		99	99											
"WY"	2010	"Carbon"	"Elk Mountain Senior Center 9-1"	152	11	47	125	20	150	113	18	149	125	17	147	140	140	141	141	111	34	146	86	14	150		129	130											
"WY"	2010	"Carbon"	"Encampment Senior Center 12-1"	233	11	47	179	38	229	171	42	227	177	36	224	206	206	205	205	156	74	230	131	79	226		205	211											
"WY"	2010	"Carbon"	"Hanna Town Hall 6-1"	27	11	47	22	4	26	22	4	27	24	1	26	24	24	25	25	23	4	27	17	6	24		20	20											
"WY"	2010	"Carbon"	"Hanna Town Hall 8-1"	371	11	47	231	93	360	226	100	361	234	88	355	307	307	314	314	215	143	358	173	107	359		310	312											
"WY"	2010	"Carbon"	"Jeffrey Center/Rawlins 1-2"	153	11	15	102	42	151	95	48	152	100	40	147	127	129	131	132	87	64	152	89	49	151	42	49	91	11	47			24		24				
"WY"	2010	"Carbon"	"Jeffrey Center/Rawlins 2-1"	439	11	15	284	125	428	304	105	433	307	98	422	373	375	373	375	230	198	429	256	136	426	222	178	401	11	47			24		34				
"WY"	2010	"Carbon"	"Jeffrey Center/Rawlins 2-2"	574	11	15	373	173	565	377	169	569	395	141	555	474	476	485	487	309	254	565	311	190	556	305	256	562											
"WY"	2010	"Carbon"	"Jeffrey Center/Rawlins 3-1"	408	11	15	263	121	401	261	125	404	275	103	396	333	336	338	339	222	179	401	220	144	402	208	194	403											
"WY"	2010	"Carbon"	"Jeffrey Center/Rawlins 3-2"	463	11	15	294	150	460	319	124	460	316	115	450	396	398	400	404	237	217	454	245	165	460	245	212	458											
"WY"	2010	"Carbon"	"McFadden Fire Station 10-1"	49	11	47	43	2	48	47	2	49	43	4	48	46	46	48	48	39	9	48	34	7	48		45	46											
"WY"	2010	"Carbon"	"Medicine Bow Senior Center 7-1"	145	11	47	109	26	143	91	36	142	102	30	142	121	121	124	124	95	48	143	80	35	139		114	115											
"WY"	2010	"Carbon"	"Muddy Gap Fire Station  4-1"	22	11	47	17	5	22	12	7	22	14	6	21	15	15	17	17	16	5	21	11	6	18		18	18											
"WY"	2010	"Carbon"	"Pershing Elementary School/Rawlins 1-1"	391	11	15	184	173	378	179	180	387	194	164	379	287	294	290	296	160	224	384	149	190	384	131	253	385											
"WY"	2010	"Carbon"	"Riverside Town Hall 13-1"	216	11	47	170	38	215	157	41	212	169	33	208	178	179	183	183	138	72	210	113	77	209		177	188											
"WY"	2010	"Carbon"	"Saratoga Senior Center 11-1"	773	11	47	553	178	761	552	183	766	575	155	755	675	677	674	678	449	310	760	359	372	763		658	670											
"WY"	2010	"Carbon"	"Saratoga Senior Center 11-2"	291	11	47	240	42	288	228	42	290	241	34	286	245	246	250	250	187	101	288	164	104	286		240	245											
"WY"	2010	"Carbon"	"Sinclair Town Hall 5-1"	193	11	47	137	41	188	131	51	191	148	34	189	169	169	173	173	105	85	190	108	58	190		174	174											
"WY"	2010	"Converse"	"Douglas Rec Center 2-2"	327	2	3	251	51	319	222	43	322	265	36	316	281	284	286	288	234	80	314				280		283											
"WY"	2010	"Converse"	"Douglas Rec Center 20-20"	91	2	6	82	7	90	67	8	90	80	4	88	78	79	78	78	69	16	86				79		80											
"WY"	2010	"Converse"	"Douglas Rec Center 23-1"	261	2	6	183	62	258	143	56	258	198	49	256	225	228	225	226	172	77	251				222		224											
"WY"	2010	"Converse"	"Douglas Rec Center 23-2"	299	2	6	239	43	292	175	45	291	245	35	289	268	268	262	262	212	81	293				262		266											
"WY"	2010	"Converse"	"Douglas Rec Center 23-3"	307	2	6	233	47	299	172	46	302	243	43	298	278	278	278	278	216	81	298				273		274											
"WY"	2010	"Converse"	"Douglas Rec Center 23-4"	206	2	3	153	46	205	118	37	203	168	28	202	175	175	179	180	136	69	205				177		180											
"WY"	2010	"Converse"	"Douglas Rec Center 23-5"	382	2	3	292	59	369	223	63	371	305	45	366	329	332	334	336	265	101	366				335		338											
"WY"	2010	"Converse"	"Douglas Rec Center 23-6"	492	2	3	369	96	483	285	84	488	397	69	483	428	432	443	445	309	175	484				452		457											
"WY"	2010	"Converse"	"Douglas Rec Center 4-4"	331	2	6	270	40	326	213	35	324	270	30	318	295	301	299	302	245	76	322				285		293											
"WY"	2010	"Converse"	"Douglas Rec Center 7-7"	173	2	6	144	16	169	100	11	170	141	11	169	149	149	155	155	130	38	168				149		152											
"WY"	2010	"Converse"	"Douglas Rec Center 8-8"	263	1	2	221	26	258	172	21	257	234	17	259	239	241	236	239	214	42	257	230		232	227		229											
"WY"	2010	"Converse"	"Dry Creek School 13-13"	84	2	6	81	2	84	53	2	84	73	1	76	75	75	74	74	76	4	80				71		74											
"WY"	2010	"Converse"	"Glenrock Rec Center 10-10"	229	2	6	165	49	226	158	49	228	183	36	227	199	203	200	201	153	74	227				200		207											
"WY"	2010	"Converse"	"Glenrock Rec Center 11-11"	194	2	6	151	26	188	143	23	192	152	18	182	164	164	166	166	129	58	187				155		163											
"WY"	2010	"Converse"	"Glenrock Rec Center 6-6"	236	2	6	200	28	234	188	27	235	200	24	231	219	219	216	216	166	66	232				180		206											
"WY"	2010	"Converse"	"Glenrock Rec Center 9-1"	516	2	6	388	95	505	360	97	513	421	66	505	469	472	470	472	333	175	508				458		477											
"WY"	2010	"Converse"	"Glenrock Rec Center 9-2"	404	2	6	295	86	399	266	98	401	312	65	394	350	351	353	354	254	142	396				328		351											
"WY"	2010	"Converse"	"Lost Springs Hall 1-1"	83	1	2	78	1	82	58	0	82	75	3	80	77	77	77	77	71	10	82	70		75	69		74											
"WY"	2010	"Converse"	"White School 3-1"	133	2	6	117	12	133	86	16	131	119	10	132	122	123	121	121	102	29	131				112		116											
"WY"	2010	"Crook"	"Aladdin Community Bldg  7-7"	158	1	1	131	16	156	129	15	157	129	14	154	129	131	128	129	128	22	151	117		121	130	20	152											
"WY"	2010	"Crook"	"Alva Church 9-9"	65	1	1	60	0	61	50	0	59	55	1	56	54	54	52	52	52	9	61	49		50	57	0	57											
"WY"	2010	"Crook"	"Beulah Community Bldg. 3-3"	125	1	1	91	25	125	87	25	125	93	23	124	94	98	98	99	88	35	123	89		92	101	18	119											
"WY"	2010	"Crook"	"Colony Community Bldg. 24-24"	38	1	1	36	0	38	34	1	38	34	1	38	38	38	37	37	37	0	37	35		35	36	2	38											
"WY"	2010	"Crook"	"Elmore - Barton Ranch Voting Booth 12-12"	231	1	1	202	16	231	121	14	226	193	20	226	208	210	209	210	192	34	226	191		193	203	22	225											
"WY"	2010	"Crook"	"Hulett Inside - Civic Center 14-14"	142	1	1	106	22	140	90	31	139	110	23	139	116	123	121	122	97	42	140	110		114	108	27	137											
"WY"	2010	"Crook"	"Hulett Outside - Civic Center 13-13"	221	1	1	197	9	217	166	13	215	203	8	217	194	201	206	206	193	24	217	160		167	199	15	214											
"WY"	2010	"Crook"	"Moorcroft East Side - City Hall 18-2"	176	1	1	145	19	173	95	15	173	149	14	170	159	159	157	158	147	23	170	158		159	152	19	171											
"WY"	2010	"Crook"	"Moorcroft Outside - Baptist Church 16-16"	261	1	1	232	17	258	144	14	256	223	12	251	240	244	243	244	227	29	256	225		228	238	21	259											
"WY"	2010	"Crook"	"Moorcroft West Side - City Hall 18-1"	180	1	1	130	26	171	88	32	176	133	27	172	155	156	159	159	122	47	170	150		151	138	36	174											
"WY"	2010	"Crook"	"New Haven Community Bldg. 23-23"	50	1	1	46	1	50	42	1	49	44	1	48	43	46	46	46	44	3	47	45		45	46	2	48											
"WY"	2010	"Crook"	"Oshoto Community Bldg. 26-26"	53	1	1	48	0	53	38	1	52	47	0	53	48	48	49	49	51	2	53	38		40	45	5	50											
"WY"	2010	"Crook"	"Pine Haven Town Hall 15-15"	249	1	1	197	32	242	141	36	243	185	37	241	213	214	216	217	182	52	234	205		209	197	36	233											
"WY"	2010	"Crook"	"Sundance Inside North - Courthouse 1-1"	324	1	1	249	46	316	217	53	320	252	44	311	279	282	278	280	230	75	305	233		246	253	56	309											
"WY"	2010	"Crook"	"Sundance Inside South - Courthouse 1-2"	270	1	1	206	44	262	185	51	261	215	32	258	222	225	225	226	176	83	259	171		184	206	50	256											
"WY"	2010	"Crook"	"Sundance Outside - Courthouse 2-2"	440	1	1	334	71	429	270	72	436	340	59	421	369	373	373	375	317	105	422	324		333	345	66	413											
"WY"	2010	"Crook"	"Tower Junction - Camp Beard 11-11"	212	1	1	184	17	210	151	14	212	190	9	207	187	189	189	189	182	26	208	171		178	187	19	206											
"WY"	2010	"Freemont"	"Dubois Headwaters Comm. Center  7-1"		25	33																	29	4	33														
"WY"	2010	"Freemont"	"Lander Community Center 5-1"		25	33																				0		1											
"WY"	2010	"Freemont"	"Lander Community Center 6-1"		25	34																				24	9	33											
"WY"	2010	"Freemont"	"Riverton Fair Office 3-3"		26	34																				69		77											
"WY"	2010	"Freemont"	"Riverton Fair Office 3-5"		26	34																				5	6	12											
"WY"	2010	"Fremont"	"Arapahoe School 8-1"	280	25	33	142	100	255	110	114	265	129	115	258	189	192	185	186	117	142	259	113	145	258	120	147	268											
"WY"	2010	"Fremont"	"Atlantic City Fire Hall 24-1"	43	12	48	20	17	43	22	16	42	19	15	41	31	31	31	32	16	25	41					26	28											
"WY"	2010	"Fremont"	"Crowheart School Gym 19-1"	103	25	33	81	16	100	67	12	99	82	11	97	89	90	88	88	68	34	102	71	27	98	63	31	94											
"WY"	2010	"Fremont"	"Dubois Headwaters Comm. Center  7-1"	955	17	23	717	184	944	639	190	945	741	152	930	831	834	817	819	672	254	926	693	208	901	800		802											
"WY"	2010	"Fremont"	"Fairgrounds/Main Hall 10-1"	560	26	34	464	66	552	384	65	550	471	56	551	492	499	498	504	413	130	543				462		538											
"WY"	2010	"Fremont"	"Fairgrounds/Main Hall 17-1"	326	25	33	229	72	312	194	82	318	246	56	310	268	269	268	268	210	104	314	229	78	308	194	112	309											
"WY"	2010	"Fremont"	"Fairgrounds/Main Hall 21-1"	218	26	34	161	37	213	143	31	210	158	36	212	186	191	184	190	133	74	208				156		207											
"WY"	2010	"Fremont"	"Ft. Washakie School Admin. 4-1"	322	25	33	124	167	308	127	154	311	126	155	302	234	238	236	240	96	213	309	85	226	311	124	184	310											
"WY"	2010	"Fremont"	"Hudson Town Hall 2-1"	233	25	33	164	52	229	127	56	228	161	45	219	181	184	178	179	131	94	225	139	82	221	101	115	216											
"WY"	2010	"Fremont"	"Jeffrey City Fire Hall 12-1"	75	25	34	69	4	75	64	4	73	67	3	73	68	69	69	70	63	10	74	0	0	0	67		74											
"WY"	2010	"Fremont"	"Kinnear Fire Hall 16-1"	160	25	33	129	26	158	80	30	157	122	22	154	140	140	136	136	109	46	155	114	37	152	93	60	154											
"WY"	2010	"Fremont"	"Lander Community Center 1-1"	574	25	54	373	160	558	335	168	568	407	127	554	449	453	452	456	282	270	554	314	223	540	483		493											
"WY"	2010	"Fremont"	"Lander Community Center 1-2"	257	25	54	147	88	250	139	86	255	172	64	247	213	213	209	209	111	144	255	137	108	246	219		221											
"WY"	2010	"Fremont"	"Lander Community Center 1-3"	504	25	54	268	196	497	262	186	500	314	155	492	377	384	377	385	227	261	490	271	206	477	389		401											
"WY"	2010	"Fremont"	"Lander Community Center 1-4"	412	25	54	232	149	397	206	152	407	250	117	383	304	308	304	307	186	211	398	232	149	384	312		323											
"WY"	2010	"Fremont"	"Lander Community Center 1-5"	627	25	54	377	206	604	356	192	616	441	145	604	495	502	494	498	286	314	601	336	256	595	516		523											
"WY"	2010	"Fremont"	"Lander Community Center 1-6"	499	25	54	286	175	483	263	178	493	333	124	478	375	385	376	383	210	273	483	263	207	472	396		403											
"WY"	2010	"Fremont"	"Lander Community Center 5-1"	1078	25	54	691	309	1045	636	285	1064	781	219	1035	832	842	834	843	577	477	1055	692	321	1018	873		883											
"WY"	2010	"Fremont"	"Lander Community Center 6-1"	436	25	33	306	94	421	262	85	431	329	66	418	362	364	361	362	271	147	418	281	121	404	235	171	406											
"WY"	2010	"Fremont"	"Lysite Fire Hall 22-1"	41	26	34	38	0	40	32	3	41	37	2	41	41	41	41	41	37	3	41				39		41											
"WY"	2010	"Fremont"	"Midvale Fire Hall 15-1"	156	26	34	125	21	154	97	19	152	128	15	150	139	141	137	138	100	51	152				120		151											
"WY"	2010	"Fremont"	"Missouri Valley Fire Hall 9-1"	290	26	34	272	8	288	214	17	285	269	10	283	265	268	268	269	229	52	282				240		286											
"WY"	2010	"Fremont"	"Riverton Fair Office 18-1"	973	26	34	802	121	955	700	129	963	801	101	941	864	869	862	864	656	297	953				783		922											
"WY"	2010	"Fremont"	"Riverton Fair Office 3-1"	620	26	55	455	115	602	391	137	608	456	110	595	528	533	524	527	386	212	598				6		12											
"WY"	2010	"Fremont"	"Riverton Fair Office 3-2"	247	26	34	171	57	237	151	63	239	178	43	232	214	217	210	212	144	93	238				172		226											
"WY"	2010	"Fremont"	"Riverton Fair Office 3-3"	664	26	55	497	132	649	459	131	657	513	100	639	580	584	586	589	405	235	641				539		542											
"WY"	2010	"Fremont"	"Riverton Fair Office 3-4"	354	26	55	250	63	346	229	71	348	261	47	337	283	285	286	288	229	103	332				288		292											
"WY"	2010	"Fremont"	"Riverton Fair Office 3-5"	962	26	55	710	184	937	649	189	948	735	155	920	816	823	824	829	597	336	933				721		728											
"WY"	2010	"Fremont"	"Riverton Fair Office 3-6"	786	26	55	598	148	769	562	161	778	617	108	754	685	686	688	688	494	273	767				641		650											
"WY"	2010	"Fremont"	"Shoshone Senior Citizens Center 20-1"	289	26	34	208	50	278	169	52	283	213	41	275	242	242	238	238	188	85	273				207		273											
"WY"	2010	"Fremont"	"WY Indian High Tech Center 13-1"	341	25	33	123	183	319	91	198	320	116	188	317	190	192	182	184	99	221	320	94	218	312	88	231	321											
"WY"	2010	"Fremont"	"Wind River Rec. Center 14-1"	503	26	34	396	64	489	279	67	484	387	56	476	422	423	417	420	345	128	473				388		466											
"WY"	2010	"Goshen"	"Ft. Laramie Town Hall 9-1"	202	3	5	144	43	199	122	48	200	137	44	192	166	166	166	166	131	68	199	165		172	170		172											
"WY"	2010	"Goshen"	"Hawk Springs Comm. Hall 17-1"	89	3	4	72	10	85	63	10	87	74	8	85	76	76	79	79	67	17	84	73		73	75		75											
"WY"	2010	"Goshen"	"Huntley School 16-1"	237	3	4	198	23	236	193	23	236	202	20	233	209	209	219	219	188	44	232	214		216	215		218											
"WY"	2010	"Goshen"	"Iowa Center Jackson Home 20-1"	26	3	4	20	5	26	20	3	26	22	3	26	23	23	23	23	19	7	26	21		21	22		22											
"WY"	2010	"Goshen"	"Jay Em 2-1"	60	1	2	47	13	60	39	7	59	45	8	58	49	49	46	46	38	16	54	45		45	46		46											
"WY"	2010	"Goshen"	"La Grange Memorial Bldg. 18-1"	238	3	4	212	20	238	197	21	236	213	16	233	221	221	222	222	191	38	229	214		214	220		223											
"WY"	2010	"Goshen"	"Lingle Town Hall 8-1"	470	3	5	397	53	460	355	53	463	400	38	458	415	415	425	425	351	109	460	415		426	412		417											
"WY"	2010	"Goshen"	"Prairie Center 1-1"	42	1	2	40	1	41	23	2	42	41	1	42	40	41	42	42	38	3	41	39		40	35		37											
"WY"	2010	"Goshen"	"Torrington Rendezvous Ctr. 10-1"	154	3	5	93	45	148	94	44	154	103	40	152	119	124	131	131	91	60	151	129		129	125		127											
"WY"	2010	"Goshen"	"Torrington Rendezvous Ctr. 10-10"	132	3	4	90	29	128	78	28	132	93	23	127	108	109	112	113	89	37	126	111		114	110		112											
"WY"	2010	"Goshen"	"Torrington Rendezvous Ctr. 10-2"	299	3	4	199	84	292	195	73	294	232	48	289	256	258	257	257	176	117	293	257		258	254		254											
"WY"	2010	"Goshen"	"Torrington Rendezvous Ctr. 10-3"	212	3	5	156	49	210	144	46	208	170	31	209	191	192	194	194	136	74	210	189		192	188		188											
"WY"	2010	"Goshen"	"Torrington Rendezvous Ctr. 10-4"	496	3	4	386	90	485	362	87	488	412	59	478	433	435	442	444	335	156	491	439		444	444		447											
"WY"	2010	"Goshen"	"Torrington Rendezvous Ctr. 10-5"	264	3	4	196	59	259	187	61	262	218	34	257	232	234	239	241	171	91	262	236		237	238		240											
"WY"	2010	"Goshen"	"Torrington Rendezvous Ctr. 10-6"	344	3	4	241	87	333	241	72	339	264	61	334	299	299	312	312	224	111	335	306		308	310		311											
"WY"	2010	"Goshen"	"Torrington Rendezvous Ctr. 10-7"	339	3	4	254	66	334	228	73	335	261	53	331	304	308	314	316	231	103	334	305		309	306		308											
"WY"	2010	"Goshen"	"Torrington Rendezvous Ctr. 10-8"	609	3	4	461	107	599	444	110	603	486	88	593	539	544	549	550	412	188	601	527		539	533		540											
"WY"	2010	"Goshen"	"Torrington Rendezvous Ctr. 10-9"	440	3	5	337	84	435	312	81	437	357	64	436	375	379	388	388	278	155	433	390		393	379		380											
"WY"	2010	"Goshen"	"Veteran Legion Post #56 13-1"	98	3	5	72	20	97	72	18	98	82	11	96	85	85	87	87	70	26	96	84		85	84		84											
"WY"	2010	"Goshen"	"Yoder Community Center 15-1"	175	3	5	133	29	171	124	33	172	137	24	170	148	148	152	152	112	55	167	146		146	149		149											
"WY"	2010	"Hot Springs"	"1 Hot Springs County Fair Building 1-1"	695	20	28	504	133	674	490	139	691	525	108	661	572	575	577	580	422	256	678				462		482											
"WY"	2010	"Hot Springs"	"2 Hot Springs County Fair Building 1-2"	628	20	28	460	109	610	433	122	619	466	92	609	544	550	550	553	396	212	609				476		492											
"WY"	2010	"Hot Springs"	"Hot Springs County Museum 2-4"	151	20	28	119	18	148	104	22	147	118	19	145	124	125	128	129	116	28	145				107		116											
"WY"	2010	"Hot Springs"	"National Guard Armory 3-3"	770	20	28	590	116	754	569	118	763	612	89	741	656	665	658	663	512	225	741				536		569											
"WY"	2010	"Johnson"	"Buffalo - Catholic Rec Hall 3-1"	374	22	40	291	68	369	266	81	370	309	41	363	328	329	332	334	237	127	364				245		367											
"WY"	2010	"Johnson"	"Buffalo - Catholic Rec Hall 3-2"	238	22	40	158	54	223	164	54	230	172	42	224	195	197	197	199	137	88	225				134		231											
"WY"	2010	"Johnson"	"Buffalo - Catholic Rec Hall 3-3"	215	22	40	164	32	207	152	35	211	167	22	202	190	190	192	192	148	55	203				132		209											
"WY"	2010	"Johnson"	"Buffalo - Catholic Rec Hall 3-8"	244	22	40	186	35	241	185	39	242	189	36	239	215	218	217	220	179	58	237				164		241											
"WY"	2010	"Johnson"	"Buffalo - Catholic Rec Hall 4-7"	619	22	40	506	74	604	464	77	608	517	55	591	548	548	551	552	459	139	599				368		601											
"WY"	2010	"Johnson"	"Johnson County Fairgrounds 10-15"	47	22	40	42	2	45	39	1	46	41	2	45	41	41	40	40	40	2	42				25		47											
"WY"	2010	"Johnson"	"Johnson County Fairgrounds 2-14"	117	22	40	100	11	115	83	11	114	104	7	114	105	105	106	106	92	18	110				77		111											
"WY"	2010	"Johnson"	"Johnson County Fairgrounds 3-4"	263	22	40	202	38	251	185	46	258	205	32	245	217	217	219	221	171	80	251				147		249											
"WY"	2010	"Johnson"	"Johnson County Fairgrounds 3-5"	156	22	40	122	25	153	109	24	154	128	16	151	136	137	134	134	106	48	154				86		148											
"WY"	2010	"Johnson"	"Johnson County Fairgrounds 3-6"	202	22	40	161	26	194	152	29	200	167	19	192	174	175	169	170	148	48	196				112		193											
"WY"	2010	"Johnson"	"Johnson County Fairgrounds 3-7"	240	22	40	196	29	231	189	26	235	203	17	225	210	211	211	211	149	83	232				150		232											
"WY"	2010	"Johnson"	"Johnson County Fairgrounds 4-8"	656	22	40	526	83	641	497	89	651	541	55	628	584	586	589	591	472	159	631				420		637											
"WY"	2010	"Johnson"	"Johnson County Fairgrounds 5-9"	85	22	40	78	5	83	62	9	83	77	4	82	81	81	80	80	69	14	83				48		84											
"WY"	2010	"Johnson"	"Kaycee - Harold Jarrard Park 6-10"	138	22	40	121	12	138	95	23	137	112	16	136	126	127	127	127	111	25	136				94		136											
"WY"	2010	"Johnson"	"Kaycee - Harold Jarrard Park 8-11"	186	22	40	166	14	181	106	26	184	165	7	180	168	169	170	170	155	23	178				137		180											
"WY"	2010	"Johnson"	"Kaycee - Harold Jarrard Park 9-12"	59	22	40	55	2	58	44	4	57	48	2	55	51	51	51	51	46	11	57				49		56											
"WY"	2010	"Johnson"	"Kaycee - Harold Jarrard Park 9-13"	17	22	40	14	3	17	12	4	17	16	1	17	14	15	15	16	15	2	17				10		16											
"WY"	2010	"Laramie"	"AMVETS Post #10 3-6"	575	4	41	347	190	570	340	163	567	379	161	568	475	481	484	490	296	269	568				249	320	569											
"WY"	2010	"Laramie"	"AMVETS Post #10 3-7"	308	4	41	184	108	304	184	96	304	206	85	302	254	255	268	269	152	149	301				148	149	297											
"WY"	2010	"Laramie"	"Albin Community Center 6-5"	157	6	10	135	17	156	114	24	156	133	16	152	139	141	142	143	119	32	151				136	20	156											
"WY"	2010	"Laramie"	"Alta Vista Elementary School 1-9"	385	7	11	217	137	377	198	126	384	248	112	377	299	305	312	316	176	201	377	169	200	370		277	285											
"WY"	2010	"Laramie"	"American Legion Post #6 3-2"	360	7	11	201	132	356	191	120	355	212	118	354	276	286	288	297	156	195	351	172	174	348		259	271											
"WY"	2010	"Laramie"	"Anderson Elementary School 2-14"	712	6	9	434	231	696	457	178	703	514	156	694	580	588	598	603	317	380	699				584		592											
"WY"	2010	"Laramie"	"Archer Research Station 5-5"	466	6	10	353	88	460	350	81	462	367	71	456	394	399	400	403	265	188	454				333	111	445											
"WY"	2010	"Laramie"	"Burns Community Center  6-2"	592	6	10	452	111	585	428	94	589	468	87	583	517	517	518	519	368	212	580				419	162	581											
"WY"	2010	"Laramie"	"Carpenter Fire Station 6-1"	603	6	10	471	86	595	439	78	596	481	71	590	522	526	530	536	409	181	592				434	149	584											
"WY"	2010	"Laramie"	"Cheyenne Berean Church 2-5"	861	5	8	556	263	843	569	217	858	647	168	836	698	704	731	735	414	427	841	431	414	845	489	351	840											
"WY"	2010	"Laramie"	"Cheyenne Berean Church 2-6"	1219	4	7	824	329	1189	850	270	1207	918	224	1175	992	1006	1034	1039	589	603	1195				1000		1014											
"WY"	2010	"Laramie"	"Cheyenne Berean Church 2-8"	715	4	7	464	197	691	481	173	709	525	143	687	562	565	583	587	362	335	697				571		577											
"WY"	2010	"Laramie"	"Cheyenne Hills Church 5-4"	933	6	10	652	218	912	663	164	923	719	156	904	786	796	809	814	474	434	910				628	248	879											
"WY"	2010	"Laramie"	"Cheyenne Housing Authority  2-11"	585	6	9	345	211	578	341	183	579	383	173	574	487	490	497	501	292	276	568				477		484											
"WY"	2010	"Laramie"	"City Fire Station #6 2-4"	556	5	8	377	143	545	401	110	549	436	94	538	446	451	462	468	272	275	547	287	251	541	329	208	539											
"WY"	2010	"Laramie"	"Commerce Building 6-3"	598	6	10	476	83	589	433	83	592	471	85	583	539	539	538	539	370	211	581				333	254	587											
"WY"	2010	"Laramie"	"Dildine Elementary School  3-8"	587	6	9	385	166	581	390	129	583	446	109	575	495	497	503	506	303	273	576				485		488											
"WY"	2010	"Laramie"	"First Baptist Church 3-1"	662	4	41	453	170	652	439	145	653	489	122	638	524	533	546	551	333	317	652				329	319	649											
"WY"	2010	"Laramie"	"First Congregational Church/Cheyenne 3-3"	339	4	41	188	129	334	196	113	336	224	98	333	281	285	287	290	157	174	333				125	206	331											
"WY"	2010	"Laramie"	"First Congregational Church/Cheyenne 3-4"	580	4	41	324	223	568	321	191	570	378	170	562	444	451	451	458	259	309	569				230	333	563											
"WY"	2010	"Laramie"	"Gilchrist Elementary School 4-2"	514	5	42	352	122	508	316	114	508	376	92	504	420	424	425	430	314	186	500	329	168	499	407		422											
"WY"	2010	"Laramie"	"Good Shepherd Lutheran Church 2-9"	480	6	9	294	151	469	313	126	476	339	109	463	384	393	398	406	214	258	472				395		406											
"WY"	2010	"Laramie"	"Holiday Inn/Cheyenne 1-1"	819	8	12	490	282	812	469	253	813	525	250	801	651	665	661	673	426	375	804				471	321	792											
"WY"	2010	"Laramie"	"Holiday Inn/Cheyenne 1-10"	442	8	44	240	168	436	232	163	441	250	154	431	345	350	348	350	204	229	434					335	353											
"WY"	2010	"Laramie"	"Holiday Inn/Cheyenne 1-2"	450	8	44	224	197	445	233	168	448	253	168	441	344	357	351	362	221	219	440					341	352											
"WY"	2010	"Laramie"	"IBEW #415 3-5"	770	7	11	465	255	757	465	230	758	530	198	755	609	618	628	633	377	372	750	404	340	744		537	550											
"WY"	2010	"Laramie"	"Iron Mountain Country Church 4-3"	222	4	7	158	49	220	142	43	220	169	39	218	179	183	178	182	143	71	214				184		186											
"WY"	2010	"Laramie"	"Kiwanis Community House/Cheyenne 1-5"	590	5	8	335	218	578	329	201	584	412	140	570	469	474	486	491	277	305	582	261	322	584	302	273	576											
"WY"	2010	"Laramie"	"Kiwanis Community House/Cheyenne 1-6"	691	5	8	360	299	677	373	263	685	435	216	667	505	515	522	534	240	443	683	246	431	677	286	382	669											
"WY"	2010	"Laramie"	"Kiwanis Community House/Cheyenne 2-2"	601	5	42	401	163	588	411	142	595	436	133	586	492	494	511	516	286	304	590	314	274	589	469		481											
"WY"	2010	"Laramie"	"Kiwanis Community House/Cheyenne 2-3"	577	5	42	392	159	568	423	114	573	455	97	562	483	486	494	497	245	323	568	284	275	560	467		474											
"WY"	2010	"Laramie"	"Kiwanis Community House/Cheyenne 2-7"	472	5	8	288	160	468	275	137	472	323	120	460	372	373	385	387	229	236	466	209	253	464	250	203	455											
"WY"	2010	"Laramie"	"Laramie County Community College 4-8"	626	8	12	385	199	615	368	185	619	428	154	610	509	513	519	524	338	268	607				378	230	609											
"WY"	2010	"Laramie"	"Laramie County Community College 4-9"	652	8	12	473	141	649	432	125	650	496	112	638	560	563	569	573	438	196	636				495	148	643											
"WY"	2010	"Laramie"	"Laramie County Community College 5-1"	641	7	43	441	160	635	393	160	636	445	148	625	538	543	544	550	377	244	625	374	244	619	522		529											
"WY"	2010	"Laramie"	"Laramie County Community College 7-1"	41	8	44	24	15	41	27	12	41	25	15	41	31	31	33	33	21	19	40					26	28											
"WY"	2010	"Laramie"	"Laramie County Fire Dist. #2 5-3"	661	6	10	447	186	659	427	155	653	465	148	645	547	555	566	573	388	259	648				435	203	639											
"WY"	2010	"Laramie"	"Laramie County Library 1-3"	551	8	44	270	230	539	256	211	549	320	190	536	400	413	418	429	233	303	536					389	410											
"WY"	2010	"Laramie"	"Laramie County Library 2-13"	164	6	10	118	39	162	121	32	164	129	30	162	141	141	140	141	85	79	164				108	49	157											
"WY"	2010	"Laramie"	"Laramie County Library 7-5"	89	7	11	47	34	88	45	29	88	47	32	85	69	69	71	71	48	39	87	45	42	87		61	62											
"WY"	2010	"Laramie"	"Mary Godfrey Playhouse 7-3"	9	6	9	9	0	9	9	0	9	9	0	9	9	9	9	9	5	4	9				9		9											
"WY"	2010	"Laramie"	"Mary Godfrey Playhouse 7-4"	75	4	41	47	24	75	40	25	74	53	17	74	58	58	62	62	45	29	74				37	38	75											
"WY"	2010	"Laramie"	"North Christian Church 2-10"	174	4	7	121	43	168	131	30	172	133	31	167	132	134	143	144	75	91	166				139		142											
"WY"	2010	"Laramie"	"Northwoods Presbyterian Church 2-12"	444	6	9	303	120	438	301	110	441	325	96	432	368	371	378	381	227	208	435				371		376											
"WY"	2010	"Laramie"	"Petsch Feedlot Office 6-4"	71	6	10	60	6	68	46	11	70	58	5	69	62	64	64	64	42	26	68				53	17	71											
"WY"	2010	"Laramie"	"Qwest Building 5-2"	1079	4	7	752	278	1065	711	236	1070	823	197	1053	886	891	909	914	579	475	1055				853		871											
"WY"	2010	"Laramie"	"Qwest Building 7-2"	16	5	8	15	1	16	11	3	16	14	2	16	15	16	13	14	9	7	16	11	5	16	12	4	16											
"WY"	2010	"Laramie"	"Shrine Club 4-4"	441	4	7	338	85	436	321	77	439	339	70	424	377	380	377	382	253	174	428				365		370											
"WY"	2010	"Laramie"	"Shrine Club 4-5"	57	4	7	50	7	57	39	6	57	47	5	55	52	53	54	55	42	9	51				55		55											
"WY"	2010	"Laramie"	"Shrine Club 4-6"	1301	4	7	978	255	1283	954	211	1291	1046	181	1267	1115	1120	1141	1145	715	543	1259				1100		1115											
"WY"	2010	"Laramie"	"Storey Gym 1-4"	368	8	44	209	134	360	213	127	363	246	92	353	276	278	287	290	162	195	359					246	258											
"WY"	2010	"Laramie"	"Storey Gym 1-7"	255	4	41	136	100	250	141	87	255	174	64	250	208	209	212	213	124	127	251				95	157	252											
"WY"	2010	"Laramie"	"Storey Gym 1-8"	609	7	11	327	235	598	319	219	603	390	165	587	452	461	461	469	254	334	589	269	304	576		425	444											
"WY"	2010	"Laramie"	"Taco Johns Ice and Event Center 4-7"	652	5	42	476	138	642	450	118	646	496	101	631	552	557	549	557	412	224	637	383	248	632	519		549											
"WY"	2010	"Laramie"	"VFW Post #1881 3-10"	501	7	43	328	142	490	324	123	497	353	112	488	404	409	423	427	279	206	488	271	206	477	403		411											
"WY"	2010	"Laramie"	"VFW Post #1881 3-11"	363	6	10	238	104	356	259	77	361	280	66	353	306	309	314	316	196	154	351				240	100	340											
"WY"	2010	"Laramie"	"VFW Post #1881 3-12"	491	7	43	320	132	487	309	109	488	360	101	483	411	414	422	425	250	233	483	274	205	479	396		402											
"WY"	2010	"Laramie"	"VFW Post #1881 3-9"	794	7	43	508	225	785	504	181	789	566	177	776	663	670	673	680	434	341	776	443	314	758	651		661											
"WY"	2010	"Laramie"	"Westgate Club House/Cheyenne 2-1"	519	5	8	329	158	506	346	141	512	389	99	502	417	422	435	439	237	269	507	247	255	502	282	214	496											
"WY"	2010	"Laramie"	"Willadsen Elementary School 4-1"	83	8	12	63	16	82	60	15	83	70	10	81	73	73	74	74	58	25	83				60	22	82											
"WY"	2010	"Lincoln"	"Afton Civic Center  2-2"	207	16	21	174	18	201	144	15	203	174	17	202	176	180	178	183	159	39	198				183		190											
"WY"	2010	"Lincoln"	"Afton Civic Center 2-1"	707	16	21	610	55	697	507	55	700	602	56	681	628	630	619	620	570	109	680				622		632											
"WY"	2010	"Lincoln"	"Afton Civic Center 2-6"	394	16	21	351	24	390	284	30	389	342	26	388	370	374	369	372	330	54	384				364		368											
"WY"	2010	"Lincoln"	"Afton Civic Center 2-7"	782	16	21	682	51	768	589	59	772	678	52	763	714	714	705	705	642	109	752				700		707											
"WY"	2010	"Lincoln"	"Alpine Civic Center 2-3"	585	16	22	387	147	569	384	145	573	390	119	551	476	479	471	475	363	174	538				287	280	567											
"WY"	2010	"Lincoln"	"Bedford Water & Sewer Building 2-4"	336	16	21	289	21	325	223	26	328	287	22	320	299	301	300	302	275	40	315				303		306											
"WY"	2010	"Lincoln"	"Cokeville Town Hall 2-9"	286	14	20	246	27	279	247	28	283	242	27	279	257	257	258	259	217	60	277				263		263											
"WY"	2010	"Lincoln"	"Diamondville School Admin Bldg 1-4"	210	14	20	139	54	199	123	68	206	132	59	198	173	173	171	171	123	70	193				166		170											
"WY"	2010	"Lincoln"	"Diamondville Search & Rescue Bldg 1-5"	125	14	20	68	39	118	60	50	123	66	43	118	92	94	94	95	63	54	117				99		102											
"WY"	2010	"Lincoln"	"Etna Elementary School 2-5"	497	16	21	409	53	489	345	57	490	400	45	476	439	442	433	437	384	94	478				428		434											
"WY"	2010	"Lincoln"	"LaBarge Town Hall 1-8"	300	14	20	252	25	291	231	25	297	248	26	290	267	269	273	273	235	57	292				267		270											
"WY"	2010	"Lincoln"	"Opal Town Hall 1-7"	66	14	20	52	9	63	45	11	63	52	9	64	57	58	58	58	46	18	64				52		57											
"WY"	2010	"Lincoln"	"South Lincoln Training & Events Ctr. 1-1"	260	14	20	165	78	254	157	87	257	173	71	252	209	213	205	209	147	103	251				202		206											
"WY"	2010	"Lincoln"	"South Lincoln Training & Events Ctr. 1-2"	344	14	20	225	85	329	232	86	336	241	70	329	271	273	272	275	205	129	335				265		271											
"WY"	2010	"Lincoln"	"South Lincoln Training & Events Ctr. 1-3"	435	14	20	322	90	426	323	94	433	339	73	423	363	366	371	372	277	148	425				351		358											
"WY"	2010	"Lincoln"	"South Lincoln Training & Events Ctr. 1-6"	115	14	20	87	20	111	85	23	112	85	20	111	95	99	95	99	85	27	112				91		94											
"WY"	2010	"Lincoln"	"Star Valley Ranch 2-10"	656	16	21	480	139	647	464	135	650	484	129	638	545	551	546	550	465	167	633				547		554											
"WY"	2010	"Lincoln"	"Thayne Town Hall 2-8"	370	16	21	318	31	363	267	29	367	315	29	360	332	335	334	338	310	47	359				326		330											
"WY"	2010	"Natrona"	"7th Day Adventist School 1-9"	752	27	56	563	156	741	541	161	746	603	106	724	629	632	635	637	432	303	736	65		65	545	102	647	29	35	2	2	60	10	72	29	37	2	2
"WY"	2010	"Natrona"	"Alcova School 11-2"	118	30	38	87	20	116	84	17	116	94	10	113	107	108	109	109	81	34	115				93	22	115											
"WY"	2010	"Natrona"	"Bar Nunn School 8-5"	609	30	58	464	108	603	449	91	607	483	69	590	524	531	521	524	380	217	597				518		523											
"WY"	2010	"Natrona"	"Bethel Baptist Church 2-10"	863	29	37	604	209	848	578	201	859	660	132	827	698	702	698	705	472	372	846	685		690	668		677											
"WY"	2010	"Natrona"	"Bressler Ranch 13-1"	63	30	38	51	8	63	46	6	63	55	6	63	58	58	60	60	46	17	63				54	7	63											
"WY"	2010	"Natrona"	"Casper College 1-4"	592	28	56	357	197	580	371	166	584	407	130	565	449	458	452	460	285	294	579				420	147	569											
"WY"	2010	"Natrona"	"Casper Shrine Club 2-6"	920	29	37	662	207	901	653	192	913	723	138	889	745	750	752	755	512	386	899	745		751	711		725											
"WY"	2010	"Natrona"	"Centennial Junior High School 3-10"	1394	27	35	1036	284	1363	1061	243	1383	1151	168	1355	1189	1199	1191	1199	800	565	1366	1188		1197	1007	278	1289											
"WY"	2010	"Natrona"	"Christian Church of Casper 8-4"	741	30	58	552	138	731	505	131	737	588	101	730	636	642	647	650	475	249	725				635		649											
"WY"	2010	"Natrona"	"Crest Hill School 1-11"	540	29	37	371	141	528	354	138	534	413	87	516	429	431	428	431	275	249	525	434		440	396		406											
"WY"	2010	"Natrona"	"Dean Morgan Junior High School 1-3"	651	28	56	369	245	637	341	234	646	418	170	621	486	494	487	493	283	351	636				419	202	622											
"WY"	2010	"Natrona"	"Edgerton Town Hall 7-2"	89	30	58	71	15	89	71	11	88	73	9	87	82	83	81	82	56	33	89				84		84											
"WY"	2010	"Natrona"	"Evansville School - Out 4-2"	665	27	35	498	114	657	470	115	661	530	80	646	563	566	563	565	447	193	642	542		549	493	134	627											
"WY"	2010	"Natrona"	"Evansville School 4-1"	485	27	36	313	135	477	306	117	479	350	98	472	404	406	406	408	281	193	474	388		389	287	168	455	27	35			9	6	15				
"WY"	2010	"Natrona"	"Fish Hatchery 11-3"	197	30	38	142	38	193	122	39	195	158	25	191	169	170	172	173	130	64	194				146	47	193											
"WY"	2010	"Natrona"	"Grant School 1-6"	844	27	35	535	252	825	509	232	837	596	185	822	679	687	685	691	442	383	827	670		679	530	269	803											
"WY"	2010	"Natrona"	"Hat Six Ranch 5-1"	68	30	38	49	17	68	52	12	68	53	10	65	57	57	59	59	41	26	67				51	13	65											
"WY"	2010	"Natrona"	"Jefferson School 1-5"	420	28	57	226	170	411	217	148	416	260	119	399	316	322	320	325	184	227	411				327		337											
"WY"	2010	"Natrona"	"Kelly Walsh High School 3-5"	618	27		421	167	605	425	149	610	473	111	595	504	509	504	507	340	264	604	502		508	362	218	580											
"WY"	2010	"Natrona"	"Manor Heights School 3-6"	904	27	35	672	192	885	661	184	899	728	120	868	751	751	770	770	509	372	883	747		748	626	229	856											
"WY"	2010	"Natrona"	"McKinley School 2-2"	491	29	59	266	182	477	260	164	488	295	143	476	390	396	389	395	249	234	484	366		380	251	216	469											
"WY"	2010	"Natrona"	"Midwest Town Hall 7-1"	126	30	38	98	22	124	91	18	126	101	16	123	113	113	112	112	77	47	124				86	35	122											
"WY"	2010	"Natrona"	"Mills Community Center 8-1"	723	29	59	436	220	712	409	216	715	469	179	709	581	589	587	595	412	292	707	343		351	230	185	417	29	58			230		234				
"WY"	2010	"Natrona"	"Mountain View School 8-2"	240	29	59	155	68	237	137	62	238	161	49	231	190	194	194	197	123	108	234	157		160	104	101	207	29	58			20		23				
"WY"	2010	"Natrona"	"Natrona County Library 1-2"	343	28	56	178	134	339	166	131	341	203	102	333	264	275	261	270	165	171	336				195	130	326											
"WY"	2010	"Natrona"	"Old CY Junior High School 2-3"	454	29	59	290	129	443	283	123	453	352	76	442	380	383	379	381	259	191	450	377		380	281	164	445											
"WY"	2010	"Natrona"	"Oregon Trail School 2-8"	815	30	38	590	189	806	547	173	809	627	139	796	697	703	704	707	507	297	805				581	212	796											
"WY"	2010	"Natrona"	"Paradise Valley School 2-7"	993	29	38	736	201	983	705	177	988	779	148	969	839	843	847	850	611	368	980	0		0	694	279	975											
"WY"	2010	"Natrona"	"Pineview School 3-3"	691	27	36	417	224	671	401	209	686	480	151	664	553	559	566	572	384	291	675	546		552	366	306	675											
"WY"	2010	"Natrona"	"Poison Spider School 11-4"	59	30	58	47	8	58	44	8	58	48	7	58	51	51	53	53	43	14	57				44		44	30	38			10	0	10				
"WY"	2010	"Natrona"	"Powder River School 13-2"	58	30	38	48	4	58	46	8	58	46	6	56	50	50	51	51	45	10	55				46	8	54											
"WY"	2010	"Natrona"	"Prince of Peace Lutheran Church 3-8"	759	28	57	490	231	747	467	224	756	532	169	731	616	625	622	630	409	339	750				622		630											
"WY"	2010	"Natrona"	"Red Creek School 11-1"	88	30	38	74	5	83	74	3	87	72	6	84	74	74	75	75	57	28	85				67	16	83											
"WY"	2010	"Natrona"	"Roosevelt School 1-1"	392	30	58	197	164	388	180	162	390	217	140	390	300	309	301	311	184	205	389				278		287	30	56			12	15	27				
"WY"	2010	"Natrona"	"Sagewood School 3-4"	811	28	57	546	213	799	528	205	805	584	162	783	674	682	672	679	466	327	797				670		682											
"WY"	2010	"Natrona"	"Senior Citizens' Center 1-7"	357	28	57	200	128	350	196	123	356	227	107	353	265	275	267	276	189	160	351				272		277											
"WY"	2010	"Natrona"	"Shepherd of the Valley Care Ctr. 2-9"	423	29	38	298	97	417	286	89	416	323	71	414	358	363	365	369	261	158	419	0		0	288	125	413											
"WY"	2010	"Natrona"	"Southridge School 2-4"	484	39	37	296	157	473	274	158	483	327	121	462	375	384	376	383	255	222	479	367		377	366		378											
"WY"	2010	"Natrona"	"St. Stephen's Church 12-2"	295	27	35	199	75	291	195	67	295	221	51	286	236	238	233	235	172	119	291	236		239	186	79	265											
"WY"	2010	"Natrona"	"University Park School 3-2"	562	27	36	338	193	557	327	189	555	376	141	545	456	461	464	469	308	238	546	315		321	210	173	383	27	56			110	47	157				
"WY"	2010	"Natrona"	"Upper Willow Creek 14-1"	17	30	38	17	0	17	14	0	17	17	0	17	17	17	14	14	16	1	17				16	1	17											
"WY"	2010	"Natrona"	"Verda James School 3-9"	461	27	36	293	144	455	299	126	460	330	96	446	375	381	378	383	235	217	453	370		373	275	168	445											
"WY"	2010	"Natrona"	"WY Game and Fish 9-1"	875	29	37	663	166	858	619	152	863	705	115	848	730	733	735	737	561	292	853	716		719	684		692	29	59			7	3	10				
"WY"	2010	"Natrona"	"Wardwell Water & Sewer 8-3"	380	30	58	272	75	375	237	88	380	288	53	369	315	319	319	322	244	125	371				319		326											
"WY"	2010	"Natrona"	"Westwood School 2-1"	662	29	59	374	243	654	353	235	654	430	184	642	518	529	530	539	304	347	653	493		505	345	283	631											
"WY"	2010	"Natrona"	"Willard School 1-12"	225	28	56	139	65	216	123	64	219	145	54	212	173	179	173	180	121	91	213				142	69	212											
"WY"	2010	"Niobrara"	"Congregational Church of Lusk - S. Lusk 6-2"	499	1	2	376	87	479	328	75	493	405	60	481	442	444	454	455	301	187	490	418		423	442		445											
"WY"	2010	"Niobrara"	"First Baptist Church - N. Lusk 6-1"	338	1	2	276	37	327	211	37	329	285	33	327	297	297	311	311	262	65	327	283		285	294		300											
"WY"	2010	"Niobrara"	"Lance Creek Elementary School 4-1"	82	1	2	76	1	81	51	2	80	73	2	80	75	77	75	77	71	10	82	76		77	74		76											
"WY"	2010	"Niobrara"	"Manville Town Hall 7-1"	138	1	2	127	7	136	93	7	132	128	5	136	127	127	128	128	113	21	134	121		122	124		124											
"WY"	2010	"Niobrara"	"Rennard's Garage - Warren 1-2"	52	1	2	50	0	51	29	2	52	47	0	49	47	47	48	48	40	8	48	47		48	44		44											
"WY"	2010	"Niobrara"	"Stage Station - Hat Creek 3-2"	67	1	2	66	0	66	41	1	66	62	0	65	62	63	64	64	56	11	67	62		63	63		64											
"WY"	2010	"Park"	"Clark/Pioneer Rec. Center 1-1"	247	18	50	195	34	244	159	35	243	193	31	241	216	219	210	213	193	45	239				191		202											
"WY"	2010	"Park"	"Cody Auditorium 2-1"	681	18	50	559	88	672	538	75	675	572	68	666	602	607	613	617	485	180	666				564		583											
"WY"	2010	"Park"	"Cody Auditorium 2-2"	641	18	50	506	103	633	450	111	633	528	78	624	542	546	547	551	430	190	621				499		512											
"WY"	2010	"Park"	"Cody Auditorium 24-1"	564	18	24	393	146	559	359	130	559	425	98	552	460	470	467	473	356	192	549				305		367	18	50			146		150				
"WY"	2010	"Park"	"Cody Auditorium 24-2"	425	18	24	326	76	419	312	64	419	343	48	407	363	367	356	361	265	149	415				223		246	18	50			127		130				
"WY"	2010	"Park"	"Cody Auditorium 24-3"	156	18	24	118	30	154	105	31	156	121	23	150	126	128	124	124	87	65	152				48		56	18	50			72		74				
"WY"	2010	"Park"	"Cody Auditorium 25-1"	555	18	24	408	109	545	391	98	550	431	80	537	464	472	466	468	348	189	537				438		522											
"WY"	2010	"Park"	"Cody Auditorium 25-2"	423	18	24	343	58	416	321	52	418	359	39	414	365	367	368	368	261	144	406				356		398											
"WY"	2010	"Park"	"Cody Auditorium 25-3"	453	18	24	355	65	444	323	64	448	372	55	442	386	387	387	388	321	119	440				366		428											
"WY"	2010	"Park"	"Fairgrounds Lg. Ex. Hall 9-1"	289	19	25	193	71	279	200	62	287	211	59	282	235	238	238	239	161	121	282	231		233	194		219											
"WY"	2010	"Park"	"Fairgrounds Lg. Ex. Hall 9-2"	259	19	25	197	55	258	184	55	257	209	42	258	228	228	228	228	169	87	256	218		220	193		213											
"WY"	2010	"Park"	"Fairgrounds Lg. Ex. Hall 9-4"	410	19	25	291	105	402	285	102	409	319	72	402	335	337	340	341	237	162	399	325		328	312		336											
"WY"	2010	"Park"	"Fairgrounds Lg. Ex. Hall 9-5"	343	19	25	249	79	339	236	77	339	263	60	332	281	283	284	285	205	131	336	275		278	252		260											
"WY"	2010	"Park"	"Fairgrounds Lg. Ex. Hall 9-7"	578	19	25	423	113	570	397	118	574	440	98	568	498	511	502	510	389	174	565	489		498	444		484											
"WY"	2010	"Park"	"Fairgrounds Multi-Purp. Bldg. 10-1"	374	19	25	313	41	366	302	38	371	327	30	365	331	331	333	333	272	85	357	307		309	272		298	19	50			9		10				
"WY"	2010	"Park"	"Fairgrounds Multi-Purp. Bldg. 10-2"	633	19	25	528	81	624	471	81	629	541	66	621	548	549	549	549	430	186	616	533		533	455		503											
"WY"	2010	"Park"	"Fairgrounds Multi-Purp. Bldg. 23-1"	196	19	26	159	22	195	139	28	196	165	17	191	180	181	176	178	143	49	193	88		92	89		94	19	50			74		77				
"WY"	2010	"Park"	"Garland Community Church 6-1"	412	19	25	339	46	403	315	53	410	338	36	396	360	362	360	361	299	103	402	356		357	282		311											
"WY"	2010	"Park"	"Grace Baptist Church 4-1"	920	18	24	743	136	912	644	123	907	755	109	896	755	768	745	753	684	202	889				739		868											
"WY"	2010	"Park"	"LDS Church Gym 3-1"	606	18	50	500	76	598	453	76	602	505	59	583	528	533	535	539	430	152	585				492		505											
"WY"	2010	"Park"	"LDS Church Gym 3-2"	791	18	50	665	97	783	591	99	784	674	76	777	693	699	690	692	584	183	767				636		653											
"WY"	2010	"Park"	"LDS Church Gym 4-2"	161	18	50	137	13	161	126	10	161	132	12	157	145	146	143	143	132	28	160				127		130	18	24			8		8				
"WY"	2010	"Park"	"Meeteetse Episcopal Church 8-1"	114	18	24	97	14	114	81	15	112	101	10	112	97	103	103	103	86	26	112				100		109											
"WY"	2010	"Park"	"Meeteetse Episcopal Church 8-3"	131	18	24	105	17	127	85	19	129	107	16	128	111	111	107	107	102	25	127				104		125											
"WY"	2010	"Park"	"Meeteetse Town Hall 8-2"	174	18	24	144	23	173	104	29	168	135	27	171	151	151	147	147	122	46	168				140		167											
"WY"	2010	"Park"	"Mountain View Club 21-1"	482	18	50	393	61	475	330	65	479	405	45	470	404	406	405	406	351	108	460				372		383											
"WY"	2010	"Park"	"Park County Courthouse 11-2"	67	18	50	50	15	65	47	16	66	46	15	64	58	59	58	59	50	16	66				50		53											
"WY"	2010	"Park"	"Park County Courthouse 7-2"	57	18	24	50	2	57	50	3	57	50	3	56	48	48	46	46	50	3	53				49		52											
"WY"	2010	"Park"	"Wapiti School House 16-1"	443	18	24	329	95	438	314	84	440	342	76	435	364	365	361	361	319	115	434				351		400											
"WY"	2010	"Platte"	"4-H Bldg./Wheatland 1-6"	667	3	5	495	135	658	408	125	660	527	93	654	595	603	594	601	443	208	655	588		594	585		592											
"WY"	2010	"Platte"	"4-H Building 12-1"	201	2	3	163	21	197	133	29	197	165	20	193	178	181	179	182	148	46	194				182		187											
"WY"	2010	"Platte"	"4-H Building 20-1"	360	2	3	280	59	357	220	69	358	289	52	353	318	320	320	320	248	105	353				308		309											
"WY"	2010	"Platte"	"Chugwater Community Center 10-1"	150	2	3	112	25	143	110	23	146	114	26	143	129	131	132	134	109	36	145				128		130											
"WY"	2010	"Platte"	"Chugwater Community Center 9-1"	72	3	5	54	16	71	40	13	72	58	11	71	57	60	60	61	52	19	71	60		62	60		63											
"WY"	2010	"Platte"	"FSB Conference Center 1-1"	314	2	3	213	81	310	174	79	309	227	67	307	273	275	273	273	170	135	305				265		267											
"WY"	2010	"Platte"	"FSB Conference Center 1-2"	320	2	3	228	75	308	210	73	316	233	66	308	275	277	280	283	191	122	313				270		272											
"WY"	2010	"Platte"	"FSB Conference Center 1-3"	491	2	3	354	99	481	287	116	485	371	83	473	421	422	426	428	285	191	477				427		430											
"WY"	2010	"Platte"	"FSB Conference Center 1-4"	345	2	3	222	92	335	197	91	335	248	73	336	292	294	297	297	215	123	338				291		291											
"WY"	2010	"Platte"	"FSB Conference Center Guernsey 2-1"	617	3	5	360	202	605	311	208	600	377	182	597	498	501	504	505	338	259	598	492		494	494		501											
"WY"	2010	"Platte"	"FSB Conference Center Guernsey 3-1"	60	3	5	39	19	60	26	14	60	40	18	58	43	43	46	46	38	22	60	44		45	43		43											
"WY"	2010	"Platte"	"Glendo Fire Hall 6-1"	187	2	3	128	54	186	114	49	185	139	40	184	156	159	165	166	119	64	183				160		162											
"WY"	2010	"Platte"	"Glendo Fire Hall 6-2"	109	3	5	87	13	105	73	16	104	88	12	102	91	91	93	93	84	21	105	91		92	89		89											
"WY"	2010	"Sheridan"	"Arvada School 9-1"	45	22	40	34	6	43	28	7	43	30	10	43	39	39	38	38	30	13	43				19		41											
"WY"	2010	"Sheridan"	"Beckton School 7-1"	261	21	51	199	52	257	198	44	260	214	32	257	217	217	220	220	168	89	257	212		216	219		224											
"WY"	2010	"Sheridan"	"Bethesda Worship/Sheridan 3-4"	561	21	29	380	151	552	394	136	557	403	118	541	459	463	468	470	336	217	553	443		452	437		443	21	30			28		28				
"WY"	2010	"Sheridan"	"Big Horn Women's Club 12-1"	1085	21	51	813	226	1072	803	216	1077	865	153	1053	895	900	908	911	689	363	1053	888		898	856		869	21	30			32		32				
"WY"	2010	"Sheridan"	"Calvary Baptist Church 3-5"	646	22	30	449	165	635	476	141	644	505	110	629	532	535	547	551	378	249	629				526		530											
"WY"	2010	"Sheridan"	"Clearmont Town Hall 10-1"	141	22	40	120	16	141	107	13	141	126	12	140	129	129	133	133	92	49	141				99		134											
"WY"	2010	"Sheridan"	"Coffeen School 4-2"	515	22	30	352	136	512	350	129	513	373	121	511	433	439	443	449	300	208	508				422		433											
"WY"	2010	"Sheridan"	"Dayton Town Hall 20-1"	337	21	51	253	67	334	243	64	333	267	56	333	291	291	292	293	214	114	329	295		297	287		291											
"WY"	2010	"Sheridan"	"Dayton Town Hall 20-2"	107	21	51	76	27	105	81	20	105	82	16	102	86	86	87	87	67	38	105	85		87	80		83											
"WY"	2010	"Sheridan"	"Ed Hammer Inc. 1-1"	301	21	29	200	81	298	188	78	297	216	64	296	249	255	255	259	179	111	290	235		239	228		232	21	30			18		21				
"WY"	2010	"Sheridan"	"Fairgrounds Exhibit Hall 13-1"	335	21	51	240	82	330	242	64	328	253	67	330	279	284	293	296	203	129	332	287		290	282		285											
"WY"	2010	"Sheridan"	"Fairgrounds Exhibit Hall 2-1"	364	21	29	250	94	362	257	81	358	275	72	353	299	302	307	310	215	145	360	300		304	294		297											
"WY"	2010	"Sheridan"	"Fairgrounds Exhibit Hall 2-3"	671	21	29	485	164	667	488	145	666	521	119	656	562	569	579	584	390	266	658	560		570	554		564											
"WY"	2010	"Sheridan"	"Fairgrounds Exhibit Hall 2-5"	833	21	51	629	168	820	638	158	828	694	106	816	701	704	725	728	489	323	813	713		718	693		703											
"WY"	2010	"Sheridan"	"Holy Name Church 3-3"	214	21	51	157	46	208	157	44	211	161	37	206	182	186	183	187	138	69	207	176		180	105		107	21	29			64		67				
"WY"	2010	"Sheridan"	"Holy Name Church 4-3"	442	22	30	294	111	432	291	101	437	315	96	427	369	374	370	376	273	158	433				365		374											
"WY"	2010	"Sheridan"	"Holy Name Church 4-4"	135	21	29	94	35	134	85	37	134	95	28	131	111	111	112	113	83	44	128	109		111	105		105											
"WY"	2010	"Sheridan"	"National Guard Armory 6-1"	573	22	30	416	140	569	432	100	571	469	86	569	482	482	496	496	347	215	562				486		488											
"WY"	2010	"Sheridan"	"Old Woodland Park School 11-1"	541	21	30	372	134	527	378	116	534	406	102	528	447	457	456	461	325	199	526	110		112	332		339	21	51			109		113				
"WY"	2010	"Sheridan"	"Prairie Dog Women's Club 19-1"	210	22	30	162	34	204	159	31	207	170	29	205	171	172	178	179	136	67	203				178		178											
"WY"	2010	"Sheridan"	"Ranchester Town Hall 17-1"	310	21	51	212	73	301	213	58	302	219	61	299	260	263	266	268	194	103	297	268		273	262		264											
"WY"	2010	"Sheridan"	"Ranchester Town Hall 17-2"	258	21	51	179	68	257	171	62	256	193	55	254	210	211	213	214	149	101	250	212		215	201		208											
"WY"	2010	"Sheridan"	"Ranchester Town Hall 18-1"	40	21	51	34	5	40	27	5	40	32	4	40	37	37	38	38	29	11	40	34		35	30		32											
"WY"	2010	"Sheridan"	"Sheridan County Courthouse 3-2"	288	21	29	154	113	280	174	103	286	188	82	280	207	209	217	219	130	150	280	221		226	208		211											
"WY"	2010	"Sheridan"	"Sheridan Senior Citizens Center 2-2"	337	21	51	200	114	332	217	94	333	231	84	331	265	269	281	283	181	146	327	262		272	256		263											
"WY"	2010	"Sheridan"	"Sheridan Senior Citizens Center 2-4"	487	21	29	316	140	478	319	139	485	354	112	476	394	398	410	414	265	215	480	415		424	338		343	21	51			57		57				
"WY"	2010	"Sheridan"	"Story Women's Club 8-1"	460	22	40	303	127	456	291	118	458	321	106	452	351	358	357	361	294	153	448				295		422											
"WY"	2010	"Sheridan"	"Tourist Information Center 5-1"	120	22	30	94	15	117	96	14	119	100	10	117	106	106	105	105	86	32	118				109		109											
"WY"	2010	"Sheridan"	"WY Agriculture Sub Station 16-1"	161	22	30	130	19	156	129	18	161	140	16	160	146	148	151	152	117	40	157				140		143											
"WY"	2010	"Sublette"	"Big Piney Annex 2-1"	472	14	20	409	34	464	343	39	460	410	32	458	434	435	441	443	371	85	456				428		434											
"WY"	2010	"Sublette"	"Big Piney Annex 2-2"	300	14	20	258	26	293	206	17	297	262	20	291	268	272	274	276	227	55	283				275		278											
"WY"	2010	"Sublette"	"Big Piney Annex 2-4"	108	16	22	98	5	107	80	3	107	96	4	102	100	100	99	100	86	18	105				73	33	106											
"WY"	2010	"Sublette"	"Bondurant Elementary School 5-1"	161	16	22	106	52	159	111	42	160	111	38	154	118	118	121	122	106	44	151				72	86	158											
"WY"	2010	"Sublette"	"Boulder Community Center 1-4"	452	16	22	351	61	431	318	59	440	357	50	421	395	397	391	393	314	105	420				241	197	439											
"WY"	2010	"Sublette"	"Cora 4-1"	298	16	22	217	60	296	201	60	296	229	47	288	252	253	258	259	203	86	289				156	140	296											
"WY"	2010	"Sublette"	"Daniel School 4-2"	219	16	22	171	30	213	149	36	210	178	20	208	179	179	180	181	149	57	206				111	101	212											
"WY"	2010	"Sublette"	"Pinedale Elementary School 1-1"	789	16	22	533	188	761	540	175	776	596	121	749	638	642	659	662	454	293	747				330	430	760											
"WY"	2010	"Sublette"	"Pinedale Elementary School 1-3"	715	16	22	556	106	693	517	123	705	557	86	674	593	596	601	607	477	198	676				333	345	678											
"WY"	2010	"Sweetwater"	"Bairoil Town Hall 25-1"	57	12	17	49	6	57	40	2	57	43	3	56	51	51	52	52	51	6	57				49	6	55											
"WY"	2010	"Sweetwater"	"Eden Farson Fire Station 20-1"	288	14	20	250	21	285	233	15	282	258	11	278	263	263	264	264	227	52	281				260		261											
"WY"	2010	"Sweetwater"	"Fon Slagowski's Residence/Washam 13-1"	19	14	18	16	1	19	16	1	19	15	0	19	19	19	19	19	16	3	19				17		17											
"WY"	2010	"Sweetwater"	"GR Lincoln Middle School 10-2"	232	13	60	105	80	222	115	100	226	119	84	215	172	174	174	176	95	123	218	177		182	66	155	221											
"WY"	2010	"Sweetwater"	"GR Lincoln Middle School 10-3"	543	13	60	307	134	529	366	138	531	352	126	516	445	447	438	440	284	241	525	421		430	181	348	529											
"WY"	2010	"Sweetwater"	"GR Mansface Church 10-5"	906	13	39	469	222	887	603	253	893	591	221	864	691	697	699	704	463	402	865	590		611		576	598											
"WY"	2010	"Sweetwater"	"GR Recreation Center 10-4"	1487	13	60	827	321	1455	1007	380	1461	998	344	1403	1179	1196	1180	1189	797	619	1419	1002		1050	618	822	1441											
"WY"	2010	"Sweetwater"	"GR Sweetwater County Library 10-1"	542	13	39	208	215	533	252	246	534	269	219	525	399	406	398	403	204	309	514	417		429		404	415											
"WY"	2010	"Sweetwater"	"GR Truman School 10-6"	538	13	60	256	154	520	314	175	526	313	169	507	426	435	414	419	249	257	507	381		392	205	311	518											
"WY"	2010	"Sweetwater"	"Granger Town Hall 1-1"	65	14	18	47	7	65	42	6	63	49	7	64	58	58	57	57	47	17	64				57		57											
"WY"	2010	"Sweetwater"	"K-Motive Bldg./Jamestown 9-1"	146	13	39	81	43	145	97	39	144	97	36	143	125	125	126	126	79	63	142	112		113		108	109											
"WY"	2010	"Sweetwater"	"K-Motive Bldg./Jamestown 9-2"	72	14	18	43	17	71	54	13	72	57	12	71	59	59	58	58	50	22	72				60		60											
"WY"	2010	"Sweetwater"	"McKinnon School 24-1"	61	14	18	45	7	61	54	5	61	55	3	61	51	51	54	54	46	12	58				56		57											
"WY"	2010	"Sweetwater"	"Point of Rocks Roger Varley Res 21-1"	32	12	48	19	9	30	21	9	31	22	5	29	23	23	23	23	17	10	27					22	23											
"WY"	2010	"Sweetwater"	"RS 1st Congregational Church 4-4"	704	12	17	392	232	678	442	210	688	469	186	680	577	579	576	577	360	316	677				286	394	681											
"WY"	2010	"Sweetwater"	"RS 1st United Methodist Church 3-2"	695	12	48	408	223	676	442	209	680	450	187	664	549	551	560	562	328	337	666					511	527											
"WY"	2010	"Sweetwater"	"RS 1st United Methodist Church 3-3"	309	12	17	168	102	292	191	95	300	198	80	288	225	228	227	230	128	161	289				106	192	299											
"WY"	2010	"Sweetwater"	"RS Civic Center 6-1"	414	12	48	220	142	403	235	137	408	256	120	394	331	335	329	333	195	204	399					314	321											
"WY"	2010	"Sweetwater"	"RS County Events Complex  6-2"	380	12	48	209	115	366	226	113	374	241	105	362	316	319	313	315	194	166	360					285	297											
"WY"	2010	"Sweetwater"	"RS County Events Complex 6-4"	94	14	18	63	17	93	65	20	92	69	19	93	84	84	82	82	63	30	93				82		82											
"WY"	2010	"Sweetwater"	"RS County Events Complex 7-1"	406	14	18	307	69	397	302	73	398	318	54	392	354	356	350	352	268	124	392				342		345											
"WY"	2010	"Sweetwater"	"RS County Events Complex 7-2"	356	14	20	248	67	346	275	63	350	272	60	347	307	310	300	301	230	110	340				298		301											
"WY"	2010	"Sweetwater"	"RS County Office Building 3-5"	223	12	17	115	84	219	129	75	219	128	71	213	188	188	184	184	95	120	215				93	123	216											
"WY"	2010	"Sweetwater"	"RS East Junior High School 3-1"	248	12	48	114	96	238	133	93	245	139	84	233	186	187	188	189	95	147	242					187	191											
"WY"	2010	"Sweetwater"	"RS Fire Station #1 5-1"	185	12	17	107	50	181	121	46	181	113	51	176	145	145	148	149	87	89	176				70	105	176											
"WY"	2010	"Sweetwater"	"RS North Side Parish Center 3-4"	105	12	17	51	41	103	49	42	102	60	35	100	83	83	84	84	53	47	100				50	50	100											
"WY"	2010	"Sweetwater"	"RS School Admin. Bldg. 5-3"	1092	14	18	691	291	1060	745	275	1078	760	257	1055	907	912	904	907	541	513	1055				897		902											
"WY"	2010	"Sweetwater"	"RS South Side Parish Center 4-1"	371	12	17	183	136	359	208	119	359	202	125	349	282	285	281	282	165	189	354				143	220	364											
"WY"	2010	"Sweetwater"	"RS Sweetwater County Garage 4-3"	251	12	17	151	75	247	160	77	249	167	67	247	211	213	208	209	144	104	248				123	125	248											
"WY"	2010	"Sweetwater"	"RS Western WY Comm. College 5-2"	687	13	39	430	173	665	485	151	674	479	143	655	561	565	560	563	371	287	658	449		471		452	475											
"WY"	2010	"Sweetwater"	"RS Western WY Comm. College 6-3"	326	12	48	210	81	315	221	82	319	227	73	311	275	276	269	270	174	138	312					233	245											
"WY"	2010	"Sweetwater"	"RS White Mountain Library 4-2"	234	13	39	140	64	227	148	63	227	148	59	218	174	176	176	177	124	100	224	166		176		161	167											
"WY"	2010	"Sweetwater"	"RS White Mountain Library 5-5"	286	13	39	161	90	278	158	96	278	163	91	272	224	225	224	226	126	143	270	204		208		198	201											
"WY"	2010	"Sweetwater"	"Reliance Fire Station 12-1"	204	12	48	114	60	201	123	56	203	137	47	198	167	169	161	164	119	76	196					133	141											
"WY"	2010	"Sweetwater"	"Superior Administration Building 19-1"	114	12	48	73	35	112	62	39	111	74	26	112	89	93	89	92	58	53	111					79	85											
"WY"	2010	"Sweetwater"	"Wamsutter Town Hall 23-1"	118	12	17	83	19	108	84	16	115	88	15	110	99	100	103	105	74	32	106				74	29	103											
"WY"	2010	"Teton"	"Alta School 5-1"	229	17	23	141	74	226	151	68	227	153	56	217	175	177	174	176	146	67	213	175	48	224	182		187											
"WY"	2010	"Teton"	"Jackson Hole Airport  2-1"	735	17	16	424	280	729	461	252	732	464	220	705	557	558	560	561	403	284	687	453	272	725	462	255	717											
"WY"	2010	"Teton"	"Jackson Hole Christian Center 1-7"	566	17	23	224	304	556	258	285	561	280	226	521	377	383	383	390	202	329	531	272	281	553	404		417											
"WY"	2010	"Teton"	"Jackson Senior Center 1-8"	586	17	23	225	317	568	263	291	580	257	252	528	360	370	355	364	196	337	533	262	310	573	376		393											
"WY"	2010	"Teton"	"LDS Church 1-2"	457	17	23	168	256	448	205	240	453	200	202	416	281	291	278	291	165	255	420	189	256	445	291		308											
"WY"	2010	"Teton"	"Lower Valley Energy 1-1"	828	17	23	425	344	804	474	315	821	468	265	758	576	581	579	584	386	381	767	445	353	799	589		603											
"WY"	2010	"Teton"	"Moran School 3-1"	234	17	23	130	97	232	130	93	234	126	86	224	169	169	169	169	124	102	226	141	87	229	177		180											
"WY"	2010	"Teton"	"National Museum of Wildlife Art 1-3"	410	17	16	231	170	408	248	148	409	265	118	392	298	298	300	300	219	163	382	234	166	400	259	142	401											
"WY"	2010	"Teton"	"National Museum of Wildlife Art 2-2"	37	17	23	18	17	37	17	17	37	20	14	35	23	23	22	23	18	18	36	17	18	35	23		24											
"WY"	2010	"Teton"	"New Wilson Fire House 4-2"	524	17	16	262	231	506	291	220	519	295	181	489	389	390	377	378	245	240	485	265	250	515	285	225	510											
"WY"	2010	"Teton"	"Old Wilson School Community Center 4-3"	433	16	22	153	262	426	180	243	429	179	205	392	254	259	251	256	150	254	404				114	313	427											
"WY"	2010	"Teton"	"Presbyterian Church 1-6"	603	17	16	247	312	592	282	298	598	300	234	553	398	403	401	405	228	328	556	312	280	593	317	266	587											
"WY"	2010	"Teton"	"Recreation Center 1-4"	292	17	23	137	136	288	151	127	288	153	98	262	212	214	211	214	133	136	269	147	136	283	219		224											
"WY"	2010	"Teton"	"Teton County Fair Building 1-5"	603	17	16	231	328	581	262	306	592	267	252	545	393	398	397	400	197	349	547	261	319	581	293	284	578											
"WY"	2010	"Teton"	"Teton County Library 1-9"	545	17	16	191	306	525	219	292	533	226	223	479	352	357	349	356	183	321	504	241	283	524	252	270	526											
"WY"	2010	"Teton"	"Teton Village Fire House 4-4"	547	17	16	243	264	534	263	258	540	276	191	496	363	367	368	373	234	272	506	254	280	534	282	245	527											
"WY"	2010	"Teton"	"WYDOT 1-10"	575	16	22	342	185	554	378	162	569	383	137	543	418	422	428	432	331	203	536				239	319	559											
"WY"	2010	"Teton"	"Wilson School 4-1"	430	16	22	154	252	420	174	241	426	182	201	394	262	266	257	262	148	248	396				112	301	414											
"WY"	2010	"Uinita"	"Bear River Town Hall 2-2"	169	15	19	121	31	167	121	30	166	130	30	167	156	157	154	154	117	49	166	104	63	167	154		155											
"WY"	2010	"Uinita"	"Evanston City Hall Chambers 1-3"	653	15	19	458	135	633	460	123	640	472	127	633	564	565	556	558	394	230	625	346	288	636	557		561											
"WY"	2010	"Uinita"	"Evanston City Hall Conference 1-4"	92	15	49	38	45	91	43	42	91	46	38	88	70	71	73	74	32	57	89	33	57	90	28	63	91											
"WY"	2010	"Uinita"	"Evanston Library 2-1"	645	15	19	536	62	636	528	71	645	534	72	637	587	589	584	587	463	169	634	390	233	630	574		583	15	49			2	3	5				
"WY"	2010	"Uinita"	"Evanston Middle School 1-2"	1258	15	49	921	244	1231	966	201	1247	960	222	1235	1098	1104	1096	1101	749	476	1226	666	572	1240	689	548	1238											
"WY"	2010	"Uinita"	"Ft. Bridger Elementary School 4-1"	305	14	18	220	55	294	207	47	297	224	60	298	260	262	264	266	207	89	297				262		273											
"WY"	2010	"Uinita"	"Lyman Town Hall Chambers 3-1"	731	14	18	517	130	705	513	129	717	555	114	708	649	654	644	649	493	216	709				676		690											
"WY"	2010	"Uinita"	"Lyman Town Hall Conference 3-2"	376	14	18	294	53	368	271	47	367	308	46	368	339	346	342	349	287	80	368				332		342											
"WY"	2010	"Uinita"	"Machine Shop 1-1"	1119	15	49	758	262	1085	768	263	1100	803	222	1084	959	966	956	962	593	485	1078	503	593	1098	548	542	1094											
"WY"	2010	"Uinita"	"Mountain View Town Hall 4-2"	440	15	19	322	80	431	313	72	431	319	73	424	384	390	382	384	279	145	427	276	146	423	356		374											
"WY"	2010	"Uinita"	"Mtn. View School Admin. Bldg. 4-3"	354	15	19	286	40	348	272	50	352	285	45	345	313	315	313	314	256	81	338	232	109	341	264		284											
"WY"	2010	"Washakie"	"Fairgrounds 5-5"	990	20	27	809	133	965	742	162	978	835	102	975	883	890	881	888	641	326	968				819		835											
"WY"	2010	"Washakie"	"Methodist RER Building/Worland 5-1"	782	20	27	584	153	764	577	146	766	601	123	750	670	678	675	681	455	298	754				639		647											
"WY"	2010	"Washakie"	"Ten Sleep Senior Center 3-1"	428	20	27	346	51	422	330	53	423	354	40	420	383	385	385	386	272	149	421				371		374											
"WY"	2010	"Washakie"	"Worland Community Center Complex 5-3"	452	20	27	328	80	440	325	86	444	325	83	436	378	386	380	388	286	154	441				374		382											
"WY"	2010	"Washakie"	"Worland High School 5-2"	822	20	27	600	166	795	600	150	804	655	119	801	724	725	725	726	494	305	799				687		693											
"WY"	2010	"Weston"	"Kitty Moats/Osage 2-1"	147	1	1	115	12	144	81	11	147	106	12	136	118	118	120	120	124	18	142	117		117	122	16	139											
"WY"	2010	"Weston"	"State Forestry Building/Newcastle 1-1"	542	1	2	440	57	533	369	55	538	442	53	522	481	489	480	486	429	93	522	450		465	466		472											
"WY"	2010	"Weston"	"State Forestry Building/Newcastle 1-2"	365	1	1	307	38	361	243	43	357	301	38	356	309	312	314	317	281	72	355	285		288	299	46	345											
"WY"	2010	"Weston"	"State Forestry Building/Newcastle 5-1"	372	1	2	285	55	367	251	54	367	284	40	357	318	322	325	327	282	76	359	293		299	313		317											
"WY"	2010	"Weston"	"State Forestry Building/Newcastle 5-2"	266	1	2	200	47	261	159	50	261	200	46	256	228	230	229	230	190	69	259	224		228	229		231											
"WY"	2010	"Weston"	"State Forestry Building/Newcastle 5-3"	546	1	2	410	76	531	358	75	538	425	67	527	473	477	478	480	395	134	530	454		461	479		483											
"WY"	2010	"Weston"	"Upton Community Center 3-1"	208	1	1	173	14	200	132	16	205	180	12	200	181	181	189	189	160	33	193	178		180	184	13	197											
"WY"	2010	"Weston"	"Upton Community Center 4-1"	423	1	1	335	53	412	259	57	411	338	54	408	371	371	371	372	307	104	412	362		369	349	58	408											
